#filename,mean,variance,skewness,kurtosis,mode,gmean,hmean
acowoo,XC110258.ogg,3245.440204326923,6752.596825723223,1.2480237916697605,1.9529454315237045,3219.2138671875,3244.446291521649,3243.4714183009382,
acowoo,XC11569.ogg,,
acowoo,XC123309.ogg,3192.29736328125,423297.1658156468,-1.5646071707782205,1.3804184898546605,3423.779296875,3106.4084307896924,2994.6993717390005,
acowoo,XC124489.ogg,23.6865234375,23.18394184112549,1.5,0.25,21.533203125,23.35215093252857,23.0712890625,
acowoo,XC125254.ogg,,
acowoo,XC125478.ogg,3824.2052443484044,43246.30853426224,0.7318245029763377,0.7347067599522812,3789.84375,3818.7916611954447,3813.489364628352,
acowoo,XC125508.ogg,2853.1494140625,238562.76154518127,0.6580874669035117,-1.5011351297078597,2444.0185546875,2818.1933192058164,2785.8466659271935,
acowoo,XC129244.ogg,,
acowoo,XC129250.ogg,,
acowoo,XC135949.ogg,,
acowoo,XC135964.ogg,4656.55517578125,429038.16372156143,2.165197630081102,3.732217086108406,4565.0390625,4621.2876074981405,4591.237112659509,
acowoo,XC139095.ogg,,
acowoo,XC148026.ogg,,
acowoo,XC153315.ogg,366.064453125,52936.6672039032,0.0,-1.9970824231445468,161.4990234375,307.0444525191387,257.47355065259046,
acowoo,XC173144.ogg,8.97216796875,38.63990306854248,-0.0548202444686843,-0.04958677685950397,10.7666015625,0.0,0.0,
acowoo,XC173146.ogg,10.12060546875,53.985464572906494,0.07254520302291298,-0.8132740242771801,10.7666015625,0.0,0.0,
acowoo,XC187296.ogg,2835.3611158288045,72287.62229676303,-0.056384965389945994,-1.1934623200798238,2885.44921875,2823.057536476873,2810.6844802192168,
acowoo,XC191753.ogg,,
acowoo,XC196414.ogg,1901.3818359375,2755822.1747875214,0.13421414344486104,-1.9754095482943652,441.4306640625,1113.8443408120547,672.258645998541,
acowoo,XC196483.ogg,5883.94775390625,3062341.3754582405,-0.856753054441297,-0.6059451283496369,4166.6748046875,5551.06430780714,5112.514732230639,
acowoo,XC196695.ogg,5386.8896484375,38.63990306854248,0.7071067811865475,-1.5,5383.30078125,5386.887258514254,5386.884869652963,
acowoo,XC196706.ogg,2555.599698153409,145.4265442761508,0.13324015264052136,-1.2347195967233735,2540.91796875,2555.5738422252793,2555.547996496223,
acowoo,XC197925.ogg,2308.7631225585938,216077.55795121193,0.9435947174692031,0.9857729013210368,2034.8876953125,2265.60285196894,2224.030971471767,
acowoo,XC198388.ogg,521.96484375,881279.5419216156,1.2212458097328773,-0.5027933442436181,0.0,0.0,0.0,
acowoo,XC202266.ogg,,
acowoo,XC206650.ogg,3811.376953125,189379.68492507935,-2.264837829972136,3.135441658619693,3951.3427734375,3785.237499138718,3754.0224870304937,
acowoo,XC206686.ogg,2155.4736328125,892.5817608833313,1.2621071358631282,-0.05675493337831039,2142.5537109375,2155.3096900260425,2155.147438975207,
acowoo,XC212368.ogg,4374.967134915865,4233340.877291789,-0.9515982772479032,-0.2189059562018767,43.06640625,2766.8252195325235,370.4741613684805,
acowoo,XC217708.ogg,855.4962158203125,163869.93891842986,1.1060581333171378,0.28546422254286163,495.263671875,778.114561969704,715.5864180073459,
acowoo,XC217709.ogg,1927.2216796875,331.19916915893555,0.0,-1.64,1905.6884765625,1927.1464913996788,1927.0713039331802,
acowoo,XC217710.ogg,2844.17724609375,2635.4686828220592,-1.4999331591719332,1.3525000460228709,2874.6826171875,2843.7317319061217,2843.27813815846,
acowoo,XC217711.ogg,2272.6142578125,74071.92138433456,-0.2895192226491346,-1.2611657632614919,2325.5859375,2256.4702720354107,2239.9095239172157,
acowoo,XC217712.ogg,1922.9150390625,71765.28186547129,-0.9801261917536933,-0.5440566530413626,1970.2880859375,1903.2231693441156,1881.559507853982,
acowoo,XC217713.ogg,2748.47412109375,148162.6843214035,-1.0218870204316644,2.0243124658807155,2734.716796875,2718.2663781858396,2682.7455641386528,
acowoo,XC217717.ogg,2379.4189453125,77.27980613708496,0.0,-1.0000000000000002,2379.4189453125,2379.4067658054537,2379.3945862360642,
acowoo,XC217718.ogg,3220.0173449160447,47946.195272448276,-2.5684324978698023,6.861274169499165,3251.513671875,3211.642559546228,3202.040999605846,
acowoo,XC217719.ogg,2188.6962890625,3234.7118854522705,-0.2829312803722468,-1.8786153595266106,2131.787109375,2188.0599064710864,2187.420790349776,
acowoo,XC217722.ogg,2799.5556640625,385335.49662611703,-0.5010383668423612,-0.9442963189559421,1593.45703125,2723.790795539238,2639.4859084618915,
acowoo,XC217723.ogg,2215.9623579545455,33723.10085730119,-2.298978222744265,4.369297341667857,2217.919921875,2207.596299817051,2197.9574453452697,
acowoo,XC217724.ogg,2727.0263671875,35675.245890250575,0.23527145988586254,-1.1516400911611306,2497.8515625,2720.9983825244835,2715.025327138357,
acowoo,XC217726.ogg,1366.422172214674,363333.6049106281,1.1574437311793033,-0.29673998990695916,882.861328125,1264.877938986929,1189.0769446876473,
acowoo,XC217727.ogg,,
acowoo,XC217728.ogg,2177.16064453125,51667.707310273094,2.7891846212452776,6.946945624696513,2034.8876953125,2167.7874233142534,2159.7938859758797,
acowoo,XC217729.ogg,,
acowoo,XC217730.ogg,1746.881103515625,7258.709159336592,-0.30661799667687123,-1.167574330028226,1754.9560546875,1744.8851166832121,1742.8683475272526,
acowoo,XC217731.ogg,1821.5132279829545,278782.6853773811,2.7718060785091865,5.85574159885341,1679.58984375,1774.0798052574387,1742.073943595295,
acowoo,XC217732.ogg,2246.0787259615386,142031.36677925405,-0.7524309959465987,-1.2726104479066132,2562.451171875,2213.972387689309,2179.3256608670545,
acowoo,XC217733.ogg,2459.271240234375,389.03356953100723,-0.27820464856650884,-0.6207929721934882,2454.78515625,2459.1986289197525,2459.12591055516,
acowoo,XC217734.ogg,1513.4765625,37320.62637805939,-2.0160633136841115,2.1122227236562416,1571.923828125,1500.7918854136465,1485.7065714429975,
acowoo,XC217735.ogg,3158.203125,333066.30447506905,-1.320782032972771,-0.2300299890871349,3423.779296875,3102.1387053163176,3036.734296069826,
acowoo,XC217736.ogg,2518.7514361213234,212183.3565436742,1.0098033560640975,-0.30498318946447656,2228.6865234375,2482.7219157581435,2450.280769251686,
acowoo,XC217737.ogg,1768.414306640625,21254.70668077469,-2.198933242180147,2.964404978898971,1830.322265625,1762.4602091000963,1755.7385812017835,
acowoo,XC217738.ogg,6960.118519176136,2187.7210573716593,2.4236200225643674,4.720764141802338,6944.4580078125,6959.977103638061,6959.837131474991,
acowoo,XC217739.ogg,1881.2189275568182,332691.67305122723,2.045775075546278,2.6951571439385296,1604.2236328125,1821.7380168231957,1778.601852514334,
acowoo,XC217741.ogg,2153.3203125,0.0,0.0,-3.0,2153.3203125,2153.3203125,2153.3203125,
acowoo,XC217742.ogg,2518.487548828125,604667.9395030845,0.40576585889891603,-0.7353337865478897,2454.78515625,2408.121065680458,2296.570406256426,
acowoo,XC245856.ogg,7811.16943359375,38.63990306854248,0.0,-2.0,7805.7861328125,7811.167578562245,7811.165723531186,
acowoo,XC278662.ogg,325.98876953125,8889.071818660288,0.23564860773759286,-1.7151884579583165,226.0986328125,313.3059656915279,301.41152899973366,
acowoo,XC279570.ogg,4715.771484375,5483.002245426178,0.0,-0.778578101184916,4575.8056640625,4715.2177083088345,4714.663838364801,
acowoo,XC282229.ogg,1884.1552734375,77.27980613708496,0.0,-1.0000000000000002,1884.1552734375,1884.1398923897848,1884.1245112165097,
acowoo,XC283661.ogg,2277.13623046875,34.77591276168823,0.0,-2.0,2271.7529296875,2277.1298672201638,2277.123503989362,
acowoo,XC287772.ogg,,
acowoo,XC288792.ogg,1971.4018723060344,3505.2863791071136,0.29993746108183805,0.02267281900370932,1937.98828125,1970.5476319412187,1969.6973492793963,
acowoo,XC291875.ogg,,
acowoo,XC292758.ogg,3516.3720703125,7733.132600784302,-0.41461421207282145,-0.7197315935501138,3488.37890625,3515.3754449048206,3514.37188136505,
acowoo,XC295274.ogg,69.49351917613636,438.5879906741056,0.5270770857268279,-0.9653294513769253,53.8330078125,66.62101052592799,63.95589742044359,
acowoo,XC296926.ogg,21.533203125,66.23983383178711,0.0,-1.0000000000000002,21.533203125,20.03890346015751,18.45703125,
acowoo,XC297453.ogg,2900.7308467741937,208661.4595228626,-1.609204605375866,1.90362040183658,2745.4833984375,2857.3825058635143,2803.1668195130383,
acowoo,XC298941.ogg,3428.0859375,1338.0446434020996,-1.136617848724231,2.128798647191453,3413.0126953125,3427.902320434076,3427.717208111091,
acowoo,XC299421.ogg,4669.442471590909,3548827.450194142,0.8202194293782822,-0.5963289782241654,4080.5419921875,4332.839655036982,4023.5743496827204,
acowoo,XC306133.ogg,,
acowoo,XC323863.ogg,490.6494140625,30.572230999286358,-0.28867513459481287,-1.916666666666667,495.263671875,490.62042308724375,490.5913730837266,
acowoo,XC323864.ogg,,
acowoo,XC323865.ogg,2665.33203125,78828.62225174904,2.4618235707488414,4.088164824863717,2551.6845703125,2653.9780993612862,2644.2027335063535,
acowoo,XC323867.ogg,3154.6142578125,68706.29352681777,-3.200688069597634,9.744118892526368,3186.9140625,3142.009919607852,3126.492444852674,
acowoo,XC323869.ogg,3321.49658203125,193.1995153427124,0.0,-1.3599999999999999,3305.3466796875,3321.4747694660814,3321.4529568608054,
acowoo,XC323870.ogg,3791.63818359375,200653.15264463425,0.6607641830232144,-1.4926440893257125,3542.2119140625,3770.5173020142147,3750.437102346621,
acowoo,XC323871.ogg,2811.15966796875,475.2708077430725,-0.1422070026953161,-1.3048229669288565,2788.5498046875,2811.0835328534727,2811.0073438683735,
acowoo,XC328514.ogg,73.34747314453125,157.9406037926674,-0.9264039516978333,0.24144993406840065,75.3662109375,72.18114411613227,70.82874449339208,
acowoo,XC331397.ogg,268.7164306640625,7756.330542590307,0.2024885842255158,-1.5666141131773226,204.5654296875,254.85064960545847,241.73841200825902,
acowoo,XC331588.ogg,26.91650390625,29.979235139386407,0.0,-2.0,21.533203125,26.37268009197709,25.839843750000014,
acowoo,XC331589.ogg,28.15880408653846,68.36290542895976,-0.40116360095763254,-0.08979206049149324,32.2998046875,26.787180705088595,25.068505130597014,
acowoo,XC331590.ogg,,
acowoo,XC332645.ogg,4453.7841796875,38.63990306854248,-0.7071067811865475,-1.5,4457.373046875,4453.781286216536,4453.778391192036,
acowoo,XC338015.ogg,3095.99609375,536970.3988467946,-0.045958864749968825,-0.756722397246623,3703.7109375,3009.7807080081825,2920.5840583965933,
acowoo,XC344375.ogg,398.3642578125,77.27980613708496,0.0,-1.0000000000000002,398.3642578125,398.29149056902065,398.21871003836316,
acowoo,XC347905.ogg,1943.0126953125,575804.1075468063,-1.030758843518296,-0.906121411513086,2400.9521484375,1739.0643736737004,1487.4207829586485,
acowoo,XC349104.ogg,3499.1455078125,5901.36701410467,0.7575424316262989,-0.7951530612244895,3434.5458984375,3498.380441182919,3497.623344304748,
acowoo,XC349105.ogg,1927.2216796875,252776.30127393283,1.4639950114370375,1.1764409080163931,1614.990234375,1876.5366228582798,1834.9459023244335,
acowoo,XC349962.ogg,1009.66796875,1035514.8103237152,0.2717142225115031,-1.4951884958061794,32.2998046875,285.53520324114584,74.56834905220487,
acowoo,XC351206.ogg,3323.291015625,1931.995153427124,0.1639599254173322,-1.3457142857142859,3273.046875,3323.0200724236465,3322.749501406403,
acowoo,XC351207.ogg,2666.7526245117188,1288358.213044703,-0.8041773264910632,-1.346418887530704,1033.59375,2349.796265871919,1988.3650672763645,
acowoo,XC351208.ogg,509.619140625,1205946.8288982615,2.4683833804885382,4.106219558800493,118.4326171875,184.73505153456423,139.3740607287724,
acowoo,XC351209.ogg,104.0771484375,61.82384490966797,0.5846339666834284,-0.8671875,96.8994140625,103.80125420503246,103.53267644975716,
acowoo,XC351210.ogg,79.55322265625,288.2839826976552,0.9046773484116365,0.13233503879154762,75.3662109375,77.97642217538761,76.52242091684116,
acowoo,XC353595.ogg,1905.6884765625,107908.36930274963,0.7902949833642272,-1.2508512074018046,1614.990234375,1882.0334824641443,1860.407614797543,
acowoo,XC353598.ogg,,
acowoo,XC356757.ogg,2834.6923828125,143.51963996887207,0.19201160638565623,-1.143491124260355,2820.849609375,2834.6706950102835,2834.6490179581597,
acowoo,XC358615.ogg,2797.9705810546875,425704.78208363056,0.5732420372851357,-1.6047029884296868,2325.5859375,2735.7568686985933,2679.3654952849606,
acowoo,XC360352.ogg,2830.078125,5851.185321807861,-0.24556374195827296,-1.8663554645781417,2745.4833984375,2829.1882463894863,2828.294944356712,
acowoo,XC361772.ogg,2881.568234465843,1163116.3041233688,-1.7567677995796072,1.662758696465528,0.0,0.0,0.0,
acowoo,XC361773.ogg,,
acowoo,XC363447.ogg,540.72265625,73776.45492553711,0.4511827492650825,-0.8463803559764003,279.931640625,480.49843454383375,427.3685249691439,
acowoo,XC363564.ogg,2101.8798828125,330248.8115429878,2.438439664476279,4.019050376821507,1884.1552734375,2051.539595763533,2015.8488467388136,
acowoo,XC367251.ogg,30.98680449695122,30.110851293656886,-4.803389638763258,23.511704026978766,32.2998046875,0.0,0.0,
acowoo,XC373921.ogg,2482.7783203125,7814.920395612717,-0.09025393923674761,-1.5181731784421553,2347.119140625,2481.263367176063,2479.745273686668,
acowoo,XC376035.ogg,3613.271484375,50700.70481300354,0.12673969427806045,0.4747486250775603,3649.8779296875,3606.9567165085177,3600.632267786251,
acowoo,XC376286.ogg,,
acowoo,XC391842.ogg,1846.47216796875,38.63990306854248,0.0,-2.0,1841.0888671875,1846.4643205748414,1846.4564732142858,
acowoo,XC396471.ogg,,
acowoo,XC403203.ogg,3023.8521452872983,382781.50002471625,-0.5378519155203495,-0.7871652967498735,1981.0546875,2954.221400899502,2877.37634938882,
acowoo,XC413024.ogg,2139.862060546875,178773.03153276443,-0.5157868309340646,-1.7326042485229798,1625.7568359375,2100.4244147281515,2059.053657210539,
acowoo,XC423651.ogg,3605.3264749461205,1796911.8755980108,-0.48933980104465197,-0.9836789250221867,4145.1416015625,3294.822721231102,2940.2500080374502,
acowoo,XC433787.ogg,1518.0908203125,3138642.0464515686,0.2620785614723684,-1.8882170736971593,32.2998046875,262.73827194895046,60.70587612706255,
acowoo,XC435734.ogg,264.34840152138156,467871.71371485066,2.572426415252658,4.623245867135946,21.533203125,45.66772597405396,29.323073865248176,
acowoo,XC441342.ogg,1571.923828125,2444669.3873405457,0.20222819031847736,-1.8905523916112612,183.0322265625,696.6019943201412,332.66165856817764,
acowoo,XC448730.ogg,2572.5448608398438,565015.3636112809,0.4431593203692925,-1.6966930866839707,2034.8876953125,2475.2714193299207,2387.7426988876605,
acowoo,XC448731.ogg,2596.3893724524455,702833.9088818302,1.019810197556829,-0.44154063244842723,1927.2216796875,2482.933696106271,2389.3748990460654,
acowoo,XC448737.ogg,3419.677734375,170226.41004585638,-0.8781683523872812,1.9105880374894584,3154.6142578125,3392.6693198147386,3362.081366374066,
acowoo,XC448826.ogg,3337.646484375,360695.76716423035,-1.2833845539116242,-0.12961005251761382,2207.1533203125,3279.005825341466,3210.434192702163,
acowoo,XC450847.ogg,326.5869140625,231.83941841125488,0.78125,-0.609375,312.2314453125,326.2780851134765,325.97597794961325,
acowoo,XC450848.ogg,304.6314912683824,271.89990615143495,-0.5119445576281696,-0.6224830730830049,322.998046875,304.2027763388927,303.7653736615884,
acowoo,XC450849.ogg,2181.005859375,431911.3165140152,1.8765293567219576,1.756850967381225,1894.921875,2116.3686716768575,2068.2687339511267,
acowoo,XC451032.ogg,1955.066338900862,1018474.772692592,1.0054470348871425,-0.18903820718611852,1141.259765625,1743.6665063748183,1586.587113874905,
acowoo,XC451181.ogg,2020.9808349609375,209748.94382707452,0.9310499308339231,-0.6278115810341425,1959.521484375,1976.2736647167922,1936.8227450355823,
acowoo,XC451182.ogg,3421.229312294408,1083356.9933175195,-0.9098828048399376,-0.9727950390254594,1808.7890625,3222.2216074535154,2985.557740928983,
acowoo,XC451183.ogg,2413.8720703125,239674.64447021484,-0.12449810604610126,-0.26802760448736995,2045.654296875,2361.9036674829385,2306.0963332540696,
acowoo,XC451184.ogg,1888.1429036458333,169921.7809163607,0.7411369856600438,-0.3159076306070401,1410.4248046875,1847.6635811438957,1810.1988028035082,
acowoo,XC451185.ogg,1765.72265625,76951.36696100235,-2.4227989288490748,5.038686353986616,1658.056640625,1737.8942947921225,1699.2240362521532,
acowoo,XC451186.ogg,2249.322509765625,1084.551824764772,-2.187365427950285,4.3131275713419335,2250.2197265625,2249.0968456550704,2248.8663998120487,
acowoo,XC451200.ogg,2436.6165161132812,213365.19775539637,-0.25800226263841586,-1.9219723859231486,2831.6162109375,2393.8309864316207,2350.401997250559,
acowoo,XC451270.ogg,3874.541015625,15481.353163719177,1.3285794212017663,0.034023135726292786,3789.84375,3872.7254337213635,3870.9584601134834,
acowoo,XC451272.ogg,3324.6132298519738,538354.8800176696,-0.16495846777839315,0.2752580724913951,3488.37890625,3237.500357879728,3141.685766529131,
acowoo,XC451273.ogg,7324.51904296875,281070.51891088486,-1.5773801770342135,4.778454678569011,7504.3212890625,7304.158557786583,7281.584794578237,
acowoo,XC451274.ogg,3061.4597486413045,662171.407978054,-1.0537304522423565,-0.4965246764491358,1614.990234375,2928.3916450505826,2766.172149508901,
acowoo,XC451275.ogg,3561.7875532670455,249153.60770442273,-0.5086359743059539,-1.678724583888939,3962.109375,3528.289967811543,3493.4788362020563,
acowoo,XC451276.ogg,2904.449103860294,35348.692501292506,-3.366003468203447,10.414193274171378,2928.515625,2897.733997605612,2889.846537592939,
acowoo,XC451277.ogg,4179.056396484375,801240.3855998265,-0.48039140813993764,0.33416879164958013,4198.974609375,4074.4191972182402,3952.4717775989475,
acowoo,XC451278.ogg,3783.6322490985576,100972.3085485972,-1.3231994337686686,0.09513947261638878,3972.8759765625,3769.741632437744,3754.7592880644984,
acowoo,XC451363.ogg,1753.41796875,905.2777290344238,1.7908088024149655,1.620724271267103,1744.189453125,1753.2007850812536,1752.9876297774902,
acowoo,XC452359.ogg,2551.2858072916665,953800.328317678,0.4332662832811933,-1.5485148433414078,1798.0224609375,2376.6705713433757,2222.205217691692,
acowoo,XC452360.ogg,2416.3998811141305,839731.0789182723,1.146919197847578,-0.31999886290626645,1701.123046875,2279.771428916273,2171.6988719638634,
acowoo,XC453076.ogg,2175.62255859375,231722.8617805701,0.8861680541755466,-1.1354223480009291,1894.921875,2131.1449981414808,2092.1588190375787,
acowoo,XC466411.ogg,,
acowoo,XC466412.ogg,,
acowoo,XC466413.ogg,,
acowoo,XC466414.ogg,2070.5520629882812,1943.10412555933,-1.0686870174236356,1.7521143803443398,2056.4208984375,2070.1052913454037,2069.651411143238,
acowoo,XC466415.ogg,3269.0093994140625,578397.139041968,-0.8514248281057732,-1.1859508353096433,3779.0771484375,3169.418953392199,3057.56117318566,
acowoo,XC475160.ogg,,
acowoo,XC475161.ogg,,
acowoo,XC475162.ogg,,
acowoo,XC481135.ogg,2477.471923828125,118636.00239157677,-0.5117746676431079,-0.8004738289488627,1873.388671875,2452.8821436755757,2426.829662407432,
acowoo,XC481208.ogg,3130.927734375,17374.70841407776,-0.5457819324252334,-1.3275385534195656,3229.98046875,3128.2970913020195,3125.627334427191,
acowoo,XC489983.ogg,2441.082208806818,651146.2981809269,0.5819491831584441,-1.6379296788078799,1851.85546875,2330.503787918556,2235.8703499489866,
acowoo,XC492228.ogg,4254.60205078125,32625.518156134563,2.0695045902834757,2.674403075385987,4209.7412109375,4251.12316767633,4247.830995124691,
acowoo,XC493438.ogg,5713.297119140625,467952.9185216678,-1.3965968232226826,0.11998075136076247,4392.7734375,5669.326399213533,5620.091802980466,
acowoo,XC493594.ogg,4024.017333984375,3143.0048427798533,-1.9618914916061199,3.5684058095245454,4005.17578125,4023.6529026942335,4023.2818889633745,
acowoo,XC494256.ogg,6533.173828125,999.4854927062988,1.0391889223704167,-0.3312254224678499,6503.02734375,6533.105201721221,6533.036792587167,
acowoo,XC494259.ogg,3776.0009765625,1265986.7441654205,-0.2885363703829261,-1.9163106121141522,2562.451171875,3620.86932571076,3463.7606712210218,
acowoo,XC511151.ogg,1724.9400745738637,201778.23245864018,3.2477380192108356,12.208033501106707,1561.1572265625,1685.439037324181,1656.7582178056332,
acowoo,XC513775.ogg,,
acowoo,XC518037.ogg,46.6552734375,93.83976459503174,0.5188292571614564,-0.37889273356401354,43.06640625,45.74471979997086,44.86083984375,
acowoo,XC518038.ogg,40.673828125,370.2990710735321,0.7694683437366487,-0.8521361058601133,32.2998046875,37.0725494512317,34.08522102701005,
acowoo,XC518209.ogg,17.9443359375,28.101747686212715,-0.7071067811865475,-1.5000000000000004,21.533203125,17.090914646434957,16.149902343750004,
acowoo,XC527698.ogg,3308.935546875,4008.469944414885,0.31534227533338444,-0.6407136066844239,3273.046875,3308.3571781743967,3307.780920798373,
acowoo,XC531816.ogg,,
acowoo,XC540572.ogg,3191.0550631009614,114848.1949705344,0.001557797182633261,-1.0426741988647767,2788.5498046875,3174.32550490794,3157.5391834010316,
acowoo,XC546788.ogg,2723.9501953125,1622.8759288787842,0.0,-1.2500000000000002,2670.1171875,2723.6948309640925,2723.439454647316,
acowoo,XC560602.ogg,1771.46484375,2867487.078666687,-0.07901379522815898,-1.9447728742446417,43.06640625,423.1770729480642,85.30356211815615,
acowoo,XC565034.ogg,3180.76171875,95589.60020542145,1.9693254176462092,2.0112002515125385,3100.78125,3169.201812170423,3158.8596607183003,
acowoo,XC571063.ogg,2613.1175321691176,390547.7578180997,-0.22970533475484967,-1.6398347966125846,3251.513671875,2535.8561405830205,2456.2457076906794,
acowoo,XC575709.ogg,3547.59521484375,16673.11817407608,0.6387695813808446,-1.0649950969137183,3445.3125,3545.509642703065,3543.45414427391,
acowoo,XC576183.ogg,19.06217981557377,40.16016154992776,0.08650741976792393,-0.4271462548139584,21.533203125,17.938201810182647,16.768409242021278,
acowoo,XC578547.ogg,121.66259765625,477.1011189410561,-1.8943223954768407,1.883255604031894,129.19921875,119.20000614338129,116.00521861124814,
acowoo,XC581838.ogg,3776.923828125,1179.805040359497,0.4943153985063619,-0.5262294769359852,3736.0107421875,3776.78365017268,3776.643861864761,
acowoo,XC581841.ogg,,
acowoo,XC582643.ogg,,
acowoo,XC587104.ogg,4062.0849609375,2106172.796487808,-0.9476328954701725,-1.1004703001823908,1937.98828125,3765.5951712669025,3414.626000980217,
acowoo,XC587105.ogg,2958.662109375,126388.9149427414,-0.5823082971946012,-1.552795177770771,2476.318359375,2937.6870796528665,2915.8352794414213,
acowoo,XC615065.ogg,3520.5130709134614,208896.34435050763,2.0506999918400113,3.9171666626643313,3273.046875,3495.2667188250966,3473.3846887230466,
acowoo,XC615378.ogg,1536.3472316576087,154957.61854846484,-1.43863096228722,2.5149191918066407,484.4970703125,1460.4934295645876,1338.0922938605293,
acowoo,XC616747.ogg,3782.0472454202586,108988.51004140133,-0.9977291973292511,2.1523968410508845,3800.6103515625,3767.0621812376594,3750.8065108565334,
acowoo,XC616748.ogg,,
acowoo,XC616749.ogg,3190.14404296875,1144128.7500670082,-0.4284050627258825,-1.0692128153014573,1701.123046875,2987.735097318443,2765.004731865505,
acowoo,XC616750.ogg,3604.326923076923,41585.57149446927,0.39913940450412855,-1.323814132181452,3391.4794921875,3598.8522081913898,3593.4567822902145,
acowoo,XC616751.ogg,2604.287109375,338872.6642622667,-0.5851283705628971,-0.8580874844775432,1582.6904296875,2532.2813090047794,2451.799824967668,
acowoo,XC616752.ogg,141.50390625,209.75947380065918,-0.271676526951981,-0.8760387811634347,139.9658203125,140.85280295485472,140.1868942644941,
acowoo,XC617299.ogg,67.43292557565789,20026.316078085645,2.5579673696467404,4.577791374604704,21.533203125,26.05556785288653,18.803151024376128,
acowoo,XC8914.ogg,551.4892578125,1011335.0629806519,2.240107854247885,3.4692721903506705,0.0,0.0,0.0,
acowoo,XC9135.ogg,3403.01513671875,127450.96027851105,-1.6513205795587977,6.069947152716189,3509.912109375,3381.748315151387,3355.951455981926,
