#filename,mean,variance,skewness,kurtosis,mode,gmean,hmean
ameavo,XC133080.ogg,3068.949558423913,13525.493342885862,0.042339454098254216,-1.638282482456431,2939.2822265625,3066.842725710404,3064.7385049025042,
ameavo,XC139829.ogg,2563.1457913306454,1022542.7122846729,-1.42430466987185,0.23149735686948647,570.6298828125,2193.8103473000606,1645.7541126480621,
ameavo,XC139921.ogg,,
ameavo,XC155039.ogg,,
ameavo,XC166076.ogg,,
ameavo,XC178760.ogg,2861.8972778320312,228890.71080833673,-0.6308837467938788,-1.3606709251566398,2185.6201171875,2821.204541643748,2777.8555275411595,
ameavo,XC178761.ogg,3116.1099708686443,18376.08552097508,-2.122591282205267,3.2886861875260553,3176.1474609375,3113.0172081537908,3109.7179443195964,
ameavo,XC179043.ogg,2935.969426081731,53581.65635512426,1.0366559459719271,-0.6208410106313913,2756.25,2927.9456840179646,2920.3240139671875,
ameavo,XC179466.ogg,3197.0473345588234,731.3169889590318,-0.29753252400139835,-0.6413435049798735,3186.9140625,3196.939506627165,3196.831497191199,
ameavo,XC185513.ogg,,
ameavo,XC234550.ogg,,
ameavo,XC304441.ogg,2827.5787353515625,143672.129586339,-0.006587872109753187,-1.9872219924877337,2454.78515625,2805.246047051734,2783.0726644879956,
ameavo,XC304446.ogg,3066.17431640625,13646.042690827297,-0.7715571027058779,-0.9650809899666282,3154.6142578125,3064.066749597381,3061.918565621589,
ameavo,XC304534.ogg,2813.671875,5657.985806465149,-0.31111073197884875,-1.097039857227841,2702.4169921875,2812.727986534892,2811.778810665191,
ameavo,XC304643.ogg,2428.1853170955883,5942.589798394371,0.18530119818871293,-1.3252173928070292,2390.185546875,2427.037371212973,2425.893610558513,
ameavo,XC304644.ogg,2869.29931640625,193.1995153427124,0.0,-1.3599999999999999,2853.1494140625,2869.2740661492708,2869.2488158300753,
ameavo,XC304674.ogg,2763.427734375,1229.4514612718062,-0.3158264275856535,-1.4493061224489796,2788.5498046875,2763.223283992331,2763.0183105128053,
ameavo,XC304676.ogg,2617.9841694078946,19333.69260933118,-0.1945721504341466,-1.1169291975941207,2702.4169921875,2614.357414941,2610.702192772777,
ameavo,XC304677.ogg,2622.1568714488635,263.45388455824417,-0.09107359661282528,-0.8928320000000025,2627.05078125,2622.1111846198546,2622.0654804587393,
ameavo,XC304679.ogg,2607.2175678453946,1342.9061048909236,-0.4687917430197565,-0.8719074264574633,2583.984375,2606.9725053359352,2606.7263703080193,
ameavo,XC304680.ogg,2557.8369140625,40682.29794502258,2.0300544955595647,2.1423333621764122,2476.318359375,2551.619696136804,2545.9625520111504,
ameavo,XC304681.ogg,4380.21240234375,1745.8210750059648,0.053430239834531976,-1.1250197361229752,4371.240234375,4380.02977341225,4379.847198220625,
ameavo,XC317972.ogg,3064.1748046875,498.454749584198,-1.2864700617061375,-0.030557057869117443,3068.4814453125,3064.109368849756,3064.043565226489,
ameavo,XC318019.ogg,2773.1020720108695,1768.5773815562131,-0.18896768400358355,-1.1101690649413416,2745.4833984375,2772.7964386841563,2772.490208330453,
ameavo,XC324488.ogg,2709.95361328125,413.44696283340454,0.35053628458781005,-0.8670917401810931,2691.650390625,2709.885069927553,2709.816638593217,
ameavo,XC324505.ogg,3530.2490234375,1780879.7960421618,0.9884096137686689,-1.016706797198455,2734.716796875,3332.736018097202,3180.438856921992,
ameavo,XC324509.ogg,2750.210199123476,71093.84038680937,0.04260749824489612,-1.934538380948111,2454.78515625,2737.601931294397,2725.078021282805,
ameavo,XC324558.ogg,3046.9482421875,837.1978998184204,-0.17644648955913622,-0.9920710059171602,3057.71484375,3046.8179399291766,3046.6874904623187,
ameavo,XC324577.ogg,2919.90234375,303.9672374725342,0.1588746032308359,-0.8147084171215169,2917.7490234375,2919.855524759624,2919.8087328509214,
ameavo,XC383881.ogg,4404.212951660156,70749.17951971292,-0.27381944506274764,-1.7129082271863085,4091.30859375,4396.592183147264,4388.896796752533,
ameavo,XC421940.ogg,3059.2529296875,4846.547842025757,0.8879578741481986,-1.108733609725977,3014.6484375,3058.5822384985377,3057.91989837955,
ameavo,XC452798.ogg,3038.8005437077704,95436.73139971656,0.574798229289524,-1.3295685243920952,2885.44921875,3024.024891287978,3009.809891879139,
ameavo,XC480759.ogg,2832.2891235351562,40455.49551397562,0.7903781136224808,-1.3434857006882774,2723.9501953125,2825.819097289954,2819.5865376975353,
ameavo,XC480761.ogg,3357.38525390625,671.6524327502531,-0.21554945072484338,-0.45932644489680197,3348.4130859375,3357.290677513222,3357.1959937129873,
ameavo,XC544029.ogg,2769.357167119565,467503.7290456267,3.809259252598479,14.170232018999709,2497.8515625,2716.6683304309563,2681.300956106477,
ameavo,XC554599.ogg,2729.33349609375,4921.318563548001,-0.30892838327456423,-1.8176157440311063,2648.583984375,2728.502704150766,2727.667885293875,
ameavo,XC554601.ogg,2433.251953125,92.73576736450195,0.0,-1.5,2422.4853515625,2433.236073078054,2433.2201930311116,
ameavo,XC554604.ogg,2852.431640625,3534.999132156372,-1.4776418380978837,2.685082636905963,2842.3828125,2851.8411949840897,2851.2382266883574,
ameavo,XC554605.ogg,2842.921142578125,1091.780629597212,-0.3845543834441839,-0.7806743584573046,2842.3828125,2842.7381759912446,2842.554662560905,
ameavo,XC554607.ogg,2765.478515625,687.2382760047913,-0.873556091714259,0.15441138046160496,2777.783203125,2765.3595282195924,2765.2398861476945,
ameavo,XC570253.ogg,2716.7724609375,30.911922454833984,0.7071067811865475,-1.5,2713.18359375,2716.767724196637,2716.7629916309365,
ameavo,XC583593.ogg,2980.4486443014707,554.0280219386606,-0.10125412043405364,-1.142063905325441,2971.58203125,2980.361119115221,2980.2735468357805,
ameavo,XC587206.ogg,34.453125,81.14379644393921,-0.3436215967445456,-1.153061224489796,32.2998046875,33.416205961751636,32.2998046875,
ameavo,XC99571.ogg,2960.8154296875,3390.6514942646027,-0.3445292066686242,-0.5951128643436334,2950.048828125,2960.2739730718095,2959.729973615631,
