#filename,mean,variance,skewness,kurtosis,mode,gmean,hmean
amecro,XC109768.ogg,1703.607647235577,27619.564929375276,3.0329264617060594,7.548797402432131,1679.58984375,1697.0345998095372,1691.4935261678627,
amecro,XC110263.ogg,1964.4906850961538,2143270.712655324,1.909734791168181,1.6632264753616868,1324.2919921875,1678.3247328110265,1537.0995127670467,
amecro,XC112598.ogg,1430.16357421875,4558.372094350702,0.7308219703014442,0.060917368784085824,1367.3583984375,1428.6883023011233,1427.2422739245656,
amecro,XC112829.ogg,1294.9285333806818,2011.2822272560811,0.4662963897928705,-1.0948193433492266,1281.2255859375,1294.1944475502933,1293.4678244419458,
amecro,XC114550.ogg,1848.1105638586957,15845.262069004797,0.5942783617386141,-1.418833451777377,1744.189453125,1844.1089928809265,1840.2142580901268,
amecro,XC114551.ogg,1240.1167436079545,529.0154001929543,0.14029798162251925,-0.953611847430992,1248.92578125,1239.923115486612,1239.7297758161537,
amecro,XC114552.ogg,1573.9425659179688,1765.3605714440346,-0.013440808002251612,-1.8123506767896609,1528.857421875,1573.4165652770428,1572.890552526675,
amecro,XC114555.ogg,1667.02880859375,97687.19494342804,4.322747177727298,21.06469837564304,1442.724609375,1647.2541894719816,1632.8037378183594,
amecro,XC114556.ogg,972.8701171875,2191.6553020477295,0.3526714969357435,-1.0084832627451605,925.927734375,971.7990280612702,970.7388056244281,
amecro,XC114557.ogg,1470.7744397615131,247.7515833306618,0.7098986903865661,-0.11959413179918599,1464.2578125,1470.692830436847,1470.6116185821,
amecro,XC114558.ogg,1779.180908203125,17622.430338100952,0.16669294097857065,-1.661457603349604,1625.7568359375,1774.6677687412005,1770.1946101435558,
amecro,XC114559.ogg,1472.332763671875,801.7779886722565,-0.8331504071506616,-0.9020177093917838,1431.9580078125,1472.1266173338317,1471.9185474564342,
amecro,XC114560.ogg,2034.2543658088234,381310.2122746846,2.288093565650109,3.4305848432666144,1862.6220703125,1971.463676572418,1927.5207438326463,
amecro,XC114561.ogg,1464.8099459134614,22963.9916236584,0.7542979552824882,0.2140716411462935,1388.8916015625,1457.464328528662,1450.3861841060327,
amecro,XC11504.ogg,1455.3369140625,68893.7132919536,-5.090767564262736,25.632982924567262,1528.857421875,0.0,0.0,
amecro,XC115429.ogg,1492.7576401654412,87257.70875373307,1.417320905653137,0.4730224597606769,1259.6923828125,1469.0659309861192,1448.8794436127362,
amecro,XC115938.ogg,1718.1103515625,11858.000798658892,-1.203927017013218,0.6438850103716822,1808.7890625,1714.5426807827853,1710.7705981574068,
amecro,XC115939.ogg,1735.576171875,5601.002564797034,-0.6207684648830176,-0.06215106652072011,1711.8896484375,1733.9715270199956,1732.3346502101388,
amecro,XC115940.ogg,1759.5703125,3587.9909992218018,0.3425487057920107,-1.4858532544378698,1690.3564453125,1758.7022565414868,1757.8404780551539,
amecro,XC121396.ogg,1347.8759765625,3102.2322177886963,-0.01850204502050646,-0.9855036663669408,1302.7587890625,1346.778070526689,1345.6786358507677,
amecro,XC122378.ogg,,
amecro,XC122380.ogg,,
amecro,XC122636.ogg,364.7186279296875,378939.45939838886,1.1541707296615475,-0.6668414627148898,21.533203125,79.91958778477523,39.465618646919026,
amecro,XC124432.ogg,,
amecro,XC130896.ogg,413.616943359375,200761.52000914922,1.7597985513808894,1.2518327833136684,172.265625,294.4599168202309,244.84461728430574,
amecro,XC130897.ogg,,
amecro,XC131445.ogg,1624.90234375,15549.326154493516,0.7515039075205054,-0.05611812809373218,1485.791015625,1620.343141260759,1615.9307650573085,
amecro,XC131447.ogg,23.6865234375,81.14379644393921,-0.3436215967445456,-1.153061224489796,21.533203125,22.046474057273816,20.1873779296875,
amecro,XC134495.ogg,1456.182861328125,3083.46426486969,0.8785424743360789,-0.8629468407861758,1421.19140625,1455.2106837653744,1454.2591397839988,
amecro,XC137865.ogg,1593.2327270507812,36406.13643809202,-1.6302514495092189,0.9445261712826825,1658.056640625,1580.266968252178,1565.364860896978,
amecro,XC144670.ogg,1684.434814453125,4069.086844983854,-1.7944396534129188,1.4706393571621783,1711.8896484375,1683.2333692694028,1681.9762192953924,
amecro,XC144701.ogg,1198.681640625,77.27980613708496,-0.6260990336999411,-0.9600000000000004,1205.859375,1198.654701846585,1198.62768734227,
amecro,XC149940.ogg,1401.5581916360295,1350.9760227273491,0.010017944495148236,-1.4434234592841007,1421.19140625,1401.104508771071,1400.650886186872,
amecro,XC152674.ogg,41.27197265625,158.42360258102417,1.1579713076618596,0.017846519928613525,32.2998046875,39.904126421259605,38.759765625,
amecro,XC155440.ogg,1498.3103197674418,2969.3674348121463,-0.1576907671966552,4.438820943082762,1496.5576171875,1497.3343089359387,1496.3467519963258,
amecro,XC155441.ogg,1509.716796875,2022.1549272537231,2.1706588022859523,3.3098325489877887,1507.32421875,1509.1443998618656,1508.5940988600394,
amecro,XC156835.ogg,,
amecro,XC157464.ogg,,
amecro,XC160878.ogg,1700.4501342773438,170543.60024150342,3.558281082832893,10.824061155318743,1614.990234375,1668.575907599053,1647.6537667059697,
amecro,XC160880.ogg,1559.7216796875,1473.2341224497015,-0.5469658487363346,-0.5344207236579548,1593.45703125,1559.2555265720996,1558.7849991576632,
amecro,XC163414.ogg,,
amecro,XC163415.ogg,,
amecro,XC164831.ogg,1650.87890625,11286.211687585583,0.7181325163926656,-0.27579684656782355,1614.990234375,1647.6883332528455,1644.5821277470175,
amecro,XC164832.ogg,1532.4462890625,1197.836995124817,0.6309038567106238,-1.5,1507.32421875,1532.1877161947014,1531.9311638344223,
amecro,XC167792.ogg,1636.5234375,55193.23754310608,-1.1379038751806314,-0.6780068382778874,1765.72265625,1618.7094284681666,1598.942978541253,
amecro,XC16896.ogg,1475.0244140625,5121.543515812267,0.9893675127713011,0.2388355433622924,1410.4248046875,1473.477371599865,1471.9737171092888,
amecro,XC172427.ogg,1286.9677734375,130357.78498649597,-3.3001270900947484,9.384942324741239,1356.591796875,0.0,0.0,
amecro,XC172825.ogg,1342.991879111842,2360.2769808952357,0.11729460227990035,-1.20720816293589,1291.9921875,1342.137947385016,1341.286071726511,
amecro,XC172875.ogg,1748.6227596507354,105067.57878205355,-0.36870758748654064,-1.8223672320326836,2002.587890625,1718.7438083678383,1687.96026495658,
amecro,XC172876.ogg,1228.16162109375,3307.5332412352927,1.2253313110278243,-0.2535615701846341,1195.0927734375,1226.954658489146,1225.7908004412043,
amecro,XC172877.ogg,1441.0862134850543,8150.2755543460025,0.9701087199337982,-0.7700861800531804,1410.4248046875,1438.4221508607072,1435.8616871378356,
amecro,XC172878.ogg,1322.5920024671052,15536.630498735529,1.7433745627689812,1.2475830425790342,1259.6923828125,1317.545010181216,1312.9832305680577,
amecro,XC172879.ogg,1759.2626953125,468.83082389831543,0.28338249432262846,-1.405144306243207,1787.255859375,1759.1430291762288,1759.0236260102406,
amecro,XC172883.ogg,1482.80029296875,5495.330214500427,0.5091695565442802,-0.34422519742180757,1431.9580078125,1481.0243497436159,1479.2738047524238,
amecro,XC177595.ogg,,
amecro,XC180081.ogg,1441.001953125,1127.1259725093842,-0.025085020951855247,-0.8043672329019689,1421.19140625,1440.626195710871,1440.2501569796939,
amecro,XC181497.ogg,1383.2068359375,3596.457589595549,0.9922859648946276,1.1629258221536967,1399.658203125,1381.9499562991418,1380.7242596101166,
amecro,XC182074.ogg,1357.489013671875,7006.995149634101,1.490409731291858,0.5714495788944407,1313.525390625,1355.250424145672,1353.1352581193,
amecro,XC187481.ogg,1432.894234035326,48896.12461267253,1.3664120272237033,-0.07454153618521842,1313.525390625,1418.446217924843,1405.8067092965543,
amecro,XC188842.ogg,1384.7506009615386,164.96266310031595,-0.13060334047410588,-1.411857803749691,1399.658203125,1384.6955737342764,1384.6405034552763,
amecro,XC191952.ogg,1246.533203125,29437.166154384613,2.4132420741488456,3.9548209582818368,1184.326171875,1237.7821610389408,1230.5195675162445,
amecro,XC191954.ogg,1347.021484375,520.1525413073026,-0.7171764525832828,-0.2751183673469386,1367.3583984375,1346.8340248601628,1346.6450230189969,
amecro,XC193111.ogg,1800.4150390625,6803.842931985855,0.02325255436251468,-1.7015801937345472,1754.9560546875,1798.7353263999112,1797.0573323872736,
amecro,XC193112.ogg,1527.590762867647,2142.8099186981426,0.005200161436272723,-0.7731946920633477,1453.4912109375,1526.930224309493,1526.2693359124726,
amecro,XC193113.ogg,1653.75,906.7497253417969,-1.0111765405512783,1.6526988636363633,1658.056640625,1653.5002354294018,1653.247356919441,
amecro,XC193114.ogg,1693.58642578125,47357.47193662744,-0.22535104772715953,-1.8616334164483979,1894.921875,1679.982971675379,1666.2078921886753,
amecro,XC195540.ogg,1423.883056640625,87759.49984788895,0.04715068873092604,-1.9272355773140215,1162.79296875,1396.7933572512588,1370.3197777605872,
amecro,XC196022.ogg,1467.333984375,27.59993076324463,0.9486832980505138,-1.1,1464.2578125,1467.3259399660665,1467.31791242163,
amecro,XC196757.ogg,902.001953125,541625.3706988166,-0.4509813547526142,-1.789689663578148,10.7666015625,0.0,0.0,
amecro,XC197259.ogg,1134.7061820652175,1230.2150957198012,0.28705885249064345,-1.6938366467962955,1098.193359375,1134.1904774082714,1133.6778640901127,
amecro,XC197260.ogg,1280.2468039772727,418.5153137553822,-0.5492414277821449,-0.626675637906938,1291.9921875,1280.0898545472835,1279.9319793722868,
amecro,XC197261.ogg,1213.4358723958333,488.7782610379733,3.55873683091597,13.879760774287853,1205.859375,1213.2496789521113,1213.070841173056,
amecro,XC197262.ogg,1433.224666819853,14421.568955967132,-0.5187947497067976,-0.4377148492623224,1464.2578125,1428.165777566644,1422.9303370876275,
amecro,XC205240.ogg,1192.401123046875,106.25973343849182,0.49338220021815865,-1.371900826446281,1184.326171875,1192.3677865087388,1192.3345320281815,
amecro,XC205241.ogg,1188.3636474609375,97.28975594043732,0.39104231763265346,-0.46627433227704795,1184.326171875,1188.3279002264899,1188.2922232700344,
amecro,XC206082.ogg,5.872691761363637,29.63856201280247,-0.1825741858350555,-1.9666666666666666,10.7666015625,0.0,0.0,
amecro,XC216629.ogg,,
amecro,XC233496.ogg,1980.878185835041,102927.01012677836,0.07790883669316165,-1.24619833366299,1593.45703125,1955.1337312537555,1929.4773828407338,
amecro,XC233806.ogg,,
amecro,XC243424.ogg,,
amecro,XC244483.ogg,1449.64599609375,581.5093104655926,-0.6855376207877392,-0.7515850517473659,1464.2578125,1449.4583459372075,1449.269294169478,
amecro,XC244670.ogg,1354.07958984375,932.820556492641,-0.9299207980472471,1.7670398709136181,1345.8251953125,1353.7416817548299,1353.3986257279387,
amecro,XC253628.ogg,1441.3787841796875,3690.800741314888,-2.209668466483832,2.997978980770907,1464.2578125,1440.1882537115068,1438.9239593364991,
amecro,XC253973.ogg,,
amecro,XC264942.ogg,3098.7874348958335,1415379.9796562928,0.14450474117414996,-1.560709419474611,1873.388671875,2872.5568239337695,2659.364820020944,
amecro,XC266710.ogg,1756.494140625,2032.978429513819,0.9342366921000499,-0.17543735387959636,1722.65625,1755.9404251337314,1755.395112485099,
amecro,XC268481.ogg,1396.966552734375,13558.866631600165,0.15016256093638827,0.2193455429607032,1388.8916015625,1392.2607059441273,1387.5385272693559,
amecro,XC279721.ogg,1791.6891659007354,6738.685448380077,-1.5310033414718285,1.8188287063100255,1798.0224609375,1789.830737655541,1787.8790210519712,
amecro,XC279723.ogg,1651.5966796875,27900.21800994873,-1.858334366149897,2.003479831738378,1711.8896484375,1642.5513590310163,1632.211423448969,
amecro,XC279748.ogg,110.7421875,221.6486747448261,0.7356910152852454,-0.8727705112960757,96.8994140625,109.86083645911728,109.03056172720245,
amecro,XC287325.ogg,1447.509765625,32.1999192237854,0.22360679774997896,-1.95,1442.724609375,1447.4998843486565,1447.4900085802024,
amecro,XC287517.ogg,,
amecro,XC287852.ogg,1426.57470703125,38.63990306854248,0.0,-2.0,1421.19140625,1426.5645498238052,1426.5543926886794,
amecro,XC289011.ogg,1648.7678079044117,90867.23256952623,0.7610116679621013,-1.2970805477931322,1475.0244140625,1623.7794797281197,1601.1034555213334,
amecro,XC293246.ogg,1498.7109375,312.9832148551941,1.1642636431747204,-0.1872427983539091,1485.791015625,1498.6280774643446,1498.5458899543305,
amecro,XC293291.ogg,1272.8515625,3116.9521808624268,0.7549506846934637,-0.8146204584036534,1367.3583984375,1271.7182983010518,1270.6084753759071,
amecro,XC293812.ogg,1394.873046875,321.999192237854,-0.1025304832720494,-1.1967,1378.125,1394.7703542728582,1394.6675720257726,
amecro,XC296308.ogg,1446.7620849609375,219.86944843893465,0.8272582275424625,0.5906848055434684,1442.724609375,1446.6896561213764,1446.6176152454598,
amecro,XC297898.ogg,1530.0537109375,3809.250444173813,0.2557394132247374,-0.8999695603180875,1464.2578125,1528.953138787322,1527.8588423870292,
amecro,XC306320.ogg,720.9707919034091,489322.696371512,0.20109889799362335,-1.9243088014376646,75.3662109375,312.8884659390776,143.0547615825555,
amecro,XC309641.ogg,1641.30859375,62730.428441878285,-0.44817172024039154,-0.922842025272951,1582.6904296875,1621.263000676641,1600.0704755735128,
amecro,XC312752.ogg,202.73713885613208,104384.5204358004,2.362600646586514,4.679362844323063,43.06640625,91.33107218301403,62.41861775239755,
amecro,XC314874.ogg,1526.5022277832031,89645.08148871602,0.7236272693583824,-1.3524980254263992,1324.2919921875,1500.1965952822077,1476.4071213296113,
amecro,XC315688.ogg,1436.3625266335227,6542.939950119366,-0.3704658496267278,-1.5401097503680714,1507.32421875,1434.155590189093,1431.9192536200044,
amecro,XC316302.ogg,1336.673583984375,1662.8377233680926,-1.538284662617028,3.329487391901048,1324.2919921875,1336.063016881307,1335.4316020935353,
amecro,XC317205.ogg,1302.1254595588234,209.67829753370845,0.9033190303406273,-0.06870910172513556,1291.9921875,1302.0501635609412,1301.9753475214745,
amecro,XC318014.ogg,1408.271484375,5761.209547519684,0.4055063221313413,-1.8105271467841253,1356.591796875,1406.6551464687095,1405.0612685645165,
amecro,XC320383.ogg,1707.403564453125,2623.122510584918,0.32902936622073387,-1.6425250407159964,1658.056640625,1706.7036081472772,1706.0081720798962,
amecro,XC322267.ogg,1208.551025390625,255.02336025238037,0.8229125554269352,0.6225895316804411,1195.0927734375,1208.452781236348,1208.355198121912,
amecro,XC322281.ogg,,
amecro,XC325096.ogg,1545.4214242788462,4107.71892620967,0.25742459330565487,-1.378373956241191,1496.5576171875,1544.2019728525913,1542.9906856012128,
amecro,XC325935.ogg,1313.2806951349432,3296.910926038065,-0.20404570892665194,-0.8011785527156889,1227.392578125,1312.0448190307382,1310.8001106869178,
amecro,XC327683.ogg,1458.87451171875,1147.6051211357117,0.6752103018887674,-1.4123048668503213,1431.9580078125,1458.5497951417276,1458.2281930469524,
amecro,XC328541.ogg,1629.5568129595588,39832.05772498075,3.5248166307863658,11.031278685415433,1571.923828125,1620.4583264815485,1613.241540528708,
amecro,XC328542.ogg,1523.2400645380435,1495.0435222844362,0.7378988946620734,-0.2598175627718531,1528.857421875,1522.7760735705986,1522.3174693080384,
amecro,XC332328.ogg,280.79296875,6654.950505495071,-0.18405670894255857,-1.4340384723307869,183.0322265625,268.4289341661549,255.57677624251735,
amecro,XC333146.ogg,2104.87060546875,38.63990306854248,0.0,-2.0,2099.4873046875,2104.8637214411497,2104.856837436061,
amecro,XC344949.ogg,87.3291015625,75438.55621056123,4.411646272507511,17.493167485685543,21.533203125,32.15237474562589,26.404069374682095,
amecro,XC345874.ogg,1259.6923828125,695.5182552337646,1.7888543819998317,1.2000000000000002,1248.92578125,1259.4674200537927,1259.2474819214876,
amecro,XC351540.ogg,1340.44189453125,5658.989440311085,2.684920472846339,5.946193939015636,1324.2919921875,1338.6722071910435,1337.0535019512145,
amecro,XC357301.ogg,,
amecro,XC357303.ogg,1289.300537109375,256.67935609817505,0.17381158260655635,-1.3381893860561915,1270.458984375,1289.2135482832807,1289.1266749059714,
amecro,XC361336.ogg,1875.69580078125,328401.4394500039,-1.176474222392307,3.982027871595526,1798.0224609375,0.0,0.0,
amecro,XC363862.ogg,1309.7695993822674,16007.317983826924,0.5962327682406532,-0.9235221043399773,1248.92578125,1303.986238433414,1298.3970057622882,
amecro,XC364635.ogg,1399.658203125,2425.3969926100513,-0.25022570210653405,-1.4634515570934254,1356.591796875,1398.848623007178,1398.0344395129257,
amecro,XC371062.ogg,13.99658203125,98.83680469111393,0.6090534979423868,-0.3758573388203019,10.7666015625,0.0,0.0,
amecro,XC376180.ogg,1733.246349897541,1895.255573460313,-0.41351793058636094,0.6676709225939415,1744.189453125,1732.7043387456335,1732.157869192446,
amecro,XC376182.ogg,1562.1360085227273,868.3440035039728,2.4174268056550208,4.753876425676321,1561.1572265625,1561.8903798777708,1561.6515915643583,
amecro,XC37647.ogg,,
amecro,XC37649.ogg,4638.0126953125,8342994.11704907,-0.37622077736836107,-1.8561120663179977,1291.9921875,3430.7096737057827,2384.517250393089,
amecro,XC37651.ogg,1358.2481971153845,3030.2600906445427,0.40960318038633287,-0.5854218174724766,1291.9921875,1357.227994702022,1356.2173771796856,
amecro,XC379659.ogg,875.68359375,383810.15717983246,-0.7027176510833896,-1.4998073642027376,53.8330078125,436.0670067150404,138.39587021242605,
amecro,XC381507.ogg,1574.7325067934783,93444.11467846202,0.0817392056420045,-1.9712796328243698,1259.6923828125,1546.377948449808,1518.793128513063,
amecro,XC388254.ogg,1685.7421875,7592.104031489445,-0.6726362245692596,1.6838029818476645,1647.2900390625,1683.5928544337332,1681.3784304133387,
amecro,XC388685.ogg,1394.27490234375,57.95985460281372,0.0,-2.0,1388.8916015625,1394.264509832468,1394.2541173986488,
amecro,XC393299.ogg,1263.28125,1118.2842535131117,-0.7932215714400562,-0.4354550862581794,1291.9921875,1262.857246909666,1262.4272485094102,
amecro,XC394319.ogg,47.27942425271739,81.55615904585646,0.11433684997821418,-0.506975129402853,43.06640625,46.43681126954172,45.57641152223926,
amecro,XC394321.ogg,73.01101684570312,947.8072191198027,-0.6340741841286963,-1.420895693629269,96.8994140625,64.47172794027503,54.54320580474934,
amecro,XC394324.ogg,47.1038818359375,137.1716558933258,0.17049539314897613,-1.1755604046816106,43.06640625,45.72445766102347,44.36024678111588,
amecro,XC394333.ogg,1358.984375,109.47972536087036,0.4137372427090386,-0.6046712802768166,1356.591796875,1358.9486404839515,1358.9129759839122,
amecro,XC403166.ogg,,
amecro,XC404830.ogg,,
amecro,XC407053.ogg,21.533203125,0.0,0.0,-3.0,21.533203125,21.533203125,21.533203125,
amecro,XC413030.ogg,1604.6817860704787,10361.999537964643,-0.13871115600586317,-1.1988187520175004,1658.056640625,1601.4953765982088,1598.287245833872,
amecro,XC414021.ogg,1361.1468975360576,3321.545513776632,-0.6112035176145838,-0.7935387991531941,1410.4248046875,1359.9520326977504,1358.7357442117968,
amecro,XC414931.ogg,1451.953125,1291.6767597198486,-0.27260907079445024,-1.8307582730659655,1410.4248046875,1451.570206546734,1451.1857672839665,
amecro,XC420508.ogg,1679.58984375,115.91970920562744,0.0,-1.5,1668.8232421875,1679.5668378759879,1679.5438320019828,
amecro,XC420981.ogg,,
amecro,XC422794.ogg,2768.81103515625,158.42360258102417,0.48756686638394087,-1.0101130279595474,2756.25,2768.7872265109863,2768.7634498235984,
amecro,XC424738.ogg,1666.51611328125,6637.358734240899,-1.503121710163994,1.2107831542423808,1711.8896484375,1664.571247920267,1662.5262312261993,
amecro,XC425502.ogg,1378.125,2185.9145164489746,0.6042673193530879,-0.6253443526170801,1324.2919921875,1377.4392980969221,1376.7618954528668,
amecro,XC425504.ogg,1236.0886793870193,334535.1855287185,-1.0385395832265514,0.509445576302241,1313.525390625,834.6546879517126,239.71457714674537,
amecro,XC448753.ogg,1325.0797923018292,1601.9538350221587,0.6954844199076615,-0.7600367931203604,1291.9921875,1324.497779158795,1323.9235619090548,
amecro,XC451028.ogg,1685.114810341283,12319.926357582997,-0.42486184457204224,-0.9545587677736078,1668.8232421875,1681.4278822632143,1677.6646783404751,
amecro,XC451209.ogg,1802.9571533203125,42041.653258369326,-1.7447645795222269,2.0579271277281768,1862.6220703125,1789.619282551592,1774.0560253286033,
amecro,XC451491.ogg,,
amecro,XC452143.ogg,,
amecro,XC452517.ogg,,
amecro,XC453754.ogg,1421.19140625,993.5975074768066,0.8763560920082658,-0.7866666666666671,1399.658203125,1420.8891341347464,1420.5904777927974,
amecro,XC454252.ogg,1366.9442983774038,3398.5875358948338,0.8509408142273303,1.2040767416406473,1356.591796875,1365.773730779054,1364.6264980401565,
amecro,XC456644.ogg,1196.514777417453,3250.378551521218,0.728733359770943,-1.0287125413492568,1152.0263671875,1195.2106133614411,1193.9356998563906,
amecro,XC459466.ogg,1492.96875,15650.103179419913,3.727997969719079,17.866076043233598,1561.1572265625,1488.6404568052164,1484.9236019517807,
amecro,XC460987.ogg,1241.6748046875,3667.8336560726166,0.6673141027914768,-0.6706569351764187,1184.326171875,1240.2561398809582,1238.866039488993,
amecro,XC462765.ogg,,
amecro,XC462766.ogg,,
amecro,XC462767.ogg,,
amecro,XC464018.ogg,415.5908203125,483232.8357696533,1.056655826831484,-0.8797683573206618,0.0,0.0,0.0,
amecro,XC475163.ogg,,
amecro,XC475164.ogg,,
amecro,XC475165.ogg,,
amecro,XC475166.ogg,,
amecro,XC478839.ogg,1513.7841796875,1599.6919870376587,-1.4472473207919645,0.18698802772526735,1528.857421875,1513.3515130420578,1512.9087955984687,
amecro,XC479493.ogg,1485.791015625,105.38155382329768,0.0,-0.4700000000000002,1485.791015625,1485.7570928127639,1485.7231684047988,
amecro,XC480052.ogg,1536.5478515625,143.51963996887207,-0.19201160638565623,-1.143491124260355,1528.857421875,1536.5077828900135,1536.467676477353,
amecro,XC481136.ogg,201.66672926682693,802.6994017454293,0.32534378661163593,-0.44581556612786644,193.798828125,199.77563682559204,197.9089509869762,
amecro,XC481933.ogg,1665.234375,3062.2123181819916,-0.3123675333892848,-0.7216834678422517,1636.5234375,1664.3358399315553,1663.4304550640534,
amecro,XC488886.ogg,7599.32071461397,90435.27254725204,-1.8311451691658862,3.172430067722562,7730.419921875,7593.432208103886,7587.236733551129,
amecro,XC496354.ogg,1654.4677734375,38.63990306854248,-0.7071067811865475,-1.5,1658.056640625,1654.4599771813223,1654.4521696671195,
amecro,XC496355.ogg,1363.76953125,38.63990306854248,-0.7071067811865475,-1.5,1367.3583984375,1363.760070227931,1363.7505926368735,
amecro,XC496356.ogg,1709.197998046875,13504.646122455597,0.8632591483220181,-0.8205961969970992,1668.8232421875,1705.8567298071243,1702.6329905965783,
amecro,XC496358.ogg,1546.083984375,614.3744587898254,0.13194826809381702,-1.6790672837308651,1571.923828125,1545.9252216330483,1545.7666651236805,
amecro,XC506622.ogg,135.39817116477272,311.75376339392227,-2.273352455145585,5.8837314024994996,139.9658203125,133.94589160206445,132.02165982926704,
amecro,XC513351.ogg,1453.4912109375,2434.3138933181763,-0.6081372409169556,-0.3644897959183675,1475.0244140625,1452.719069250776,1451.9359936000021,
amecro,XC51410.ogg,1609.60693359375,38.63990306854248,0.0,-2.0,1604.2236328125,1609.5979313933578,1609.5889292433112,
amecro,XC516376.ogg,1412.3247931985295,121835.02377832639,-3.6880106647996334,11.765909853088347,1496.5576171875,1243.636714870119,649.4200261177721,
amecro,XC524203.ogg,,
amecro,XC524204.ogg,,
amecro,XC524205.ogg,,
amecro,XC524247.ogg,,
amecro,XC524248.ogg,,
amecro,XC524249.ogg,,
amecro,XC524250.ogg,,
amecro,XC524251.ogg,,
amecro,XC527671.ogg,,
amecro,XC531008.ogg,1443.9208984375,100399.34813976288,0.7048890845090735,-1.4991274967794443,1227.392578125,1415.4645756711197,1389.9716355325747,
amecro,XC533366.ogg,8.97216796875,65.68783521652222,0.2282688235636075,-0.8927335640138407,10.7666015625,0.0,0.0,
amecro,XC534339.ogg,43.7841796875,90.52777290344238,-0.7703937400480628,0.09012492563949959,43.06640625,42.62994829547713,41.233793218085104,
amecro,XC543335.ogg,,
amecro,XC543336.ogg,,
amecro,XC543337.ogg,,
amecro,XC543338.ogg,,
amecro,XC543339.ogg,,
amecro,XC543347.ogg,,
amecro,XC550085.ogg,1639.107421875,6928.907418251038,1.1582605543816704,2.077410963239868,1647.2900390625,1637.1456472097864,1635.2457318970976,
amecro,XC550974.ogg,,
amecro,XC556240.ogg,1347.978515625,4595.301314404136,0.035463490282163224,-1.1983027840287173,1248.92578125,1346.3585662367698,1344.7393097957238,
amecro,XC556241.ogg,,
amecro,XC55757.ogg,,
amecro,XC561291.ogg,1229.5458984375,2283.6182713508606,-0.24396865820016447,-1.2114844494833674,1216.6259765625,1228.79819212614,1228.0460069653595,
amecro,XC567995.ogg,,
amecro,XC568327.ogg,1598.5570004111842,1421.541697100589,2.1761726051926873,3.5201302630708344,1582.6904296875,1598.1491614583272,1597.7543054244363,
amecro,XC568365.ogg,1495.7164764404297,450.0801209360361,-0.43001753124387165,-0.6983931407430726,1507.32421875,1495.5677466695172,1495.418395220807,
amecro,XC569624.ogg,1468.2952880859375,51101.96180641651,0.27965383372386526,-1.7586282086699347,1270.458984375,1453.3672820644385,1438.9275681724146,
amecro,XC569711.ogg,1490.3668212890625,19402.5071733273,-1.0499606492747222,1.0272163246192294,1464.2578125,1483.4960942190714,1476.0357275548313,
amecro,XC574517.ogg,1598.3509410511363,36013.092203573746,-0.14151312153956172,-1.7348688622253268,1356.591796875,1587.9479435230107,1577.4676666219752,
amecro,XC575220.ogg,1496.9717172475962,61571.73440364691,0.2873845432226351,-1.8674484761018058,1776.4892578125,1477.65735847139,1459.1346635310376,
amecro,XC577359.ogg,,
amecro,XC578154.ogg,1419.6212768554688,17111.67079733407,2.892801146814904,12.106032443190431,1345.8251953125,1414.4954866930657,1409.983245649376,
amecro,XC58460.ogg,1283.37890625,312.9832148551941,-0.34776706224699444,-1.4218106995884772,1291.9921875,1283.2810696038778,1283.1829529370757,
amecro,XC58475.ogg,840.692138671875,1079475.0684093346,0.33821630189420226,-1.8854002862603851,0.0,0.0,0.0,
amecro,XC595332.ogg,1429.266357421875,1265.4568254947662,0.2521069720747117,-1.0445778218052562,1388.8916015625,1428.9354278572634,1428.605631401257,
amecro,XC596195.ogg,1506.0322265625,12300.240343809128,-1.820738213629818,3.204482290443024,1571.923828125,1501.6986801821172,1496.8970438729577,
amecro,XC599335.ogg,1394.27490234375,3676.3107776641846,-1.077422589773107,-0.7017287557828098,1421.19140625,1393.0858254841214,1391.8614559012908,
amecro,XC599687.ogg,1556.2633167613637,3463.759947229516,-1.260933116125583,1.6807999911487492,1582.6904296875,1555.1470354259081,1553.9916322904585,
amecro,XC600280.ogg,1563.815646701389,3058.9207708835597,-0.11997179059753464,-1.0705671144859457,1582.6904296875,1562.8461140519298,1561.8733452287292,
amecro,XC69128.ogg,1413.019166509789,34353.48539940231,0.6603959479109801,-0.4038658089240279,1378.125,1401.5021685717356,1390.4719530589068,
amecro,XC71555.ogg,1434.111328125,5278.617494984677,-1.258786738697262,0.2838284526743111,1453.4912109375,1432.2840165696884,1430.3756020972423,
amecro,XC80525.ogg,1764.825439453125,3297.5644550540233,0.7505027319675549,-1.1068376119900496,1722.65625,1763.9818354844986,1763.1512675356603,
amecro,XC91560.ogg,,
