#filename,mean,variance,skewness,kurtosis,mode,gmean,hmean
amegfi,XC109299.ogg,4337.673770680147,2154974.6693583094,-1.4231697671712749,0.30788580669705956,5028.0029296875,3954.8661337483404,3401.9101744025606,
amegfi,XC109300.ogg,4460.6858473557695,15617.951590281265,0.054864578085878586,1.0844864645333283,4414.306640625,4459.069371428689,4457.451430268937,
amegfi,XC109301.ogg,5754.74853515625,127.51168012619019,0.0,-0.9421487603305785,5749.365234375,5754.739302780727,5754.730070388682,
amegfi,XC109606.ogg,4751.66015625,28284.409046173096,0.664987837543345,-1.490807032719699,4608.10546875,4749.052280027481,4746.483495842563,
amegfi,XC114087.ogg,27.813720703125,72.88890806111422,0.8595996264252859,-0.753374945565394,21.533203125,26.748726972484047,25.839843750000004,
amegfi,XC114342.ogg,4484.28955078125,1119405.9471698368,2.881077448190416,8.727527882806696,4048.2421875,4397.154925000232,4329.918406262136,
amegfi,XC124312.ogg,4087.7197265625,4173.109531402588,0.46608485171960506,-1.4642650462962963,4069.775390625,4087.268046855979,4086.818463935747,
amegfi,XC127600.ogg,4112.841796875,349637.0269060135,0.10313478610162283,-1.3084048940574686,3951.3427734375,4072.267382753263,4031.906113572495,
amegfi,XC131637.ogg,4746.27685546875,148999.33022260666,1.7870976622341261,1.19687026400117,4586.572265625,4734.234955217353,4723.180115508607,
amegfi,XC133564.ogg,3603.7353515625,393575.0126838684,0.28867513042087406,-1.9158650218640398,3100.78125,3558.0495819897405,3514.28409814088,
amegfi,XC133565.ogg,3949.9535345262098,168135.679894878,1.2793611396204618,-0.03763194967525596,3703.7109375,3930.921056253526,3913.416178741143,
amegfi,XC133569.ogg,3059.50927734375,529.366672039032,-0.6385855777386593,-1.3180244019393683,3068.4814453125,3059.4369715464886,3059.364454430586,
amegfi,XC139798.ogg,3574.7314453125,67816.56625344581,-1.2516962111032934,4.112572809237799,3520.6787109375,3564.5848190219613,3553.521340475502,
amegfi,XC141469.ogg,7108.648681640625,7278.101742267609,-1.1154798231687428,-0.6846206711784646,7149.0234375,7108.1969612972125,7107.741454993523,
amegfi,XC153552.ogg,185.723876953125,322.91918992996216,0.36952650878097026,-0.9506903353057199,172.265625,184.97553308814298,184.24097123857177,
amegfi,XC156788.ogg,4595.010953336148,96883.98722861265,0.36866840832440984,-1.41607257011472,4317.4072265625,4584.897675388314,4574.948112858581,
amegfi,XC157457.ogg,6368.858924278846,4675034.441512366,-1.0190527061106764,-0.727196120726866,2756.25,5899.108320681762,5313.375147673261,
amegfi,XC163044.ogg,,
amegfi,XC163047.ogg,,
amegfi,XC163048.ogg,,
amegfi,XC165034.ogg,3791.0400390625,1003412.711945447,0.40598705626896836,-1.6794075054118536,3068.4814453125,3667.6688149550364,3555.018940511504,
amegfi,XC169080.ogg,4926.796875,92.73576736450195,0.84375,-0.921875,4920.3369140625,4926.789353293925,4926.781838978632,
amegfi,XC169081.ogg,4548.88916015625,1333.0766558647156,0.6741477730119638,-0.9159924385633271,4511.2060546875,4548.7674506756475,4548.646139510138,
amegfi,XC169082.ogg,3964.3260282628676,860993.8467552955,0.09256465282439669,-1.7255155800189075,2950.048828125,3858.334049035667,3755.375887945742,
amegfi,XC169083.ogg,4428.988370028409,45159.50853174383,0.1055260295558134,-0.727746211848062,4414.306640625,4424.128436777846,4419.276022358553,
amegfi,XC169084.ogg,3379.32861328125,85729.92093925891,0.3436949038939682,-1.4513368253608543,3025.4150390625,3367.025590904886,3354.9660910222406,
amegfi,XC169085.ogg,3601.42822265625,147488.51001262665,-1.1540936629323406,-0.6671279960470815,3789.84375,3584.843737011638,3567.0492614825143,
amegfi,XC16919.ogg,,
amegfi,XC17119.ogg,,
amegfi,XC17120.ogg,4189.341334292763,219531.81230157064,0.39085382186790085,-0.046765521979861724,3757.5439453125,4164.236001588704,4139.547209089283,
amegfi,XC175254.ogg,5023.9654541015625,175334.77015793324,-0.5157722798497548,-1.7325725003536572,4521.97265625,5008.249582528428,4992.148569585265,
amegfi,XC176397.ogg,,
amegfi,XC177148.ogg,,
amegfi,XC177152.ogg,4372.1015625,245179.0721476078,-0.03253995701065957,0.020303550019020733,4123.6083984375,4344.685797286899,4316.66935406452,
amegfi,XC177835.ogg,,
amegfi,XC179074.ogg,4114.358219630281,2955.276192074091,-0.20993003948141503,-0.5247894078444428,4091.30859375,4114.0034252411115,4113.647919961639,
amegfi,XC179086.ogg,5165.358664772727,1671939.1653449696,0.14050107004552656,-1.9203487240688644,6567.626953125,5009.29592824523,4860.586869669842,
amegfi,XC179092.ogg,4353.948419744318,170960.78972862795,0.328454827451197,-0.9120780487590907,4059.0087890625,4334.730074906552,4315.804894952472,
amegfi,XC179124.ogg,4600.353515625,61764.1028881073,-3.933914671966196,20.411183136668992,4532.7392578125,4592.564742966579,4583.216011922866,
amegfi,XC179304.ogg,3887.4609375,405511.43074035645,0.23991914124285357,-1.8289927507121932,3294.580078125,3839.6302733625666,3793.4289497772174,
amegfi,XC182073.ogg,2946.0113525390625,5550125.553041697,-0.515117267817863,-1.7329336988284365,0.0,0.0,0.0,
amegfi,XC182078.ogg,2868.3205344460225,5051953.803111206,-0.48441296643358256,-1.6510521170804393,0.0,0.0,0.0,
amegfi,XC182406.ogg,3837.9767922794117,2368174.7116276044,-2.0811659789014634,2.3829535926416225,10.7666015625,0.0,0.0,
amegfi,XC186456.ogg,,
amegfi,XC191980.ogg,5959.31396484375,87630.84170910028,-1.7897979018880152,1.6651528409712668,6007.763671875,5952.061122717094,5944.363023560157,
amegfi,XC192078.ogg,4765.102095170455,244520.5662358891,-1.1150882846300152,-0.4789489711335686,5071.0693359375,4737.668672523681,4707.978373073176,
amegfi,XC192099.ogg,4116.4306640625,200280.84581389147,-0.6722816196728237,-1.5111574689923684,4425.0732421875,4091.1424466977337,4064.704483007967,
amegfi,XC197251.ogg,,
amegfi,XC205494.ogg,,
amegfi,XC205514.ogg,3469.4252014160156,113622.6559416636,1.5951669274901807,3.5490764339587466,3208.447265625,3454.5194881682514,3440.730516583415,
amegfi,XC206070.ogg,2617.7197265625,234900.80273151398,-1.485251773697903,0.23187500036364694,1690.3564453125,2565.9139702978987,2503.5472276349483,
amegfi,XC210732.ogg,4302.6031494140625,465200.2830058336,-1.1538601103140502,-0.6673200872266398,3197.6806640625,4248.728264444976,4188.4658971273475,
amegfi,XC210744.ogg,3671.8098958333335,75637.44512888102,0.5254000522184374,-1.6668393759396523,3434.5458984375,3662.125826018637,3652.705185113018,
amegfi,XC210746.ogg,3343.388671875,621724.8723506927,-0.5528508856689006,-1.4213603364254166,2293.2861328125,3246.395309822619,3142.2229003173316,
amegfi,XC210754.ogg,4063.7191772460938,460788.08907419443,-0.44878778056336105,-1.1112287972124402,4220.5078125,4006.888364583623,3946.8621976338877,
amegfi,XC210757.ogg,,
amegfi,XC215339.ogg,,
amegfi,XC217005.ogg,5322.88818359375,269767.5138536622,0.5601979964286942,-1.2579690024875947,4812.6708984375,5299.681945737167,5277.284881856383,
amegfi,XC236563.ogg,905.4931640625,3471951.0331749916,1.6572997756031216,0.7863400683954014,32.2998046875,82.76393634839528,40.51832992113292,
amegfi,XC237029.ogg,,
amegfi,XC239645.ogg,3623.858642578125,31033.98942134597,-1.6873755567451085,1.0220069221869377,3251.513671875,3619.711832868496,3615.335999001326,
amegfi,XC239646.ogg,,
amegfi,XC243428.ogg,,
amegfi,XC243792.ogg,,
amegfi,XC253704.ogg,3147.0143037683824,9820.785951964996,1.014394266497372,0.48075065019046015,3046.9482421875,3145.5741599643707,3144.161870588144,
amegfi,XC255471.ogg,4678.034002130682,283396.1846611717,0.8108487650013557,-0.6488268006020612,4489.6728515625,4649.560987084771,4622.623382573228,
amegfi,XC256920.ogg,,
amegfi,XC263223.ogg,,
amegfi,XC276993.ogg,5208.057160073138,291617.2071770316,-0.14926876231154487,-1.9226439215290534,5738.5986328125,5180.289920435519,5152.367954807479,
amegfi,XC277214.ogg,,
amegfi,XC288983.ogg,4446.6064453125,77.27980613708496,0.0,-1.0000000000000002,4446.6064453125,4446.599927984878,4446.593410647702,
amegfi,XC288984.ogg,5220.822975852273,939787.6788269387,-1.2395258683961723,-0.06397278709013676,5943.1640625,5117.295607904018,4995.106156933696,
amegfi,XC294256.ogg,4363.838195800781,204582.86194791718,0.6129816983649342,0.16982671685373063,4198.974609375,4341.7779329310615,4320.2927636850145,
amegfi,XC294424.ogg,4311.138066159019,242199.69068843412,0.9281213856947262,0.5314234254807833,4015.9423828125,4284.873753662074,4259.951684671209,
amegfi,XC297642.ogg,,
amegfi,XC298362.ogg,4820.745849609375,84447.50815629959,-2.2611713483105307,3.126241812829103,4909.5703125,4812.353030412722,4803.177262025619,
amegfi,XC31023.ogg,43.06640625,115.91970920562744,0.0,-1.5,32.2998046875,42.14982006238937,41.233793218085104,
amegfi,XC31166.ogg,,
amegfi,XC312645.ogg,,
amegfi,XC313060.ogg,,
amegfi,XC313463.ogg,4205.4345703125,160884.28252584793,-0.6857679026743978,0.025300316043194382,3983.642578125,4185.818016206032,4165.0952245237195,
amegfi,XC313678.ogg,4490.651633522727,9214.563066309149,1.7501098356136384,1.9495985327071157,4435.83984375,4489.740284033837,4488.849849988115,
amegfi,XC313679.ogg,4244.732666015625,322.91918992996216,0.36952650878097026,-0.9506903353057199,4231.2744140625,4244.699415150557,4244.666196469476,
amegfi,XC313680.ogg,4801.904296875,92.73576736450195,0.0,-1.5,4791.1376953125,4801.896250074101,4801.888203273199,
amegfi,XC313681.ogg,3894.43359375,220.79944610595703,0.5450415695155737,-0.8856250000000001,3886.7431640625,3894.409326338571,3894.385089930276,
amegfi,XC315299.ogg,3907.080078125,401616.7125105858,0.6775709198746134,-1.4988233143278276,3391.4794921875,3864.078428710345,3824.2054476190983,
amegfi,XC315598.ogg,5550.439453125,369999.7038245201,-1.1039511645333795,-0.5320515030802753,4371.240234375,5515.775457257923,5478.186894462933,
amegfi,XC318488.ogg,4277.6536207932695,644.9891512210553,-0.18511800693853017,-1.5873877126292681,4295.8740234375,4277.583979509502,4277.514289432958,
amegfi,XC323308.ogg,4268.95751953125,38.63990306854248,0.0,-2.0,4263.57421875,4268.954125267113,4268.950731005675,
amegfi,XC324344.ogg,2679.80712890625,66085.02677185783,0.7605799699733826,-0.28389932564549536,2551.6845703125,2668.3501439776546,2657.3484414927066,
amegfi,XC325098.ogg,4746.875,16531.438529491425,0.5153103442691512,-1.4595887101412568,4683.4716796875,4745.340242591573,4743.819018320851,
amegfi,XC325659.ogg,4324.94384765625,244153.95551919937,-2.2036853119740862,3.856403440053808,4414.306640625,4294.2453946520545,4257.186034141904,
amegfi,XC327670.ogg,7125.09765625,1489644.0278081333,-1.7708860668773845,1.1670049812272678,7676.5869140625,6999.938259244298,6844.776810237381,
amegfi,XC333998.ogg,4685.26611328125,10176.34538086978,1.530608681557493,0.7052641198940637,4618.8720703125,4684.290902345124,4683.335733821198,
amegfi,XC334887.ogg,,
amegfi,XC334888.ogg,,
amegfi,XC334889.ogg,,
amegfi,XC334890.ogg,,
amegfi,XC334891.ogg,,
amegfi,XC344965.ogg,5467.53360523897,332388.6855866979,2.3993735884221894,7.867587500578322,5351.0009765625,5442.361317507998,5419.8074097250455,
amegfi,XC344971.ogg,,
amegfi,XC345205.ogg,,
amegfi,XC363216.ogg,8.97216796875,65.68783521652222,0.2282688235636075,-0.8927335640138407,10.7666015625,0.0,0.0,
amegfi,XC366625.ogg,,
amegfi,XC367697.ogg,8.074951171875,83.8892632409146,1.0196565471175278,0.5322314049586776,0.0,0.0,0.0,
amegfi,XC368590.ogg,2034.8876953125,1523365.2985095978,1.4997661952898713,0.24974103620202515,1442.724609375,1807.9308885506694,1673.1936862688551,
amegfi,XC372211.ogg,21.533203125,92.73576736450195,0.0,-1.5,10.7666015625,19.564213414037443,17.61807528409091,
amegfi,XC376792.ogg,5010.384854403409,34805.41959675876,0.19650608539631292,-1.9336043665608558,4855.7373046875,5007.240856452433,5004.113251940706,
amegfi,XC382506.ogg,5214.6240234375,750232.3579788208,-1.2899821331075967,-0.2600493556034289,3649.8779296875,5139.822530763081,5053.999352057324,
amegfi,XC383071.ogg,,
amegfi,XC383905.ogg,4189.404296875,418.5989499092102,-0.16696983502393445,-0.8572189349112427,4188.2080078125,4189.359865122704,4189.31541000379,
amegfi,XC383960.ogg,4042.575555098684,48394.78386075873,3.227463541200536,9.85959379123699,3983.642578125,4037.4666532058623,4032.8577721417632,
amegfi,XC385206.ogg,3748.4086470170455,884.7659623081033,-0.27711463660275065,-0.7966923015350114,3746.77734375,3748.2940332847015,3748.179249398525,
amegfi,XC388255.ogg,3964.501953125,544.1786348819733,1.2626217126057468,0.6037078533664788,3951.3427734375,3964.4412294275485,3964.380786708774,
amegfi,XC389252.ogg,3986.59233197774,156257.3860973528,4.023660633189827,16.043377630464846,3972.8759765625,3971.0860894937855,3958.5413894503795,
amegfi,XC390608.ogg,6668.115234375,7023.3706165762505,0.017882796833203773,-1.3839645583938165,6686.0595703125,6667.61788475605,6667.120599050844,
amegfi,XC394110.ogg,4118.8232421875,225310.03243782942,1.0726266067464238,0.23075389946206037,3940.576171875,4094.670971121595,4072.11111479584,
amegfi,XC411318.ogg,2110.25390625,105155.73620796204,0.6889941032059129,-1.4929290098580195,1841.0888671875,2088.35731621096,2068.0312754781476,
amegfi,XC420842.ogg,4405.646548063859,106829.64400882307,0.4952789151455238,-1.0527362228682495,4661.9384765625,4394.030465437382,4382.678500631822,
amegfi,XC428393.ogg,4599.7314453125,225.3994345664978,-0.1207363221040738,-1.156530612244898,4586.572265625,4599.709660784665,4599.687870791232,
amegfi,XC428425.ogg,4645.78857421875,193.1995153427124,0.0,-1.3599999999999999,4629.638671875,4645.772979429115,4645.757384624825,
amegfi,XC429266.ogg,4285.575534986413,104627.8466231267,2.7451462111704754,5.926103068494786,4188.2080078125,4275.249684492345,4266.123350419384,
amegfi,XC432180.ogg,,
amegfi,XC433206.ogg,,
amegfi,XC437593.ogg,7439.7216796875,289.7992730140686,0.0,-1.3,7418.1884765625,7439.706098459396,7439.690517218235,
amegfi,XC451733.ogg,4286.086203835227,67777.20015699213,0.7609169594397394,-1.0079042547404744,4005.17578125,4279.092376604195,4272.298171830503,
amegfi,XC452142.ogg,0.0,0.0,0.0,-3.0,0.0,0.0,0.0,
amegfi,XC453111.ogg,3937.742855674342,89694.06131066773,1.6882334255017695,3.1843725092701805,3671.4111328125,3927.710243078402,3918.3606508432595,
amegfi,XC453934.ogg,68.1884765625,502.31873989105225,-0.5280049792181878,-1.5000000000000002,43.06640625,65.38748713853352,62.37203663793103,
amegfi,XC454621.ogg,68.6370849609375,431.5489174231239,0.6764674068978869,-0.22353028930683516,53.8330078125,65.79605484194674,63.157936068811665,
amegfi,XC462056.ogg,4198.5439453125,409761.48887872696,0.7087430001296658,-1.0013514786083364,3714.4775390625,4154.3243125979825,4112.99431777675,
amegfi,XC476269.ogg,479.11376953125,19667.710661888123,-1.1411092107779326,-0.677108703455676,269.1650390625,459.4090272348906,435.7245131046849,
amegfi,XC476270.ogg,4147.408254523027,409693.4690914655,-0.27943682758057836,-1.770217371993657,3563.7451171875,4098.889212585377,4049.382586589927,
amegfi,XC483030.ogg,3116.637517755682,3579076.210433787,-0.697519679015496,-1.3759854918844507,247.6318359375,1968.8181551814482,852.9232653326578,
amegfi,XC486563.ogg,2493.8140869140625,728607.536226511,2.2580083681212204,3.118081653198953,2164.0869140625,2399.660813250369,2336.930826186717,
amegfi,XC493543.ogg,5684.765625,34994.87221240997,2.1940419368178072,5.001446744952547,5663.232421875,5681.902030666084,5679.162048191522,
amegfi,XC496109.ogg,3629.241943359375,5004.7456269914455,-0.32256900820662654,-1.3593690811990333,3639.111328125,3628.607235540252,3627.969959438181,
amegfi,XC502629.ogg,7960.107421875,115208.73498916626,-1.7865919764503828,1.1959357703367521,8096.484375,7953.77922630382,7947.144822265208,
amegfi,XC504150.ogg,4424.548042111281,280971.704427062,-1.9319368631713845,1.859503996367815,4694.23828125,4387.639894761575,4344.053545722703,
amegfi,XC511440.ogg,,
amegfi,XC51411.ogg,4657.1533203125,1944.8751211166382,1.2998264949017277,0.1104803517389592,4640.4052734375,4656.969132616727,4656.786357403903,
amegfi,XC537153.ogg,,
amegfi,XC537161.ogg,,
amegfi,XC542741.ogg,5078.5231370192305,26.75070212437555,-0.8333333333331651,-1.3055555555557423,5081.8359375,5078.520704580474,5078.518270819732,
amegfi,XC542744.ogg,3612.19482421875,57.95985460281372,0.0,-2.0,3606.8115234375,3612.1908128150435,3612.1868014157976,
amegfi,XC543346.ogg,,
amegfi,XC543348.ogg,,
amegfi,XC543350.ogg,,
amegfi,XC543351.ogg,,
amegfi,XC543352.ogg,,
amegfi,XC546160.ogg,129.19921875,289.7992730140686,0.0,-1.3,107.666015625,128.2944015752931,127.3870394869686,
amegfi,XC546877.ogg,,
amegfi,XC549768.ogg,4351.50146484375,1787.9736965352838,-0.3838529762751165,-0.4867744064597561,4360.4736328125,4351.312676945642,4351.1234240085805,
amegfi,XC552440.ogg,3983.642578125,149484.90500450134,-2.647194958863901,5.0492110586284245,4112.841796875,3963.3233945340803,3938.965375168059,
amegfi,XC552887.ogg,4367.099233774038,266413.2147568923,-0.139562049414611,-1.9596634721517636,3832.91015625,4338.544403680442,4309.86610759245,
amegfi,XC556721.ogg,3642.8562330163045,447340.5723538795,0.2056040044010506,2.372997019005598,2993.115234375,3581.084127693596,3513.769450413491,
amegfi,XC557331.ogg,3865.9524851831898,76373.95737500026,3.2440196206056875,8.93269700153093,3832.91015625,3857.6394575885784,3850.391918654939,
amegfi,XC562164.ogg,4142.98828125,40189.363181591034,-0.49293846693852883,-0.9913983581985124,4328.173828125,4139.047149757637,4135.046836659311,
amegfi,XC566200.ogg,236.865234375,3361.671566963196,-0.28015812183432187,-1.642910225921522,183.0322265625,230.10971890783247,223.11344201329305,
amegfi,XC567335.ogg,0.9787819602272727,10.538155382329766,2.846049894151541,6.100000000000001,0.0,0.0,0.0,
amegfi,XC571644.ogg,,
amegfi,XC571645.ogg,,
amegfi,XC571646.ogg,,
amegfi,XC574242.ogg,4944.153941761364,6417.297538031231,0.764690700960742,-0.8098063221265193,4888.037109375,4943.529615108923,4942.91029913248,
amegfi,XC579974.ogg,5461.874064993351,793565.7403372043,-4.631693932076823,23.932408245551244,5652.4658203125,5186.155192615513,3628.823028215471,
amegfi,XC580587.ogg,3447.705078125,1495322.6365492893,-2.4643444656734546,4.09523676855511,3843.6767578125,2423.5402384208264,458.9296600565416,
amegfi,XC580720.ogg,,
amegfi,XC582147.ogg,3884.051513671875,1051.5573620796204,-0.24734189317583014,-1.6034472068944137,3843.6767578125,3883.9329103501022,3883.8141552470743,
amegfi,XC582373.ogg,4823.4375,77.27980613708496,0.0,-1.0000000000000002,4823.4375,4823.431491840579,4823.425483673678,
amegfi,XC582571.ogg,4879.423828125,544.822633266449,0.3752617725750078,-1.5918967858759623,4866.50390625,4879.379212695777,4879.334645148679,
amegfi,XC582605.ogg,104.58984375,35550.40928033682,2.0309882252067304,2.1438689324404203,21.533203125,44.34647586278593,32.37461998578648,
amegfi,XC58476.ogg,,
amegfi,XC59665.ogg,5140.102251838235,448827.4764313417,-1.7582990218521544,1.2027503096426297,5394.0673828125,5091.352841345808,5034.119272160929,
amegfi,XC598471.ogg,5017.236328125,1217.1569466590881,-0.3943231767670596,-1.7244897959183674,5038.76953125,5017.139129967832,5017.041774001627,
amegfi,XC598805.ogg,5022.819010416667,43517.778011468734,-1.5420186192001897,1.8282032056760364,5157.2021484375,5018.456261855924,5013.892487222776,
amegfi,XC599315.ogg,5771.97509765625,776941.4791872627,-0.8538140489509857,-1.1505907955511354,4532.7392578125,5701.470125130206,5625.002232163126,
amegfi,XC600281.ogg,5086.935906661184,872313.43699129,-0.18173097492173515,-1.452007280858314,6266.162109375,5002.465789270437,4916.078752761909,
amegfi,XC600283.ogg,3744.085693359375,155092.29093790054,2.0457967217047335,2.5932166619603407,3542.2119140625,3728.019959268892,3713.8117394101637,
amegfi,XC603828.ogg,3821.6541637073865,599310.165670785,0.8830261481054063,-0.18076088245334043,4425.0732421875,3752.8969566831706,3690.3720785236105,
amegfi,XC610948.ogg,4371.240234375,0.0,0.0,-3.0,4371.240234375,4371.240234374997,4371.240234375,
amegfi,XC612292.ogg,4490.570068359375,79126.96150333984,2.7247411274880062,6.0224698659513205,4403.5400390625,4482.94992874291,4476.073201617728,
