#filename,mean,variance,skewness,kurtosis,mode,gmean,hmean
amekes,XC114061.ogg,,
amekes,XC127418.ogg,4692.802734375,36948.274760410706,-0.6252629290821631,-0.4293063738477523,4629.638671875,4688.926644301134,4684.979420221521,
amekes,XC133392.ogg,28.2623291015625,64.16983902454376,0.6604840139049142,-0.7388137356919873,21.533203125,27.3383065332982,26.50240384615385,
amekes,XC138718.ogg,4545.0439453125,4438.068866729736,-0.09345816186328518,-1.5374043849462395,4457.373046875,4544.59014482116,4544.135949021964,
amekes,XC147272.ogg,5268.984805836397,29977.642659516256,0.9989451518271574,0.1350990415840374,5340.234375,5266.2796469281075,5263.629629703269,
amekes,XC147273.ogg,,
amekes,XC160904.ogg,4538.611949573864,10573.282566937534,-0.7415644572854554,-0.4848266890778463,4532.7392578125,4537.487351256242,4536.350013204796,
amekes,XC16111.ogg,703.41796875,38.63990306854248,0.7071067811865475,-1.5,699.8291015625,703.3997200104743,703.381533550127,
amekes,XC213165.ogg,161.4990234375,51932.029724121094,1.7910695809840755,1.2338743803286905,53.8330078125,91.00359447728013,71.47172514960776,
amekes,XC214256.ogg,244.6954900568182,954606.3325621865,4.363569236657666,17.043255999887187,32.2998046875,43.70493799473197,35.25306095400614,
amekes,XC214257.ogg,33.49609375,53.03516107447007,-0.1207363221040738,-0.7102040816326536,32.2998046875,32.70066297484701,31.85734160958904,
amekes,XC214259.ogg,35.52978515625,52.80786752700806,-0.3656751497879556,-0.7055324211778702,32.2998046875,34.79896000964659,33.99979440789475,
amekes,XC216657.ogg,4695.31494140625,515324.33680387645,-3.4910251329580464,11.73035685454122,5071.0693359375,4605.2744526099805,4449.776460938286,
amekes,XC238264.ogg,,
amekes,XC250844.ogg,,
amekes,XC253328.ogg,5022.61962890625,193.1995153427124,0.0,-1.3599999999999999,5006.4697265625,5022.605204151673,5022.590779385506,
amekes,XC253935.ogg,,
amekes,XC253951.ogg,,
amekes,XC254588.ogg,4876.637178308823,1484.7950987956103,-0.17823958241311563,-1.5854264401739444,4834.2041015625,4876.493763422978,4876.3502187560825,
amekes,XC254589.ogg,4801.904296875,4267.9529298435555,0.6415799141139913,-1.228358481938729,4737.3046875,4801.481588516538,4801.061279173264,
amekes,XC257401.ogg,,
amekes,XC267262.ogg,,
amekes,XC278000.ogg,,
amekes,XC289032.ogg,4914.95361328125,127.51168012619019,0.0,-0.9421487603305785,4909.5703125,4914.942803403284,4914.931993498795,
amekes,XC289663.ogg,638.5830238217213,2762461.496492878,2.4131255813191257,3.8347700327336636,21.533203125,0.0,0.0,
amekes,XC297550.ogg,4534.27734375,25030.377209186554,-0.6703363751800115,0.1796718640385122,4457.373046875,4531.604417450486,4528.886101169343,
amekes,XC298663.ogg,,
amekes,XC304798.ogg,,
amekes,XC308302.ogg,5033.38623046875,41924.29482936859,-1.14831951332278,-0.6715742530102573,4726.5380859375,5030.174817133638,5026.875847229574,
amekes,XC341005.ogg,3902.89306640625,695.5182552337646,0.0,-1.238095238095238,3865.2099609375,3902.8150993950076,3902.7371315678784,
amekes,XC348428.ogg,4571.985257056452,139966.76553941035,1.1514266945916902,-0.20292663097874586,4263.57421875,4557.761895088768,4544.365987931844,
amekes,XC362105.ogg,5310.1776123046875,2620.583426045335,-0.06040506565107777,-1.0342967017187645,5297.16796875,5309.941037253183,5309.704362477135,
amekes,XC362208.ogg,4820.920632102273,29559.208910431014,1.3972555985257042,4.116784106062826,4941.8701171875,4817.983083036383,4815.126769633821,
amekes,XC375505.ogg,4772.2093151461695,479579.54517326795,-1.171326595922813,1.2362902877006086,3994.4091796875,4714.401934508686,4645.863012607039,
amekes,XC391843.ogg,5556.699732730263,18842.036943686635,-0.31376932070045355,-1.3754839470656077,5458.6669921875,5555.084921338306,5553.461902805238,
amekes,XC399014.ogg,4433.573190789473,1940089.6359948306,-1.9182753958781038,2.0531379404607204,5221.8017578125,3978.5052929524763,3027.006061643431,
amekes,XC416142.ogg,4794.7265625,38.63990306854248,0.7071067811865475,-1.5,4791.1376953125,4794.723877561119,4794.721193962697,
amekes,XC418510.ogg,4312.02392578125,29959.975751963528,-1.702112750116925,1.0227990848049942,4382.0068359375,4308.691689543072,4305.207770725196,
amekes,XC418891.ogg,16.14990234375,521.6386914253235,0.0,-2.0,0.0,0.0,0.0,
amekes,XC418893.ogg,3240.7470703125,931901.7262458801,-2.0280040659789083,2.138383481017401,3596.044921875,2987.28434021051,2570.3524303835056,
amekes,XC419402.ogg,4128.345703125,679039.4878864288,-1.5793454628337436,0.6387645020355173,4489.6728515625,4023.7196151242692,3892.2381444646644,
amekes,XC420472.ogg,4815.362548828125,10920.163514939222,2.3321561930027634,4.737191290973619,4769.6044921875,4814.355181128664,4813.378771001369,
amekes,XC420473.ogg,4080.111328125,249029.15208935738,4.1577749919966465,16.440966225623434,3929.8095703125,4057.7708487776686,4040.6111509616685,
amekes,XC426297.ogg,4682.275390625,50495.913326740265,1.298394368853587,-0.25449215591327645,4543.505859375,4677.659635379845,4673.220049700025,
amekes,XC426298.ogg,4913.485440340909,58522.59210023014,0.008080568982870889,-1.0055355884392798,4532.7392578125,4908.064003642409,4902.638146311124,
amekes,XC431030.ogg,85.235595703125,768.4071632948788,-0.20453698855006935,-1.542653387755102,107.666015625,80.68268431931209,75.9431358542378,
amekes,XC431032.ogg,,
amekes,XC432334.ogg,5130.28564453125,38.63990306854248,0.0,-2.0,5124.90234375,5130.28282013342,5130.279995737146,
amekes,XC438159.ogg,5220.9228515625,8726.999536156654,0.5513790633081935,-0.9211744406015869,5167.96875,5220.109266781673,5219.3008676571235,
amekes,XC443522.ogg,4934.6923828125,2977429.650866467,-1.3361686749852437,0.5902399661465276,5996.9970703125,4205.226085069042,1879.6274343822072,
amekes,XC443812.ogg,2452.87109375,2588709.9300026894,-0.8079040572151817,-1.3355168399551705,86.1328125,1116.1804857919506,265.53107663070176,
amekes,XC449552.ogg,4955.328369140625,890983.7248921394,-1.9666068841254323,2.2424737660512575,2713.18359375,4849.092171114211,4708.215135363104,
amekes,XC451207.ogg,4341.09375,428.90292406082153,0.395870337343817,-1.0054784514243973,4317.4072265625,4341.054273704937,4341.01484156056,
amekes,XC466164.ogg,5081.8359375,77.27980613708496,0.0,-1.0000000000000002,5081.8359375,5081.830234841267,5081.824532176138,
amekes,XC466166.ogg,,
amekes,XC466449.ogg,,
amekes,XC473676.ogg,3355.94970703125,314478.5791039467,1.4982340521286328,0.24790180393720718,3079.248046875,3319.2775085319067,3287.7943756925797,
amekes,XC482875.ogg,4717.524186954942,8699.113061261733,-0.03655661391536495,-1.077664840998588,4791.1376953125,4716.6229573342225,4715.721159628239,
amekes,XC483212.ogg,4562.8857421875,11814.150363206863,-0.2296896110475565,-0.13902819294136792,4511.2060546875,4561.63768105965,4560.384230301512,
amekes,XC51475.ogg,2748.779296875,970823.7203210592,0.7149034233130419,-1.4660622176515563,2045.654296875,2596.4832524453677,2472.134908367677,
amekes,XC517945.ogg,516.796875,0.0,0.0,-3.0,516.796875,516.796875,516.796875,
amekes,XC56416.ogg,9.4207763671875,47.609880566596985,0.05439506453662819,-0.3137996219281658,10.7666015625,0.0,0.0,
amekes,XC565023.ogg,4284.6066497093025,1250740.2856682623,-0.9280632299763454,-1.058395182402637,5006.4697265625,4109.501117544101,3907.16123703804,
amekes,XC565024.ogg,2702.4169921875,115.91970920562744,0.0,-1.5,2691.650390625,2702.4026938362003,2702.388395484902,
amekes,XC565025.ogg,3773.2666015625,967876.5681289857,-0.35200511745334,-1.7228957963947453,2444.0185546875,3635.4264342174183,3492.498145907579,
amekes,XC565033.ogg,5256.00155101103,28389.248194939948,-0.33214463032567015,-1.3546793483650328,5081.8359375,5253.4408152917185,5250.862175901369,
amekes,XC565193.ogg,5863.242750901442,52137.65345445046,0.010471529862909066,-0.8066473294031691,5706.298828125,5858.9633529938155,5854.680426088631,
amekes,XC570886.ogg,,
amekes,XC570888.ogg,,
amekes,XC578156.ogg,,
amekes,XC578157.ogg,,
amekes,XC578158.ogg,,
amekes,XC580444.ogg,2842.3828125,115.91970920562744,0.0,-1.5,2831.6162109375,2842.3692182410914,2842.3556239821824,
amekes,XC593310.ogg,4631.063663258272,169937.96293245163,0.2465620632530765,-1.895727537444917,4263.57421875,4613.20727123363,4595.667513312311,
amekes,XC59480.ogg,,
amekes,XC598753.ogg,5414.621803977273,18372.220093553715,0.19392268848539687,-1.9271404072395422,5286.4013671875,5413.084006540172,5411.551340807007,
amekes,XC598755.ogg,5189.501953125,6617.961580103094,0.7272491657689202,0.4871724005030629,5157.2021484375,5188.896370050794,5188.2950446151035,
amekes,XC598756.ogg,5409.320068359375,11854.546625505795,0.35605439049966425,-1.0812371485419672,5254.1015625,5408.319962144395,5407.324297914034,
amekes,XC598758.ogg,5173.35205078125,2139.2455426129427,0.1724682109065924,-1.4564294207576014,5124.90234375,5173.162703545404,5172.973542260699,
amekes,XC603740.ogg,4252.3590087890625,2711.6640426323447,-0.6648352167612873,-0.12303892853133114,4285.107421875,4252.042843746161,4251.724917344382,
amekes,XC606523.ogg,4541.0746912802415,64016.34779668623,0.6993388940851978,-0.7275625276722621,4285.107421875,4534.410638647571,4527.906440263063,
amekes,XC614738.ogg,4174.274758731618,17728.89670203714,0.4571031415204837,-0.8237234355388257,4091.30859375,4172.23169116717,4170.207017412175,
