#filename,mean,variance,skewness,kurtosis,mode,gmean,hmean
amtspa,XC115430.ogg,6549.169921875,761.7580890655518,0.23553753864607016,-1.2373976055450535,6513.7939453125,6549.120103214543,6549.070314895419,
amtspa,XC115594.ogg,,
amtspa,XC121042.ogg,6981.54296875,22327.8028123519,-1.760374659842315,4.663931432458675,6998.291015625,6979.993413391018,6978.402638301968,
amtspa,XC127999.ogg,5144.477982954545,293759.5118067482,-1.5440061247102792,0.5365175447458057,5415.6005859375,5115.3661228030005,5082.927543947561,
amtspa,XC128001.ogg,5188.673753004808,356.6760283250075,-1.6146404559787593,2.995729166666642,5189.501953125,5188.641905761299,5188.609937325733,
amtspa,XC128002.ogg,5574.163263494318,41501.363526691086,0.824693509737857,-0.9982898070140727,5490.966796875,5570.840883242754,5567.581317307814,
amtspa,XC128099.ogg,,
amtspa,XC128705.ogg,,
amtspa,XC131951.ogg,4361.301832932692,204314.72930541408,-0.04869937352978603,-1.5550216544825484,4812.6708984375,4338.584889887066,4315.781475559062,
amtspa,XC138069.ogg,7138.2568359375,198.71950149536133,0.0,-1.0000000000000002,7127.490234375,7138.244656492795,7138.2324770273135,
amtspa,XC139595.ogg,4084.130859375,92363.41920765964,1.1538876351657792,-0.6366782644535038,3897.509765625,4074.2886800131755,4064.9722592309017,
amtspa,XC142069.ogg,1824.7049082880435,61046.15958782995,0.04734652421077147,-1.9138153980276444,1561.1572265625,1808.6887933949222,1792.8543594584141,
amtspa,XC156643.ogg,5673.9990234375,77.27980613708496,0.0,-1.0000000000000002,5673.9990234375,5673.993915934605,5673.988808427115,
amtspa,XC157628.ogg,6694.43359375,689.0782713890076,-0.22135555123008185,-1.279303869333566,6718.359375,6694.38782040023,6694.342021953473,
amtspa,XC157759.ogg,5805.889892578125,106.25973343849182,-0.49338220021815865,-1.371900826446281,5813.96484375,5805.8830258261,5805.876155600864,
amtspa,XC157777.ogg,5154.510498046875,150.16871419819918,-0.26563927079749255,-1.257617728531856,5167.96875,5154.497139786517,5154.483776126844,
amtspa,XC157778.ogg,4597.3388671875,77.27980613708496,0.0,-1.0000000000000002,4597.3388671875,4597.332563543647,4597.326259891144,
amtspa,XC157779.ogg,4566.695462740385,283053.6376283719,0.47916342263911293,-1.5634018343059577,4112.841796875,4538.9563239699155,4512.263646019242,
amtspa,XC157888.ogg,5028.77197265625,923781.3595395822,0.5697525672182696,-1.0669214797438429,3779.0771484375,4947.518011429754,4870.914708811601,
amtspa,XC16891.ogg,,
amtspa,XC16892.ogg,,
amtspa,XC16893.ogg,,
amtspa,XC168958.ogg,4719.3603515625,38.63990306854248,0.7071067811865475,-1.5,4715.771484375,4719.3576237679645,4719.354897357048,
amtspa,XC16908.ogg,,
amtspa,XC177225.ogg,5757.440185546875,1524.5961754218392,-0.6599493786024361,-0.5393893859709036,5760.1318359375,5757.312923898246,5757.185286187078,
amtspa,XC177226.ogg,4613.48876953125,234043.45936871864,0.4955453728328939,0.033302877376074846,4511.2060546875,4589.3109158207335,4565.581323725053,
amtspa,XC177477.ogg,4065.46875,1136.013150215149,0.358600583090379,-1.8116409829237818,4037.4755859375,4065.3571741130695,4065.245798271985,
amtspa,XC177480.ogg,5096.002518503289,12640.041975598584,0.37323564805736786,-1.4875847746441497,5006.4697265625,5094.790423075452,5093.5849512706545,
amtspa,XC200103.ogg,7037.7685546875,16306.039094924927,0.06770321547831393,-1.160275824891624,6858.3251953125,7036.80370951775,7035.839493523095,
amtspa,XC200508.ogg,,
amtspa,XC200509.ogg,,
amtspa,XC203711.ogg,5156.3408203125,366778.847104311,-0.40231064011066436,-1.8148333336226188,4392.7734375,5120.975827198768,5084.716783896023,
amtspa,XC203713.ogg,4414.306640625,390919.8993444443,0.9480269505837211,-1.1002767130357165,4037.4755859375,4379.099899118538,4346.792160377237,
amtspa,XC203714.ogg,6674.659639246323,14315.674958509559,-0.2601449632487077,-0.8016807719202879,6524.560546875,6673.604756722608,6672.546403451089,
amtspa,XC203716.ogg,5780.126953125,55.19986152648926,0.13416407864998736,-0.6100000000000003,5781.6650390625,5780.12286072403,5780.118768753566,
amtspa,XC205798.ogg,4392.577681107955,196095.3223813664,1.2576069039070916,1.5981773628966813,3940.576171875,4372.123202389957,4352.988862201235,
amtspa,XC209759.ogg,4974.169921875,1011.6629167036576,0.022097086912079608,-1.3906249999999996,4931.103515625,4974.076711014392,4973.983508177446,
amtspa,XC209897.ogg,4030.7872425426135,359307.4597657977,1.2338548421887165,0.1353577339238483,3757.5439453125,3991.203069797631,3955.7736289066215,
amtspa,XC209898.ogg,4375.8544921875,379702.8835808358,0.9022262787678634,0.42111865618422195,3746.77734375,4336.061933215879,4298.680272912245,
amtspa,XC210761.ogg,6206.531700721154,66202.04315735743,1.9318487824954242,1.8184801839277398,6083.1298828125,6201.845509004283,6197.38805033693,
amtspa,XC210762.ogg,6843.9697265625,11155.340015888214,0.00480006278971949,-1.682260720123137,6707.5927734375,6843.193524514034,6842.417391968067,
amtspa,XC210765.ogg,6676.06201171875,34677.1899324197,2.1167313910549503,3.8807148031588783,6567.626953125,6673.73664303491,6671.49415453794,
amtspa,XC210766.ogg,6616.07666015625,8266.179263591766,0.1893986814541886,-1.6531095509767253,6513.7939453125,6615.481317404638,6614.887002122989,
amtspa,XC210768.ogg,6433.04443359375,405.71898221969604,0.0,-1.2685714285714287,6406.1279296875,6433.018155145337,6432.991876647236,
amtspa,XC236564.ogg,4388.1591796875,300651.5657901764,1.0397884225592091,-0.7857703120700452,4080.5419921875,4360.857356163332,4335.666077643203,
amtspa,XC297854.ogg,4350.732421875,177011.1461965049,1.9904495823754234,3.55230621296175,4198.974609375,4332.9544066547105,4317.030246226294,
amtspa,XC301854.ogg,,
amtspa,XC306498.ogg,,
amtspa,XC342346.ogg,6704.901123046875,8772.331327199936,1.8134107930030043,3.159671522151534,6653.759765625,6704.280449122299,6703.669708406399,
amtspa,XC342444.ogg,,
amtspa,XC342952.ogg,,
amtspa,XC342954.ogg,5331.8989415322585,7347846.731693515,-1.2450389802704058,-0.34981090994178876,344.53125,3630.5817894090237,1548.8338028908045,
amtspa,XC345976.ogg,6633.4228515625,534.5186591148376,1.2946892834928536,1.0694222673827838,6610.693359375,6633.387139288518,6633.35152760331,
amtspa,XC389920.ogg,6973.1689453125,19590.430855751038,0.624189901576541,-1.4300247715416128,6901.3916015625,6971.929919649505,6970.700694589621,
amtspa,XC394107.ogg,6800.4547119140625,229.76942360401154,0.3847937820618241,-0.9354760165570974,6782.958984375,6800.439937799546,6800.425171555308,
amtspa,XC406151.ogg,4907.353659237132,655260.9519445321,-0.5089499347660051,-1.3432963862466323,5641.69921875,4837.787188793594,4764.207073940671,
amtspa,XC406211.ogg,5113.05908203125,34478.385508060455,-2.6292416598752273,4.995640300056034,5157.2021484375,5109.826725126956,5106.384997684612,
amtspa,XC416341.ogg,46.6552734375,262.75134086608887,-0.6134724633271952,-1.0795847750865053,53.8330078125,43.74691112010095,40.374755859375,
amtspa,XC446806.ogg,6982.14111328125,2748.953104019165,-0.2380429734716176,-1.5918130352736246,7030.5908203125,6981.9686683808,6981.796032255296,
amtspa,XC453936.ogg,,
amtspa,XC455120.ogg,92.8619384765625,875.067804818568,0.28607069658088413,-1.201992825455173,64.599609375,88.36241377612961,84.07412106835615,
amtspa,XC482783.ogg,9.228515625,68.7875197483943,0.2352167763365142,-1.1604938271604939,10.7666015625,0.0,0.0,
amtspa,XC534442.ogg,626.25732421875,900.3097414970398,0.7242891461970634,-0.3389636943027128,624.462890625,625.669789600039,625.0936613502805,
amtspa,XC535233.ogg,,
amtspa,XC535234.ogg,,
amtspa,XC535235.ogg,,
amtspa,XC535236.ogg,,
amtspa,XC535237.ogg,,
amtspa,XC535238.ogg,,
amtspa,XC535239.ogg,,
amtspa,XC535240.ogg,,
amtspa,XC535241.ogg,,
amtspa,XC562185.ogg,4701.089754971591,4499.290531331842,1.779009999543136,1.7787726493856866,4683.4716796875,4700.640336615304,4700.19818840889,
amtspa,XC568655.ogg,5043.5068359375,462230.6132555008,-0.20766597076484497,-1.7993706320781373,5663.232421875,4998.419289093352,4952.752452820108,
amtspa,XC578526.ogg,6597.994290865385,31267.034114613707,0.149300109325085,-1.5197367490099372,6384.5947265625,6595.690906363395,6593.393644904107,
amtspa,XC589866.ogg,,
amtspa,XC596709.ogg,5008.623046875,81.14379644393921,-0.3436215967445456,-1.153061224489796,5006.4697265625,5008.616564147973,5008.610079027083,
amtspa,XC608741.ogg,4641.943359375,805978.2735201028,-0.1942499607938241,-1.8655171404463418,3660.64453125,4558.427801549577,4474.1240796047,
amtspa,XC615855.ogg,51.4404296875,80.4997980594635,0.4129503602129438,-1.2696,43.06640625,50.766048623385274,50.12038658405172,
amtspa,XC92009.ogg,3699.404296875,150.69562196731567,-0.27154541788363945,-1.044378698224852,3703.7109375,3699.3879939737208,3699.371682252202,
