#filename,mean,variance,skewness,kurtosis,mode,gmean,hmean
astfly,XC109920.ogg,3063.09814453125,1690.184147127213,-0.7063965719338825,2.0384525021536533,3079.248046875,3062.8291004008634,3062.5582213586026,
astfly,XC109921.ogg,3001.190185546875,548.6866235733032,-0.07020398541428428,-1.0612973616345962,3003.8818359375,3001.1044534246407,3001.0186888366347,
astfly,XC109922.ogg,2903.3935546875,38.63990306854248,-0.7071067811865475,-1.5,2906.982421875,2903.389114848027,2903.3846713528774,
astfly,XC109923.ogg,3151.922607421875,18500.292313859816,-1.7318936097323527,4.384263425144168,3262.2802734375,3148.886570812192,3145.6706180365045,
astfly,XC118723.ogg,2180.926983173077,1365.3808663248535,0.5708199525911417,-0.6031024002945657,2174.853515625,2180.6238432716323,2180.3225696670643,
astfly,XC122455.ogg,2820.2162798713234,11077.15103556128,0.5908235057242563,-0.9333716965828232,2756.25,2818.392452178695,2816.5937134174083,
astfly,XC122804.ogg,2889.5902193509614,19401.035884710458,0.1093958690855218,-0.8469372817662584,2680.8837890625,2886.3674536454714,2883.15107461418,
astfly,XC122805.ogg,2803.0290274784484,1658.2799779957738,-0.4900810238371617,-0.7015514899653907,2777.783203125,2802.7420410579557,2802.4536751140613,
astfly,XC122806.ogg,2906.982421875,0.0,0.0,-3.0,2906.982421875,2906.982421874999,2906.982421875,
astfly,XC122807.ogg,2691.650390625,850.0778675079346,-1.0466216984729968,-0.7355371900826451,2702.4169921875,2691.531173514159,2691.411173172157,
astfly,XC122808.ogg,2727.5390625,2325.419621034102,-0.6225621809867029,-1.327123702777448,2767.0166015625,2727.145488961241,2726.749150419836,
astfly,XC122809.ogg,2728.564453125,3587.9909992218018,-0.2595996918334072,-1.285446153846154,2637.8173828125,2727.9987675251164,2727.4310476624178,
astfly,XC122810.ogg,7861.7724609375,81.14379644393921,-0.3436215967445456,-1.153061224489796,7859.619140625,7861.768331441045,7861.764200973813,
astfly,XC122811.ogg,2734.716796875,1666.3458198308945,-0.06383023840050117,-1.1560302457466913,2702.4169921875,2734.4298358175,2734.142676696651,
astfly,XC122812.ogg,2606.414794921875,2897.1145505254917,2.3971049173303287,4.951416381699067,2573.2177734375,2605.9207311841533,2605.441558732887,
astfly,XC122813.ogg,2628.317440257353,2896.288028534721,-0.6474458039652352,-1.1850870626040697,2659.3505859375,2627.794289468887,2627.2666257773467,
astfly,XC122814.ogg,215.33203125,0.0,0.0,-3.0,215.33203125,215.33203124999994,215.33203125000003,
astfly,XC122815.ogg,2372.125441028226,2815.976419756489,0.15443317560960554,-0.8291416801755895,2347.119140625,2371.5521031765725,2370.9798833331656,
astfly,XC122816.ogg,2473.9051555765086,4376.652759454211,-0.09972054252346514,-0.13110234773830198,2476.318359375,2473.0335837026278,2472.159637253922,
astfly,XC122817.ogg,2694.521484375,533902.079780223,3.032069274429983,7.712317203311471,2314.8193359375,2629.1524417482074,2585.364380290199,
astfly,XC122818.ogg,2627.05078125,463.67883682250977,0.0,-1.0,2627.05078125,2626.9735583666084,2626.8963332131398,
astfly,XC122819.ogg,2662.042236328125,4217.89669177749,-0.34408484782488336,-1.4124175201242508,2594.7509765625,2661.3119154651076,2660.577664814019,
astfly,XC122820.ogg,2852.2764463682433,54072.54111122441,-0.32576264735101546,-1.3722761617167403,2874.6826171875,2842.8573680371833,2833.2688359149447,
astfly,XC122821.ogg,2657.4505974264707,26157.79379273162,-0.5239710996116272,-1.2644001308830661,2444.0185546875,2652.7125148298965,2647.8749486192783,
astfly,XC122822.ogg,3091.3604736328125,445.04888355731964,0.7898446071076647,-0.020205516495403142,3068.4814453125,3091.2976973351792,3091.235129000855,
astfly,XC122823.ogg,2958.123779296875,171252.3263990879,2.218656763418966,3.4279970185521256,2745.4833984375,2934.4899892835815,2914.6972612583054,
astfly,XC122824.ogg,2760.6545188210225,214800.97751725803,-0.2676954092746009,-1.805937219639935,2217.919921875,2722.0569751106223,2682.7287606109103,
astfly,XC122825.ogg,2643.6900745738635,11530.84961934523,2.0407903753555092,3.427521397698201,2562.451171875,2641.8038504558253,2640.0089912167823,
astfly,XC122826.ogg,43.06640625,231.83941841125488,0.0,-0.9600000000000004,43.06640625,40.61103483202227,37.99977022058824,
astfly,XC122888.ogg,2540.503868689904,23142.032407797302,-0.06405125208699397,-1.8508911338945613,2400.9521484375,2536.108452400808,2531.7072367196392,
astfly,XC122890.ogg,2602.825927734375,20826.907753944397,0.41517702847643645,-1.432638053703519,2476.318359375,2599.125302421328,2595.4797281374167,
astfly,XC122892.ogg,2794.53125,1191.3970112800598,-0.15121576416578045,-1.829298758217677,2756.25,2794.3415382056783,2794.1516124790764,
astfly,XC122893.ogg,2390.185546875,963.9638976046914,0.12159707473449456,-1.0564012177535653,2368.65234375,2389.994153436576,2389.802942957793,
astfly,XC122895.ogg,2393.953857421875,332.811586166683,0.3648014047949284,-0.61673335960164,2379.4189453125,2393.887937980992,2393.8221346508385,
astfly,XC122896.ogg,2834.100811298077,19226.32407683593,-1.8382816673267506,1.5309660741127242,2863.916015625,2830.774194315471,2827.2439721683313,
astfly,XC122898.ogg,2670.1171875,834.6219062805176,-1.0886621079036347,0.27777777777777724,2670.1171875,2669.9859948452076,2669.85384560352,
astfly,XC122900.ogg,2986.263760653409,6103.699597445402,-2.174299579816246,3.9303114555034853,2971.58203125,2985.299141032477,2984.29752960689,
astfly,XC122903.ogg,3098.388671875,5036.067366600037,2.2899271663216942,3.5954079480118537,3057.71484375,3097.6891122478,3097.0117478601,
astfly,XC122904.ogg,3096.664608226103,19179.54611108902,-1.5425024530023645,0.7314011668782752,3165.380859375,3093.512516622241,3090.2099518962104,
astfly,XC122907.ogg,2787.652587890625,1780.0700799985366,-0.4367081464547127,-1.2900938465398906,2831.6162109375,2787.35864444814,2787.063453078541,
astfly,XC122908.ogg,6116.326904296875,1590.3832831166008,1.299075792111203,0.5200228921911343,6104.6630859375,6116.208364639232,6116.09046002711,
astfly,XC122909.ogg,6103.125,364.3190860748291,-0.5459708300428705,-0.9717630853994486,6104.6630859375,6103.09938979146,6103.073752507657,
astfly,XC122910.ogg,2996.7041015625,289.7992730140686,0.223606797749979,-0.8700000000000001,2982.3486328125,2996.6611544303128,2996.6182408405607,
astfly,XC122911.ogg,2990.3238932291665,875.6757907147678,0.5378406834829131,0.01111315541081126,3003.8818359375,2990.1806744721152,2990.037940407828,
astfly,XC122912.ogg,2819.05517578125,158.42360258102417,-0.48756686638394087,-1.0101130279595483,2820.849609375,2819.0317288809224,2819.0082507671964,
astfly,XC122913.ogg,3025.33868018617,1168.2991968824508,0.5428495970068785,1.4348378473287857,3025.4150390625,3025.1476977949083,3024.9574266477284,
astfly,XC122914.ogg,2989.7506713867188,19037.397243082523,-1.565580286145885,0.5209472578062693,3046.9482421875,2986.616999607329,2983.3311111959765,
astfly,XC122915.ogg,3044.830222207992,27167.01906235492,6.965571387787069,49.47542758551651,2993.115234375,3041.2867190678035,3038.404009165409,
astfly,XC122916.ogg,3042.76123046875,1079.2655278654659,-1.2555411449748812,0.7163489655592143,3046.9482421875,3042.5922322891747,3042.4217211582254,
astfly,XC122918.ogg,2952.2021484375,1282.8447818756104,1.4957419358764485,1.100691924323801,2939.2822265625,2952.008804761623,2951.8176397556285,
astfly,XC122921.ogg,2662.6273777173915,18941.647028734562,0.5133201367419068,-1.564848154840021,2551.6845703125,2659.2800611857847,2655.9922329694464,
astfly,XC122922.ogg,3022.16796875,320.2185515434511,0.2113613434237903,-0.06402782585392641,3014.6484375,3022.1158723565536,3022.0638165404935,
astfly,XC122924.ogg,2994.8041130514707,544.2316700430478,-0.5731715341066247,0.34146347044988534,2993.115234375,2994.7147618725157,2994.625138213734,
astfly,XC122925.ogg,2940.8203125,1693.9625798202142,-0.8028965709741778,-0.4399254197187479,2950.048828125,2940.5370240856114,2940.251596366392,
astfly,XC122927.ogg,2433.251953125,4605.173902078109,-0.7428033493882285,-0.08785980970733309,2487.0849609375,2432.3337213840678,2431.402235501486,
astfly,XC124589.ogg,2276.608455882353,1780583.82953756,-0.4488708851077869,-1.334276445099948,473.73046875,1676.3668818195956,1091.119629311017,
astfly,XC124590.ogg,2986.962890625,9446.819378779484,1.050645873788021,-0.31294446015437627,2896.2158203125,2985.5252364677885,2984.118204012759,
astfly,XC124591.ogg,2619.298828125,3849.6935427188873,0.6499297752111177,-0.8794939801807491,2583.984375,2618.6001448617776,2617.9083264414176,
astfly,XC124592.ogg,44.501953125,64.03183937072754,-0.20330437886625505,-1.050535077288942,43.06640625,43.79799434467706,43.06640624999999,
astfly,XC124593.ogg,2973.6007690429688,10451.610781252384,1.2641120486680526,1.0126602276069994,2960.8154296875,2971.9963782691884,2970.4339242807346,
astfly,XC124595.ogg,2855.45654296875,5335.491230854621,0.7797442773325748,-0.5495235715715117,2810.0830078125,2854.5996301167147,2853.7533524569076,
astfly,XC124600.ogg,2982.685089111328,7998.343080642723,-1.274357511102689,8.930651429021527,2993.115234375,2981.346678612762,2979.9625199952015,
astfly,XC129080.ogg,798.7472534179688,492026.34732329077,2.0172307732378276,2.29547658548333,506.0302734375,643.725485465078,576.6817982410925,
astfly,XC132678.ogg,3206.9923194679054,1224.6412522084004,0.8162319840121072,0.9661924857494024,3229.98046875,3206.8075983482463,3206.623914002579,
astfly,XC134162.ogg,2667.776621942935,3693.5267344765057,-3.219007939057518,11.462410895145005,2680.8837890625,2667.064081639007,2666.3138031467975,
astfly,XC136117.ogg,2897.0771484375,5399.153655767441,0.6707479658532951,1.092913952621993,2885.44921875,2896.1915824330754,2895.3146246258643,
astfly,XC141344.ogg,3060.005610039894,104261.8967481061,-0.240761300656788,-1.793547376395537,3359.1796875,3042.9837866312087,3025.7352751997173,
astfly,XC141345.ogg,2849.032772288603,18343.519117424195,-2.10329231747896,2.9036598833134004,2863.916015625,2845.682530508175,2842.092717039541,
astfly,XC158401.ogg,2419.3187040441176,561.6991791655036,-0.5566257329691047,-0.4143964391718806,2400.9521484375,2419.20905070033,2419.099001129279,
astfly,XC163942.ogg,2853.1494140625,337.22097223455256,-1.0333784852366532,0.6093749999999996,2853.1494140625,2853.0950092784537,2853.040370116184,
astfly,XC170238.ogg,2560.9130859375,1755.3555965423584,0.9224835898023318,-1.0560994422688976,2540.91796875,2560.6220139106485,2560.3336486311478,
astfly,XC170239.ogg,2404.0283203125,3002.8724670410156,0.7545243169501177,-1.108378162846021,2379.4189453125,2403.498511603994,2402.974293107303,
astfly,XC170384.ogg,545.5078125,1258766.6022777557,1.5002293455061997,0.25144788417536645,0.0,0.0,0.0,
astfly,XC170393.ogg,6.4599609375,29.8079252243042,-0.40824829046386296,-1.8333333333333333,10.7666015625,0.0,0.0,
astfly,XC170415.ogg,30.67465728183962,282.6489281066097,0.7730195968457172,1.1874630633503402,32.2998046875,0.0,0.0,
astfly,XC170420.ogg,15.47698974609375,92.25276857614517,0.1932057846592328,-0.6176914010032619,10.7666015625,0.0,0.0,
astfly,XC172656.ogg,78.4423828125,66.23983383178711,-0.4592793267718459,-0.8958333333333335,75.3662109375,78.0668302385206,77.678057898773,
astfly,XC176540.ogg,2763.140625,2210.9752535820007,-0.4193685499324563,-0.28819361513128205,2745.4833984375,2762.754633822564,2762.366717745441,
astfly,XC178527.ogg,2935.693359375,3506.57120347023,-0.5886358478998457,-0.5588757598524694,2906.982421875,2935.1583347944593,2934.619158387134,
astfly,XC178528.ogg,3008.7757457386365,28918.80600018935,-0.9884531283118649,-0.9675488316544874,3090.0146484375,3004.2413741916343,2999.544874962585,
astfly,XC181474.ogg,37.19371448863637,54.79840798811479,1.1360686711151315,0.08579881656804611,32.2998046875,36.59672016763306,36.070847874365484,
astfly,XC184986.ogg,610.83984375,693222.9267060757,6.78348435993008,44.01745946129308,495.263671875,518.1833116199037,501.28214822260657,
astfly,XC184993.ogg,2714.7216796875,374.25506114959717,0.31145600831206405,-1.4843174876654397,2702.4169921875,2714.6561246389915,2714.590664338536,
astfly,XC185157.ogg,3203.06396484375,364.3190860748291,-0.6578429336242115,0.21487603305785097,3197.6806640625,3203.0140794804497,3202.964069793041,
astfly,XC205473.ogg,5.582682291666667,30.05325794219971,-0.07412493166611014,-1.9945054945054945,10.7666015625,0.0,0.0,
astfly,XC212610.ogg,2244.83642578125,385.26256294811475,-0.11987947349313098,-1.3133369880178558,2217.919921875,2244.75532370476,2244.6741655017568,
astfly,XC235054.ogg,3340.6611328125,323.802387714386,-0.016964534952875317,-0.778346272805464,3337.646484375,3340.6146036536015,3340.5680707803817,
astfly,XC235964.ogg,6.4599609375,56.671857833862305,0.6578429336242115,-0.6280991735537191,0.0,0.0,0.0,
astfly,XC244242.ogg,,
astfly,XC244505.ogg,677.4676983173077,1253796.4916687747,1.2778849600618687,-0.36586444819075403,86.1328125,191.6412177271621,110.92269274571915,
astfly,XC268646.ogg,3080.2268288352275,24168.20555383509,-0.24344167469726008,-1.8374089295972769,2950.048828125,3076.629689516916,3073.007501107216,
astfly,XC268647.ogg,3021.185302734375,41021.31709456444,-1.3314459849174942,-0.11141157712885708,3122.314453125,3014.2188949665465,3006.8265657808056,
astfly,XC268648.ogg,2626.114555027174,2717.9277273034854,0.1623446854091801,-1.5617434486781865,2583.984375,2625.620526363531,2625.127549204575,
astfly,XC268649.ogg,2508.7419181034484,2031.2752251445343,0.015790006652387965,1.1631497853676436,2508.6181640625,2508.3415716621207,2507.940955179082,
astfly,XC268655.ogg,2657.8125,17829.55527305603,-1.960452559464172,1.9919047436474981,2357.8857421875,2654.7474281379223,2651.4833478005717,
astfly,XC268657.ogg,2843.0557250976562,16390.563882887363,0.9380856090793579,-0.7843151324862929,2745.4833984375,2840.4228264550225,2837.860144156207,
astfly,XC268658.ogg,2820.849609375,23661.25829079572,-0.2788350628266784,-1.6864061656520692,2637.8173828125,2816.844980790004,2812.8035672495594,
astfly,XC268659.ogg,2346.1403586647725,2097.0929210836234,1.6361104026186128,2.302529229059905,2304.052734375,2345.741986100178,2345.3513533864702,
astfly,XC268660.ogg,2563.7969970703125,312.5692158937454,-0.2101837741197034,-1.466865488355774,2540.91796875,2563.7436092319645,2563.690173109248,
astfly,XC270297.ogg,131.3525390625,81.14379644393921,-0.3436215967445456,-1.153061224489796,129.19921875,131.10130594675618,130.8462342864731,
astfly,XC277243.ogg,2831.6162109375,540.9586429595947,0.0,-1.2499999999999998,2799.31640625,2831.534332680982,2831.452453240626,
astfly,XC283475.ogg,2609.6585787259614,30167.658475729142,-0.3751902080795785,-1.5031692486223098,2745.4833984375,2603.9977639525246,2598.246033634029,
astfly,XC283515.ogg,2667.425537109375,1265.4568254947662,0.2521069720747117,-1.0445778218052562,2627.05078125,2667.247961003964,2667.070719472441,
astfly,XC283538.ogg,3135.772705078125,842.3498868942261,-0.18980777762180615,-1.1859271105125833,3090.0146484375,3135.646637212837,3135.520423357857,
astfly,XC283540.ogg,2836.4013671875,901.5977382659912,-0.23075729562141103,-1.3332015306122451,2810.0830078125,2836.2598678969334,2836.118149284238,
astfly,XC284029.ogg,,
astfly,XC285432.ogg,3079.89404296875,17512.91309595108,1.2133982001594212,1.4476718360369913,2960.8154296875,3077.194469612446,3074.577567336264,
astfly,XC285486.ogg,2998.5897775423728,14427.498442119217,1.7788768218670659,3.6793148964877185,2939.2822265625,2996.3255834669667,2994.1555016585107,
astfly,XC286838.ogg,2535.3610131048385,9396.227267480665,-0.3982104784301818,-0.6010085182289711,2454.78515625,2533.5473544051597,2531.713352557788,
astfly,XC286920.ogg,2631.6650390625,4515.348672866821,-0.8160538364133262,-1.1337883561193443,2530.1513671875,2630.919961668061,2630.1652750808325,
astfly,XC289048.ogg,,
astfly,XC289069.ogg,2519.384765625,794.8780059814453,-0.7654655446197433,-0.37500000000000044,2540.91796875,2519.245978623668,2519.106436877613,
astfly,XC292604.ogg,,
astfly,XC292666.ogg,,
astfly,XC292765.ogg,51.4404296875,34.851677277508905,-0.14505350543100853,-0.18147448015122913,53.8330078125,51.11262149593042,50.776985534934504,
astfly,XC301232.ogg,2238.017578125,3144.184112548828,0.998595790731764,0.05841695532445401,2185.6201171875,2237.3720493289343,2236.7365150970386,
astfly,XC302536.ogg,,
astfly,XC302540.ogg,2695.2392578125,38.63990306854248,0.7071067811865475,-1.5,2691.650390625,2695.234483261656,2695.2297129529593,
astfly,XC302542.ogg,2686.26708984375,5696.625709533691,-0.0891052692931789,-1.697708220659816,2594.7509765625,2685.3375991022986,2684.406785052208,
astfly,XC304272.ogg,2403.643798828125,66923.47211682278,1.5841192317609023,0.9003633450396973,2282.51953125,2391.5737008782453,2380.698338441549,
astfly,XC308580.ogg,92.71240234375,1924.7975244241602,0.40201067232399307,-1.108868450759185,43.06640625,82.76546036513382,73.40161817949395,
astfly,XC316162.ogg,1035.38818359375,1524951.8763477153,0.3393282029704575,-1.8788221766571318,0.0,0.0,0.0,
astfly,XC317196.ogg,44.14306640625,63.111841678619385,-0.13994169096209913,-0.9604331528529775,43.06640625,43.47342825495818,42.7811982615894,
astfly,XC318365.ogg,9.3310546875,30.911922454833984,-0.2529436753814016,0.6007653061224483,10.7666015625,0.0,0.0,
astfly,XC318523.ogg,,
astfly,XC324272.ogg,2771.471747036638,4425.791656148845,-0.3203269566567047,-1.5622192014257463,2691.650390625,2770.696737739545,2769.9178712110784,
astfly,XC343190.ogg,2911.5966796875,264.95933532714844,-0.4784159653873395,-1.0872395833333333,2917.7490234375,2911.5576139689892,2911.518483432623,
astfly,XC343191.ogg,2417.10205078125,3530.282053080472,-5.26984244451666e-17,-1.6177678770327466,2336.3525390625,2416.432471479572,2415.7629358334157,
astfly,XC348116.ogg,2941.07666015625,251.15936994552612,-0.3053162697580516,-1.1517159763313605,2950.048828125,2941.041041830082,2941.0053875767608,
astfly,XC348123.ogg,2896.2158203125,4265.84529876709,-1.7230569000528408,1.7869801512287342,2928.515625,2895.4841786876564,2894.7331562969234,
astfly,XC348126.ogg,3012.9920372596152,286.8269727780268,-0.2729539531133747,-0.9616231308223133,3014.6484375,3012.94805614359,3012.9040311555837,
astfly,XC365936.ogg,2920.282341452206,25901.23620103387,-0.5455534585998582,-1.2017966323626388,2993.115234375,2916.0191823820196,2911.670978600391,
astfly,XC367118.ogg,2964.889278927365,64318.38135461549,0.27951648889497815,-0.7521758090330906,2842.3828125,2954.436058582978,2944.0897949006603,
astfly,XC368291.ogg,3012.85400390625,3558.383800766685,-0.7744075663875596,0.7300142569108989,3025.4150390625,3012.3070612685096,3011.754369448379,
astfly,XC376284.ogg,3058.4326171875,6946.350574493408,0.24883729346883554,-1.404788277953336,3036.181640625,3057.376947288798,3056.325833854984,
astfly,XC377114.ogg,2807.77587890625,3320.271670818329,-1.8015094222733232,3.581179339275944,2810.0830078125,2807.2131245062633,2806.6361637917307,
astfly,XC381306.ogg,,
astfly,XC381308.ogg,2497.08251953125,810.8010429602402,-0.41215753022172275,-0.7633075372301268,2508.6181640625,2496.931295178958,2496.7796021031877,
astfly,XC381312.ogg,,
astfly,XC399574.ogg,2300.9423828125,6563.280262730338,-0.8843737645583674,-0.7879542034391029,2347.119140625,2299.5177238436413,2298.0631696130486,
astfly,XC400272.ogg,2460.16845703125,6876.766278463251,-1.6389371896425702,1.8292343538032814,2487.0849609375,2458.79796674424,2457.3750893909146,
astfly,XC404715.ogg,3145.283203125,1239.7888898849487,0.7653529579064914,0.30033684103688074,3143.84765625,3145.1002406859116,3144.918255626484,
astfly,XC417737.ogg,259.03176700367646,108.24855197878445,-0.5454418967500191,-0.8306466612933239,269.1650390625,258.8320610397851,258.6293458208445,
astfly,XC418317.ogg,2788.5498046875,1920.9551811218262,0.46183641902385175,-1.104637336504162,2745.4833984375,2788.249742502245,2787.9510199393326,
astfly,XC418344.ogg,2760.556640625,7756.960541009903,1.2949901058672748,1.70686745997652,2670.1171875,2759.2416901960364,2757.959348784825,
astfly,XC419831.ogg,2699.725341796875,1414.2204523086548,0.6616636294117979,-0.38717190719340655,2659.3505859375,2699.481206833993,2699.238484292139,
astfly,XC425505.ogg,3064.7804260253906,703270.7363505277,5.325801598122876,26.615810066914474,2928.515625,3005.31626082527,2972.6805873569974,
astfly,XC425870.ogg,,
astfly,XC425871.ogg,,
astfly,XC425872.ogg,,
astfly,XC425873.ogg,,
astfly,XC433789.ogg,,
astfly,XC433791.ogg,,
astfly,XC441497.ogg,,
astfly,XC441499.ogg,,
astfly,XC442320.ogg,2896.2158203125,77.27980613708496,0.0,-1.0000000000000002,2896.2158203125,2896.205814125363,2896.195807903656,
astfly,XC442321.ogg,2960.8154296875,115.91970920562744,0.0,-1.5,2950.048828125,2960.8023792038416,2960.789328720182,
astfly,XC450683.ogg,1810.3271484375,1837075.170003451,-0.5882809663655166,-1.6423640993137,64.599609375,703.4360290924205,156.84234161241076,
astfly,XC451886.ogg,2553.22265625,1600.7959842681885,-1.762855082688356,1.5760642092746737,2562.451171875,2552.94925472615,2552.6710920662795,
astfly,XC460579.ogg,3127.307659646739,36584.87292964135,0.41128648184631744,-0.28394616086602653,3068.4814453125,3121.61595643953,3115.994444063714,
astfly,XC460588.ogg,2925.5009765625,1859.7385346889496,-1.5293767522413597,1.9848612143620832,2950.048828125,2925.191200299047,2924.876698598145,
astfly,XC465590.ogg,840.3769003378378,306774.7223216134,3.078003541875972,7.509538068754095,689.0625,758.01268699995,721.7355700796479,
astfly,XC468237.ogg,2206.3251201923076,10144.579597619864,0.5446498671508965,-1.0967056195265619,2110.25390625,2204.1475223047037,2202.0042379905435,
astfly,XC473370.ogg,2384.80224609375,3380.991518497467,-0.2676754485801691,-1.609904761904762,2304.052734375,2384.1614835407486,2383.5181259945034,
astfly,XC473380.ogg,,
astfly,XC477194.ogg,,
astfly,XC482515.ogg,2900.649126838235,8158.701886149012,0.2861553319167529,0.11734521253922336,2906.982421875,2899.331555900569,2898.0196763484214,
astfly,XC482868.ogg,3203.2980213994565,13982.757650345213,-0.42788557665468635,-0.5467825966689568,3219.2138671875,3201.186134020377,3199.0500607236513,
astfly,XC483020.ogg,3214.599609375,7606.54091835022,-1.3168335139405227,0.656330244501508,3240.7470703125,3213.5620892954817,3212.5007539988546,
astfly,XC483021.ogg,3293.50341796875,11123.095682982741,-1.5781998057812394,2.0833418230152425,3262.2802734375,3291.8130350210345,3290.0622307685026,
astfly,XC484948.ogg,,
astfly,XC484949.ogg,,
astfly,XC484950.ogg,,
astfly,XC490513.ogg,2505.029296875,587.3265266418457,1.3746130948448825,0.44459833795013814,2487.0849609375,2504.9323852247608,2504.8362496417935,
astfly,XC494351.ogg,2647.1484375,4138.999823866219,1.1158729990538825,1.4380314516369186,2627.05078125,2646.405319246493,2645.674409485051,
astfly,XC509626.ogg,2919.90234375,2570.10555267334,-0.7162569245699287,-0.7896462163885634,2960.8154296875,2919.4881915830124,2919.070664192496,
astfly,XC520478.ogg,571.826171875,7576.640993356705,0.5165333607729579,-0.9151098623724381,462.9638671875,566.1401602320133,560.6828702733605,
astfly,XC534474.ogg,2250.687839673913,563.5622226202441,1.1925053405322408,2.327842554035305,2228.6865234375,2250.569037334601,2250.451170062469,
astfly,XC540021.ogg,,
astfly,XC548177.ogg,2845.1914911684785,6715.095881888046,-0.19498913160478784,-0.917861570398756,2928.515625,2844.0578651969845,2842.919555660233,
astfly,XC548592.ogg,2953.7937330163045,4221.676682295065,-0.7132756286239389,0.0799130874964109,2939.2822265625,2953.1027697965496,2952.4042854692807,
astfly,XC551029.ogg,,
astfly,XC551409.ogg,2718.028564453125,859.9412111859573,-0.6817675844720877,-0.70460984041171,2734.716796875,2717.877548608872,2717.725801060402,
astfly,XC551592.ogg,2922.7734375,974.8295545578003,-0.519497418950942,-0.9240819095818966,2928.515625,2922.6172211533863,2922.4604387758113,
astfly,XC552567.ogg,2765.22216796875,61621.9847263961,1.65243686119863,1.77987058000328,2713.18359375,2755.342077669514,2746.2783945602428,
astfly,XC555068.ogg,,
astfly,XC557426.ogg,3093.782958984375,18483.594106920697,-0.700300940510554,-0.2750636078486779,3176.1474609375,3090.779181044057,3087.7080865213316,
astfly,XC560016.ogg,,
astfly,XC560020.ogg,,
astfly,XC561340.ogg,2554.885451858108,40822.187323828,-0.8045318337350083,-0.9405215956103135,2702.4169921875,2546.746493428911,2538.2525298428636,
astfly,XC562462.ogg,2547.83935546875,19877.682442848498,2.408425926492619,5.404704559231661,2530.1513671875,2544.491305983406,2541.3935852512045,
astfly,XC562963.ogg,3035.643310546875,11402.533711571443,-0.9941241961215636,-0.39797192140791093,2831.6162109375,3033.81625722064,3031.946214957715,
astfly,XC569291.ogg,2588.5986328125,7752.608244235699,-0.7386594176627864,0.03143744568620921,2583.984375,2587.183734879075,2585.743980508878,
astfly,XC574241.ogg,2813.970947265625,6227.556377649307,-0.14465194442382595,-1.633815546754889,2885.44921875,2812.8919131429507,2811.810116698512,
astfly,XC574265.ogg,2732.7592329545455,552.1993420340798,1.2715395297895127,0.13249519258783504,2723.9501953125,2732.6680148251935,2732.577425106325,
astfly,XC583827.ogg,3154.6142578125,2147.034613982491,-0.013372187697958912,-1.4455465185479073,3090.0146484375,3154.28805901777,3153.9618148685477,
astfly,XC583828.ogg,3166.761192908654,52049.04449130843,0.6492722633721041,-0.9717208869800174,2982.3486328125,3158.9714621114244,3151.4090668290614,
astfly,XC583830.ogg,3097.1923828125,3084.1668085618453,-0.9125127488423415,0.008795097576288047,3143.84765625,3096.7310367848822,3096.264711361636,
astfly,XC583831.ogg,2959.8366477272725,12390.763098543339,1.2165315435374051,0.03323581377940288,2896.2158203125,2957.9861723732974,2956.1874961208077,
astfly,XC583832.ogg,3101.945206925676,10971.300489414361,-1.4201043193092082,0.7943935035556224,3165.380859375,3100.1418319162794,3098.2782132908574,
astfly,XC583833.ogg,3336.87744140625,5333.386620749598,-3.3616968368590654,12.153659380303978,3369.9462890625,3336.0483919460366,3335.175292517912,
astfly,XC583834.ogg,2914.716177926937,1620.1703582011478,-0.9338665117387704,1.271288107675895,2917.7490234375,2914.4397242619825,2914.1607828303213,
astfly,XC583839.ogg,2869.7479248046875,3894.3096425603417,-0.2460026012548028,-0.26578227819884237,2863.916015625,2869.072323018344,2868.3939368411025,
astfly,XC585864.ogg,2033.465691332547,758.1048036002286,-0.4853861119632728,-1.1190183690572744,2056.4208984375,2033.2819846570928,2033.097471454851,
astfly,XC591793.ogg,2742.791748046875,2173.4945476055145,0.2477875049984529,-1.096013223140496,2691.650390625,2742.4294564302622,2742.068103350532,
astfly,XC610073.ogg,3260.48583984375,72585.05791425705,-0.0012801781308804932,-1.9966077170543295,3509.912109375,3251.1960660592817,3241.9319765421983,
astfly,XC610530.ogg,2645.6953839557927,8346.360428304208,-0.26630305566411705,-1.1900758925063135,2562.451171875,2644.1459800777784,2642.5866305358427,
astfly,XC610531.ogg,2612.369051846591,4550.375494089994,0.2553374005822257,-1.505657028615097,2530.1513671875,2611.580380797322,2610.7950327505414,
astfly,XC612844.ogg,2251.803050321691,1455.1952800011252,0.08030814734605826,-0.6335012851759978,2260.986328125,2251.4896346686687,2251.1764232602413,
astfly,XC612952.ogg,2368.65234375,1912.6752018928528,0.3027149874657078,-1.6775206611570246,2336.3525390625,2368.269169679009,2367.8874159756797,
