#filename,mean,variance,skewness,kurtosis,mode,gmean,hmean
babwar,XC134742.ogg,7592.607421875,41391.064167022705,-1.219716746497041,1.4606210572951444,7558.154296875,7590.100252694179,7587.537354680195,
babwar,XC135051.ogg,7721.19140625,27180.41181564331,0.9339877948433143,-1.10313371698229,7611.9873046875,7719.700901097554,7718.228733894735,
babwar,XC135079.ogg,7280.180220170455,899.9584696509621,0.15314537184943142,-1.7451008890522164,7256.689453125,7280.124052560727,7280.067907702851,
babwar,XC137479.ogg,8174.335186298077,833.7302162097052,0.2836935048837064,-0.819988180007063,8161.083984375,8174.288142069388,8174.241127687432,
babwar,XC137588.ogg,,
babwar,XC138050.ogg,7738.1103515625,839.0378952026367,0.7708821452262462,-1.0478272160664819,7719.6533203125,7738.063964223739,7738.017659398798,
babwar,XC147277.ogg,6099.638671875,135983.414041916,-0.6099817428444002,-0.27042489266423475,6212.3291015625,6088.246361562166,6076.526183987151,
babwar,XC160916.ogg,7598.529052734375,698.1527940793471,0.33967390143599696,-0.01717337130651453,7611.9873046875,7598.486972242105,7598.444922810893,
babwar,XC178642.ogg,,
babwar,XC178643.ogg,,
babwar,XC178644.ogg,,
babwar,XC179090.ogg,7354.78515625,2852.9128432273865,2.236254867872119,3.460538652426254,7321.2890625,7354.614492811939,7354.445549829107,
babwar,XC180083.ogg,,
babwar,XC184372.ogg,6769.500732421875,63658.964306116104,-0.23979536012820013,-1.6203500536845004,7009.0576171875,6764.899808755653,6760.27271367131,
babwar,XC184373.ogg,7021.3623046875,2638401.7436995227,-1.8100129375639702,1.6673324154540126,7622.75390625,6752.273962192054,6366.723120987027,
babwar,XC184374.ogg,7197.47314453125,63822.07989692688,-1.152609099056764,-0.6669093958547707,7332.0556640625,7193.491831911693,7189.409052817401,
babwar,XC188543.ogg,7412.80517578125,38.63990306854248,0.0,-2.0,7407.421875,7412.8032210603105,7412.8012663398695,
babwar,XC188906.ogg,,
babwar,XC189178.ogg,3409.78271484375,25.624356771770277,-0.8728715609439694,-1.2380952380952377,3413.0126953125,3409.7791422306996,3409.775566610021,
babwar,XC189800.ogg,6961.6845703125,16669.254183769226,1.4819191331584165,0.2265456194954738,6912.158203125,6960.742144172789,6959.814970001425,
babwar,XC189801.ogg,7083.595628004808,258305.49306502708,1.8095291156240887,2.240324365949724,7084.423828125,7067.371142324841,7052.360506065684,
babwar,XC189802.ogg,6790.13671875,77.27980613708496,0.6260990336999411,-0.9600000000000004,6782.958984375,6790.131978923584,6790.127241432922,
babwar,XC196777.ogg,148.71368408203125,2773.5977591770998,1.3040345998657878,-0.2668999523340023,118.4326171875,141.41356680830586,135.98503315132604,
babwar,XC244408.ogg,,
babwar,XC244490.ogg,7617.7294921875,161275.2274274826,-0.047923742714482326,-1.5948509945987244,7202.8564453125,7607.821958422837,7597.900888911147,
babwar,XC245882.ogg,2282.51953125,15263264.03081417,0.7071007396550067,-1.5000000000000002,21.533203125,167.8052373332141,38.686194415335336,
babwar,XC253753.ogg,6933.69140625,115.91970920562744,0.0,-1.75,6922.9248046875,6933.6847189149985,6933.678031583224,
babwar,XC316723.ogg,4250.115966796875,3253740.6577169895,1.1531301906459857,-0.6678525707833907,3294.580078125,4019.6257901845784,3846.738761245708,
babwar,XC316724.ogg,7331.076882102273,59765.0651271449,-0.6202844999782023,-0.44350665848908477,7385.888671875,7327.034471646435,7322.932954973487,
babwar,XC328476.ogg,7666.965695644947,63570.54010240377,-0.33280393511992223,-0.7892441270350798,7719.6533203125,7662.8751293039495,7658.7521362732405,
babwar,XC366705.ogg,7138.974609375,276128.4753084183,-1.4818737594482925,0.22610195110801,7385.888671875,7119.517117233882,7098.615239863815,
babwar,XC368895.ogg,7502.783203125,12729.088068008423,0.27493480873697645,-1.8815528178310814,7396.6552734375,7502.057908589554,7501.334522816367,
babwar,XC370547.ogg,7381.973544034091,10021.785768595608,0.04353424362115327,-1.7428624028500634,7332.0556640625,7381.356644481611,7380.740001373215,
babwar,XC370747.ogg,6647.855500252016,4646756.216768294,-2.652681539581857,5.1931622763621235,226.0986328125,5218.769646667052,1765.763607258203,
babwar,XC373794.ogg,,
babwar,XC389097.ogg,7700.386770148027,11431.988163998252,-0.9026052604599631,-0.18048486775213757,7472.021484375,7699.677667935635,7698.9626716480725,
babwar,XC389098.ogg,3895.439265324519,15412.862873994389,-1.875946590319663,1.6417513307715508,3940.576171875,3893.458610374907,3891.397354329869,
babwar,XC389298.ogg,7437.718591024709,452033.0781299015,-0.28235650985256416,-1.3222664252940692,6438.427734375,7407.393620057246,7376.529781289082,
babwar,XC389495.ogg,7797.412109375,135182.98888206482,-0.6951488810633666,-1.2710720540297156,8021.1181640625,7788.791108325264,7779.984149785641,
babwar,XC454404.ogg,,
babwar,XC467611.ogg,,
babwar,XC476520.ogg,7482.7880859375,1418095.4825878143,-3.2188423397869212,10.857456752661363,7170.556640625,7330.936651557764,7064.10377149086,
babwar,XC477392.ogg,7087.115478515625,130168.17346215248,-1.1526443868187022,-0.6682490229621956,6546.09375,7079.98157769632,7072.602740760998,
babwar,XC477393.ogg,6755.8271484375,2419931.3485980034,-3.3212832808504555,11.76360443171988,6696.826171875,5867.918014913239,1660.016475006908,
babwar,XC486852.ogg,7268.994140625,85260.85688517644,-2.047800308157999,4.5904085793999165,7202.8564453125,7263.2286488845275,7257.118195610549,
babwar,XC497161.ogg,8997.2900390625,216.3834571838379,0.6490630160730306,-0.39795918367346994,8990.1123046875,8997.28002474063,8997.270016865727,
babwar,XC522367.ogg,7237.078857421875,40778.437703847885,0.030208765780383524,-1.4458299594974509,6998.291015625,7234.362572577226,7231.64767309522,
babwar,XC558919.ogg,,
babwar,XC560746.ogg,7357.8955078125,24609.754264354706,0.13577661256034357,-1.75243186960036,7202.8564453125,7356.5597667247375,7355.226456855699,
babwar,XC589543.ogg,7622.75390625,115.91970920562744,0.0,-1.5,7611.9873046875,7622.748837225178,7622.743768200356,
babwar,XC600297.ogg,5633.624267578125,319580.9783041477,1.153862939015226,-0.6673113729942051,5340.234375,5613.640752449148,5594.955744623532,
babwar,XC67171.ogg,8391.668701171875,4899.364073168148,0.5159216080797019,-1.034562206281391,8344.1162109375,8391.401831928953,8391.135689796567,
babwar,XC67185.ogg,4849.087344898897,4738868.070010514,0.5932006719647807,-1.6031367107417396,2928.515625,4426.106187615773,4090.811259413494,
