#filename,mean,variance,skewness,kurtosis,mode,gmean,hmean
banana,XC112602.ogg,4781.637752757353,3776227.7223082148,1.0124863631164467,-0.00635505531822389,3057.71484375,4461.165398859859,4194.849527792149,
banana,XC115505.ogg,73.4662224264706,525.0480946372537,0.23698619877401897,-0.8621342131894081,86.1328125,70.03035339996558,66.62359587562703,
banana,XC116098.ogg,61.19962993421053,528.7565683063708,0.5295458344424017,-0.9908579881656805,43.06640625,57.29950448672922,53.76002532198353,
banana,XC116099.ogg,61.907958984375,415.37895798683167,-0.9575491625535643,-0.8512709572742025,75.3662109375,58.67401233087622,54.81178977272727,
banana,XC116489.ogg,8898.312859786185,55852.28515298743,-1.7021504750412926,1.7971078661574937,9033.1787109375,8895.247960169054,8892.088822910233,
banana,XC118590.ogg,15.299907483552632,29.827293596769625,0.3198010745334156,-1.8977272727272723,10.7666015625,14.415446988281067,13.637695312499998,
banana,XC120035.ogg,8882.4462890625,77.27980613708496,0.0,-1.0000000000000002,8882.4462890625,8882.443026454159,8882.439763844639,
banana,XC120229.ogg,4.6142578125,33.119916915893555,0.28867513459481287,-1.9166666666666667,0.0,0.0,0.0,
banana,XC120284.ogg,5.38330078125,31.6144661469893,0.0,-2.0,0.0,0.0,0.0,
banana,XC120824.ogg,8167.5439453125,249719.83369465533,1.1740240085611933,-0.43231575672795364,7838.0859375,8153.410748500953,8139.920394776106,
banana,XC121915.ogg,5709.465475643382,41959.5253292252,0.8948652606040325,-0.7283390917759252,5534.033203125,5706.075306877075,5702.753844146731,
banana,XC122402.ogg,,
banana,XC123772.ogg,7560.2247971754805,266086.9156369797,1.5126198587119963,0.8817250502679035,7127.490234375,7544.329918708954,7529.41782494674,
banana,XC127164.ogg,6858.3251953125,298.079252243042,0.0,-1.3703703703703707,6836.7919921875,6858.306180454264,6858.287165582371,
banana,XC127222.ogg,72.2900390625,382.15288749107947,0.040824829046386304,-0.8778666666666668,75.3662109375,69.71159259862029,67.05131564430715,
banana,XC128032.ogg,6911.6455078125,1820072.4661946297,1.5672130415167302,0.4730428648179532,6287.6953125,6805.956661238397,6718.4060147806995,
banana,XC128376.ogg,7.177734375,30.911922454833984,-0.7071067811865475,-1.5,10.7666015625,0.0,0.0,
banana,XC131595.ogg,69.98291015625,405.71898221969604,0.0,-1.2685714285714287,43.06640625,67.45496768683996,64.88282806895178,
banana,XC140241.ogg,24.224853515625,24.839937686920166,1.1547005383792515,-0.6666666666666665,21.533203125,23.83040657167197,23.490767045454547,
banana,XC146937.ogg,7492.771661931818,203284.38439429994,0.28056138411830767,1.8535783120816385,7428.955078125,7479.335444960468,7465.889791835919,
banana,XC146976.ogg,50.60302734375,233.1274151802063,0.06406292089202097,-1.1985592625377737,32.2998046875,48.44534716162232,46.28426464943705,
banana,XC147123.ogg,6609.865159254808,9552.972958638116,1.271523591046106,0.8006992103232284,6524.560546875,6609.205932568125,6608.5544399616565,
banana,XC147124.ogg,6687.4053955078125,13923.889070749283,0.03851060740664276,-1.9321863221758273,6578.3935546875,6686.429755519511,6685.454666776032,
banana,XC149227.ogg,5441.748046875,32026.959657669067,1.3051632902008432,0.40141535547240226,5318.701171875,5439.28931343304,5436.89322451729,
banana,XC154742.ogg,8082.4049729567305,2016.7057101543135,-0.3405505033090255,-1.2483666395322477,8021.1181640625,8082.2896691588585,8082.174224955436,
banana,XC155695.ogg,8690.44189453125,251.15936994552612,-0.3053162697580516,-1.1517159763313605,8699.4140625,8690.429848493257,8690.41779836329,
banana,XC155696.ogg,,
banana,XC155797.ogg,7443.636807528409,5681926.789316265,-2.7657891085912234,5.831055610302807,7816.552734375,6059.4979150660965,2482.878478568305,
banana,XC155808.ogg,4716.054815995066,17951116.1764744,-0.18900828059827302,-1.9397899401440521,75.3662109375,1064.364375625787,175.56170752659804,
banana,XC166399.ogg,9216.97998046875,14400.157722143027,0.06312826834449203,-0.37883393701322365,9183.9111328125,9216.254865064408,9215.530004277916,
banana,XC169559.ogg,4666.2451171875,3122.1041679382324,1.317607952024268,0.012890893049701369,4629.638671875,4665.946986344818,4665.6518021490165,
banana,XC169849.ogg,,
banana,XC170035.ogg,,
banana,XC171001.ogg,8220.016961348685,171089.35607107062,-0.7860462120137307,-1.3709462664261758,8494.8486328125,8209.89072852651,8199.508590214162,
banana,XC173288.ogg,64.11021839488636,3593.2600769129663,0.1840682040901397,-1.7069495785532631,10.7666015625,0.0,0.0,
banana,XC173391.ogg,5860.6201171875,13936317.481924506,-0.9922241450334391,-1.0154014076715243,8096.484375,0.0,0.0,
banana,XC173431.ogg,7.53662109375,50.02850607821816,0.3656751497879556,-0.7055324211778702,10.7666015625,0.0,0.0,
banana,XC173565.ogg,7114.5703125,298806.23441934586,-1.498181827081657,0.24757625146836926,6136.962890625,7096.496010361631,7077.1140557953495,
banana,XC175745.ogg,8710.565185546875,53928.271383047104,-0.9245000592452799,0.9628525012688645,8699.4140625,8707.528375912168,8704.438208567126,
banana,XC177791.ogg,6205.869140625,459459.3594074249,0.4530226699828371,-1.735287862879444,5673.9990234375,6173.468465273916,6142.189416086825,
banana,XC178621.ogg,,
banana,XC178622.ogg,,
banana,XC180504.ogg,7075.810546875,943719.2494141853,-0.3146866336510005,-1.3522756491467154,5717.0654296875,7007.607334217582,6937.346167222557,
banana,XC186138.ogg,,
banana,XC188527.ogg,,
banana,XC189212.ogg,8777.3642578125,56320.36351561546,0.3042439800395128,-0.9270019395093967,8484.08203125,8774.299187913732,8771.249460925623,
banana,XC190593.ogg,8475.1611328125,182829.14982823766,-1.2085309638877966,2.263928114810981,8559.4482421875,8464.195967724965,8452.700284743185,
banana,XC1926.ogg,4461.859130859375,14729547.735141082,-0.03170084682043264,-1.6998156661632582,355.2978515625,2062.911771083928,800.5512749151904,
banana,XC192713.ogg,7698.1201171875,1478671.8106269836,-1.485829855045599,1.5588784867513352,7795.01953125,7589.177686741594,7457.252053570129,
banana,XC195411.ogg,6253.8642578125,4594.0682753920555,-0.4038144755225436,-1.2517163650208796,6309.228515625,6253.497500385711,6253.129667427857,
banana,XC196395.ogg,,
banana,XC196680.ogg,3098.0126953125,10896870.950397324,0.6276581041837818,-1.0262909998227423,118.4326171875,993.287252202223,317.45280662315696,
banana,XC196681.ogg,4980.322265625,2753997.5221340475,-0.14298112084677003,-1.5549079633860565,3423.779296875,4699.435924735108,4408.194591893044,
banana,XC196682.ogg,3603.043212890625,95814.04574764402,3.381231511695105,11.432119936452658,3391.4794921875,3592.309115332276,3583.138121380786,
banana,XC196936.ogg,7823.919356496711,1782375.8423871032,0.33814836473420234,-1.6005073168126556,6319.9951171875,7715.889929229843,7612.339018692818,
banana,XC197514.ogg,7557.326096754808,202246.72169318568,0.49648369884179844,-1.3362152866797699,7213.623046875,7544.6837074575205,7532.282366313584,
banana,XC199048.ogg,9052.55859375,845831.3421607018,-1.4997430406854628,0.2496573993193878,9463.8427734375,9011.297272051297,8966.015745795818,
banana,XC199059.ogg,8310.446111505682,712129.3544119055,-1.4710842193106852,0.5035276617424382,8817.8466796875,8263.460015779421,8211.257687950128,
banana,XC202020.ogg,642.8558349609375,263817.92819046456,-0.15282645307285994,-1.8739761766694099,96.8994140625,0.0,0.0,
banana,XC211366.ogg,,
banana,XC211811.ogg,8563.193147078804,387498.5385154519,0.105815803206806,-1.082281223949694,8430.2490234375,8540.927400922059,8518.728668056776,
banana,XC213283.ogg,,
banana,XC213285.ogg,,
banana,XC213286.ogg,6760.0799560546875,141270.9356099367,-0.004931871187693138,-1.992215245762203,6416.89453125,6750.92930182344,6741.789268064696,
banana,XC213287.ogg,5408.8714599609375,726.5681773424149,0.4790158447160725,-1.5787371855747925,5394.0673828125,5408.812777933354,5408.754183492491,
banana,XC213288.ogg,8161.083984375,589674.6438283187,-0.28693473363440725,-1.9150006266611352,7299.755859375,8126.870737397406,8092.196936082819,
banana,XC213296.ogg,,
banana,XC213995.ogg,5312.204084725216,665940.1808303194,0.8767335903675774,-0.8688867909644014,4737.3046875,5255.088155240156,5202.693775895089,
banana,XC213998.ogg,,
banana,XC214002.ogg,8190.692138671875,11133.658736944199,-1.4102662660168623,2.484125628935157,8268.75,8190.028694265151,8189.357016116462,
banana,XC214517.ogg,,
banana,XC214519.ogg,,
banana,XC214520.ogg,6262.5732421875,1440.2145689184015,-0.3228189413440122,-1.116121356335515,6266.162109375,6262.467704421738,6262.362033675638,
banana,XC214521.ogg,,
banana,XC214522.ogg,8202.192826704546,16943.246223709797,-1.610148603116435,0.6640467857891887,8247.216796875,8201.238274278825,8200.267993396152,
banana,XC214523.ogg,7309.694260817308,11253.12869365399,-0.23470258735086758,-0.9830726975603681,7224.3896484375,7308.982075415963,7308.268265853795,
banana,XC214524.ogg,6204.988236860795,22625.168697400524,-0.5939324498569064,-0.9390724145078986,6244.62890625,6203.230867104737,6201.456619592244,
banana,XC214525.ogg,,
banana,XC214711.ogg,,
banana,XC214712.ogg,6904.083251953125,106.25973343849182,-0.49338220021815865,-1.371900826446281,6912.158203125,6904.077477922953,6904.0717014368665,
banana,XC215467.ogg,9332.907006048386,328795.41105993337,-0.14871609753500134,-1.2997112232446577,8742.48046875,9315.72039223769,9298.419469894989,
banana,XC215533.ogg,79.6728515625,34.77591276168823,0.40824829046386296,-1.8333333333333333,75.3662109375,79.50115905170308,79.33285361842105,
banana,XC215541.ogg,4395.849609375,12238489.532562403,-0.3318152565177612,-1.6157307125247857,86.1328125,1419.4814987557768,239.2759413217832,
banana,XC215557.ogg,,
banana,XC215659.ogg,,
banana,XC215676.ogg,,
banana,XC233959.ogg,,
banana,XC234129.ogg,8850.028170072115,378726.41977897054,0.29261182975551653,-1.2966230047317857,9733.0078125,8829.09170326833,8808.418402291372,
banana,XC235220.ogg,,
banana,XC241562.ogg,7889.227294921875,22966.05572104454,1.3542031769293037,1.0661327536255802,7784.2529296875,7887.846785894342,7886.48895481754,
banana,XC242441.ogg,10.7666015625,115.91970920562744,0.0,-1.75,0.0,0.0,0.0,
banana,XC244175.ogg,8428.230285644531,411904.74770218134,-1.0525019025812943,-0.3487109898915133,8290.283203125,8403.987278946002,8378.396100220269,
banana,XC245395.ogg,,
banana,XC247111.ogg,5280.603966346154,948.04488328787,0.42266867971354727,-1.265966535710609,5254.1015625,5280.51778953064,5280.43175112474,
banana,XC247112.ogg,6876.058421415441,1564.063723472988,0.38388790489317237,-1.3040852630875681,6847.55859375,6875.951529858778,6875.844790505935,
banana,XC247113.ogg,,
banana,XC250683.ogg,3106.16455078125,99.35975074768066,0.0,-0.6666666666666665,3100.78125,3106.150555949587,3106.1365610128237,
banana,XC250684.ogg,6923.110435748922,196093.40565120245,0.7048980680480619,-0.47735757816988844,6998.291015625,6909.553986109328,6896.3602873606,
banana,XC250685.ogg,6695.4803466796875,119163.52906823158,-0.3643378781278517,-0.9919463673413156,6427.6611328125,6687.019881737703,6678.445650576849,
banana,XC250686.ogg,7108.441631610577,12618.900652115162,0.4026408599315782,-0.5633745352325747,7181.3232421875,7107.625468032961,7106.8124728309,
banana,XC250687.ogg,7310.5224609375,115.91970920562744,0.0,-1.5,7299.755859375,7310.5171754149915,7310.511889892487,
banana,XC250688.ogg,8073.15673828125,409052.09385830426,-0.1619494103331823,-1.7371676405186178,7601.220703125,8048.616642808962,8023.905331257378,
banana,XC251903.ogg,7.177734375,30.911922454833984,-0.7071067811865475,-1.5,10.7666015625,0.0,0.0,
banana,XC2593.ogg,8035.799893465909,2096913.772442124,-2.4541316626959584,6.214945709118814,8925.5126953125,7837.548861197386,7516.639872863883,
banana,XC259502.ogg,,
banana,XC261114.ogg,8300.390625,282334.0831696987,1.3986291240846846,0.21419409634969266,8150.3173828125,8284.631738766138,8269.753436223678,
banana,XC262501.ogg,8583.544921875,90485.82100868225,0.7654886262479764,-0.39846682333535544,8387.1826171875,8578.606699093581,8573.749965893703,
banana,XC262502.ogg,5125.469006990132,20227505.918647118,-0.2615828743027045,-1.8505673298694076,43.06640625,908.3807874488697,93.82916672568936,
banana,XC262503.ogg,8392.765299479166,80059.23711336576,-0.16560827120035948,-1.444297326374572,8257.9833984375,8388.152923568598,8383.523391467661,
banana,XC262504.ogg,8343.218994140625,2357774.3925966998,-2.7596077546526714,6.177845554486204,3585.2783203125,8139.470325709574,7821.610780640611,
banana,XC262505.ogg,48.44970703125,38.63990306854248,0.0,-2.0,43.06640625,48.1497059608109,47.8515625,
banana,XC269287.ogg,31.103515625,128.7996768951416,0.9028124459155401,-0.27937499999999993,21.533203125,29.476034578956714,28.086786684782613,
banana,XC275597.ogg,6388.9013671875,19220755.175113678,-0.8726463048514758,-1.2381569306663311,32.2998046875,1725.7093835977514,116.40346005221424,
banana,XC275598.ogg,7654.4384765625,4399493.515028673,-2.7476632043822633,7.5913399144907014,7385.888671875,5980.136359788157,692.2594267807009,
banana,XC277006.ogg,3469.186268682065,5953.599610347521,-0.09547647165439549,-1.21210361851336,3456.0791015625,3468.3641188729816,3467.540716926257,
banana,XC277010.ogg,7051.295823317308,141137.64302933263,-1.441407897420147,1.3623095776062586,7375.1220703125,7040.993422283278,7030.107397374996,
banana,XC277013.ogg,6740.66162109375,72502.68273628675,-1.865407305526057,1.8194666842384342,6826.025390625,6735.4114930419955,6729.895396911471,
banana,XC283825.ogg,7777.0751953125,121422.03140258789,-0.04007845212232321,-1.9498642637225663,8096.484375,7770.55973396912,7764.042056856953,
banana,XC284997.ogg,7860.9649658203125,155021.359115839,0.7851146528810184,-1.0271204987465508,7590.4541015625,7851.940467380516,7843.140955283437,
banana,XC28577.ogg,8489.879432091346,18501.08281924174,-0.6950196405641836,-1.065448028841286,8602.5146484375,8488.86630350333,8487.845894957341,
banana,XC287776.ogg,794.7484509698276,4338194.101716675,2.418506827046965,3.857781329528211,43.06640625,84.81672396670265,53.88520423817965,
banana,XC288516.ogg,3147.51288231383,454.99290116510383,-0.48108929917111226,0.3962419088011133,3143.84765625,3147.4419852316305,3147.3709299280586,
banana,XC288954.ogg,7147.388004351265,413034.0764689701,0.3052426655789913,0.5417568031102351,6998.291015625,7119.029910158356,7090.707918208811,
banana,XC291472.ogg,,
banana,XC294693.ogg,9621.03515625,9887.95119524002,1.4453296364803674,0.17754522002888873,9560.7421875,9620.627674476855,9620.223796396993,
banana,XC297013.ogg,7559.900232263513,84103.0560474138,0.43036652925419405,-0.44436539048021606,7407.421875,7554.538836216233,7549.227506409493,
banana,XC303100.ogg,5076.45263671875,2511.5936994552612,0.0,-1.9394082840236686,5028.0029296875,5076.267100281705,5076.081569803949,
banana,XC303599.ogg,172.265625,92.73576736450195,0.0,-1.5,161.4990234375,172.0410281025498,171.81643171447197,
banana,XC303796.ogg,,
banana,XC308450.ogg,9220.50197435462,38218.88018310808,-0.7975028209786978,-0.2164117433410131,9345.41015625,9218.420306915601,9216.314288353995,
banana,XC308451.ogg,8500.904846191406,19056.717194616795,0.87402209237997,-0.32125512798484346,8387.1826171875,8499.863387291975,8498.83126204756,
banana,XC308452.ogg,7335.245768229167,6472.018636189974,0.4115925029007921,-0.9149484334684566,7278.22265625,7334.822164406928,7334.399786896932,
banana,XC308651.ogg,4518.12744140625,28972.92116513619,0.6667286238268458,-1.2909481757851622,4371.240234375,4515.19591166023,4512.311623169246,
banana,XC312360.ogg,2777.783203125,12804063.067619618,0.6058296265632561,-1.6199171761772206,193.798828125,750.8449159445679,321.36250171142973,
banana,XC315195.ogg,,
banana,XC316987.ogg,,
banana,XC316989.ogg,,
banana,XC316990.ogg,7360.7666015625,38.63990306854248,-0.7071067811865475,-1.5,7364.35546875,7360.764851179971,7360.763100228659,
banana,XC316991.ogg,6.4599609375,34.77591276168823,-0.40824829046386296,-1.8333333333333333,10.7666015625,0.0,0.0,
banana,XC318598.ogg,,
banana,XC319635.ogg,4018.9791165865386,66153.23485874454,-3.3154998205805644,10.730030740632266,4005.17578125,4009.574851634886,3998.5081680740277,
banana,XC320349.ogg,,
banana,XC32051.ogg,7831.796536587252,176050.20053351283,1.8817092712808317,3.793187550972142,7568.9208984375,7821.32456545905,7811.456579161513,
banana,XC32055.ogg,8188.359375,289365.4401713404,-0.9910878594276962,-0.5448114734019773,8516.3818359375,8170.473968510303,8151.784002681784,
banana,XC32074.ogg,8084.64111328125,8976.049482822418,-0.2581612788393685,-1.6693337266871608,8161.083984375,8084.140514744133,8083.638970643771,
banana,XC32077.ogg,7056.639049899193,892062.2411543323,1.9155774503176384,3.197320760555053,6901.3916015625,7003.374548573959,6956.791369223095,
banana,XC326973.ogg,,
banana,XC331385.ogg,40.58180588942308,41.612203304584206,0.0572702661240893,-0.39540816326530637,43.06640625,40.100571402252065,39.612968012971706,
banana,XC331386.ogg,48.44970703125,165.59958457946777,0.0,-1.3599999999999999,32.2998046875,46.897993995106255,45.33305921052632,
banana,XC331387.ogg,8537.9150390625,231.83941841125488,0.0,-0.9600000000000004,8537.9150390625,8537.90372483014,8537.892410581544,
banana,XC335021.ogg,6953.911609184452,258258.65106320963,-1.0676204134040603,-0.48777492560410174,5943.1640625,6934.759398466663,6914.569835898493,
banana,XC336666.ogg,,
banana,XC33682.ogg,6873.7060546875,1558651.3146070333,0.591462153558858,-1.6418738891508973,5943.1640625,6774.479020312554,6682.850129413095,
banana,XC338406.ogg,9140.8447265625,77.27980613708496,0.0,-1.0000000000000002,9140.8447265625,9140.841556183474,9140.838385803352,
banana,XC340263.ogg,4731.15234375,2663400.4621645985,-1.8455698338448943,3.107524933745771,4715.771484375,3632.578951014211,931.7558789167686,
banana,XC345364.ogg,7390.355666140293,620046.82042845,0.04655470080736556,-0.5369688038816998,7353.5888671875,7348.540013381768,7306.444461425951,
banana,XC346009.ogg,,
banana,XC347839.ogg,,
banana,XC351514.ogg,53.8330078125,115.91970920562744,0.0,-1.5,43.06640625,53.10544554588561,52.37806165540541,
banana,XC351849.ogg,5827.1240234375,519473.38485717773,0.1708740852911307,-1.4664732703123453,5318.701171875,5784.059408411516,5741.5644824742785,
banana,XC352977.ogg,5995.592730978261,471511.8935362624,1.5303496138101056,1.9093850281117497,5307.9345703125,5961.426401414253,5930.345159447613,
banana,XC353176.ogg,5764.74609375,155148.97694954506,-0.4669241907087034,-1.5687738253048147,6104.6630859375,5751.968164835712,5738.938884083574,
banana,XC354864.ogg,39.66642680921053,837.8757928547107,1.667910287251464,2.7550468155968213,21.533203125,32.119667239056355,26.534119971819027,
banana,XC355307.ogg,8951.258916440218,3649750.371565931,-4.466683891068226,17.985399101975677,9399.2431640625,7899.056192530337,3061.2614224823296,
banana,XC357044.ogg,,
banana,XC359470.ogg,6123.711688701923,1552573.5975458072,-1.179629173281174,1.6504171242914092,5717.0654296875,5972.97167700436,5773.015058796947,
banana,XC360208.ogg,,
banana,XC360840.ogg,7638.90380859375,8377.428215283613,0.08887404415528222,-0.24224099816435585,7655.0537109375,7638.394907878969,7637.886270437122,
banana,XC365702.ogg,,
banana,XC372722.ogg,24.224853515625,24.839937686920166,1.1547005383792515,-0.6666666666666665,21.533203125,23.83040657167197,23.490767045454547,
banana,XC372724.ogg,21.533203125,0.0,0.0,-3.0,21.533203125,21.533203125,21.533203125,
banana,XC372725.ogg,4.306640625,34.77591276168823,0.40824829046386296,-1.8333333333333333,0.0,0.0,0.0,
banana,XC375205.ogg,,
banana,XC37645.ogg,7832.00046705163,309851.54998396704,1.7024459464075707,0.9476756196101928,7504.3212890625,7814.430590041728,7798.15536554484,
banana,XC37656.ogg,1066.3920084635417,6393486.308752096,2.034675824301653,2.2469013956783748,21.533203125,0.0,0.0,
banana,XC377218.ogg,,
banana,XC382368.ogg,1.79443359375,19.31995153427124,1.788854381999832,1.2000000000000002,0.0,0.0,0.0,
banana,XC384662.ogg,,
banana,XC387899.ogg,4538.12255859375,57.95985460281372,0.0,-2.0,4532.7392578125,4538.119365650293,4538.116172709075,
banana,XC388560.ogg,7369.73876953125,38.63990306854248,0.0,-2.0,7364.35546875,7369.736803387531,7369.734837244339,
banana,XC389034.ogg,,
banana,XC393165.ogg,5288.5546875,5558731.303453445,0.39909238875145653,-1.8284084128830842,3316.11328125,4845.141628525842,4476.887345844188,
banana,XC393396.ogg,7563.53759765625,38.63990306854248,0.0,-2.0,7558.154296875,7563.535681890597,7563.533766125445,
banana,XC397320.ogg,6074.15771484375,341396.2015098539,1.32016940137583,0.6528418822447692,5577.099609375,6048.92137781667,6025.514853542598,
banana,XC397480.ogg,7978.0517578125,7083698.869943619,-0.47581598037251877,-1.3931172886218703,4521.97265625,7593.055863231208,7172.07887171656,
banana,XC401626.ogg,,
banana,XC403852.ogg,7694.8073167067305,10131.085354548237,0.26225993393063135,0.16508574752145488,7676.5869140625,7694.200856918219,7693.595573466212,
banana,XC406935.ogg,,
banana,XC409350.ogg,8119.453125,3536261.0009908676,-2.0239599701806807,2.281808436606563,8828.61328125,7811.095579952495,7363.012737459551,
banana,XC411998.ogg,3037.97607421875,77314.58204984665,0.7066297524479721,-1.4986513153393033,2853.1494140625,3027.7551470961102,3017.9503048394877,
banana,XC413191.ogg,,
banana,XC416125.ogg,3717.790339543269,200664.44738553118,0.803824101414857,-1.307544489466631,3456.0791015625,3694.2458446227197,3672.181111009259,
banana,XC417414.ogg,8432.14901194853,4176.518934614519,-0.3081047722316603,-0.4082773011245262,8365.6494140625,8431.915555833215,8431.681729475664,
banana,XC418233.ogg,6902.587890625,947946.3019967079,1.9129485105399149,2.469049376515514,6492.2607421875,6849.781750482637,6804.181682842467,
banana,XC419425.ogg,8815.415511592742,2264582.0114920214,-3.292583804286975,9.36094248550242,9291.5771484375,8602.983380623422,8238.791144919498,
banana,XC419426.ogg,8815.415511592742,2264582.0114920214,-3.292583804286975,9.36094248550242,9291.5771484375,8602.983380623422,8238.791144919498,
banana,XC420337.ogg,2131.787109375,4102862.1876239777,2.658620632637625,5.085720189936744,1453.4912109375,1759.9011664831758,1618.9545985951968,
banana,XC421240.ogg,6115.981820913462,3074995.712186643,-0.011088550225361298,2.217078741457777,5447.900390625,5637.291283916724,3698.918134167137,
banana,XC427233.ogg,7962.0556640625,724323.42626768,-1.1427227181340338,0.41884457513597884,8408.7158203125,7913.464275380248,7860.122495434261,
banana,XC428283.ogg,8159.065246582031,8164.128519594669,1.5800153163502595,1.5649530957302442,8128.7841796875,8158.601395727007,8158.142681179036,
banana,XC428514.ogg,7679.278564453125,4433.92887711525,-1.1342573752540612,-0.6812479530664843,7708.88671875,7679.060802983449,7678.841801958783,
banana,XC428560.ogg,7.6904296875,71.20782136917114,0.5342543384850482,-1.1106003244997296,0.0,0.0,0.0,
banana,XC430035.ogg,,
banana,XC4311.ogg,48.44970703125,753.4781098365784,0.763290674395129,-0.9761122068814374,32.2998046875,42.274265337672546,37.39743065127499,
banana,XC437549.ogg,2.691650390625,22.679943105448846,1.1547005383792515,-0.6666666666666661,0.0,0.0,0.0,
banana,XC437586.ogg,,
banana,XC443365.ogg,7894.072265625,224220.44299778185,1.6256979716015392,1.5684069886473937,7579.6875,7881.351159961942,7869.362558148282,
banana,XC443366.ogg,6428.639914772727,1696194.091135805,0.19342803361936028,-1.9483244675971452,5286.4013671875,6310.523898112993,6197.316793857475,
banana,XC444909.ogg,110.83266314338235,25.570524089476642,0.903696114115067,-1.1833333333333296,107.666015625,110.72685396449143,110.6238731971154,
banana,XC450975.ogg,4692.7001953125,827.9979228973389,0.6166100874945203,-1.1587999999999996,4672.705078125,4692.624751377254,4692.549483083648,
banana,XC455324.ogg,,
banana,XC455404.ogg,8274.948952414772,8614.502935246988,-0.8035194717414526,-0.5103026664794679,8354.8828125,8274.441159944925,8273.930318159537,
banana,XC460314.ogg,6187.013038429054,1070964.2658281974,-5.605312341739778,30.286638222493544,6104.6630859375,5730.397713915809,2887.6186164484916,
banana,XC460421.ogg,6582.193531709559,485021.70092919294,3.6820639923189735,11.740493737004465,6330.76171875,6554.278456347841,6531.792171972629,
banana,XC462887.ogg,5864.9267578125,50565.28115272522,-1.545176840728802,2.4220536870370113,6007.763671875,5860.734991708464,5856.3651122274505,
banana,XC465602.ogg,,
banana,XC466225.ogg,7876.5380859375,5713.798999786377,0.08014012915131387,-1.0299098067360943,7816.552734375,7876.188483004872,7875.839041273102,
banana,XC46631.ogg,8431.787109375,1941.3366684546838,-1.9303988839547297,3.6345299357265386,8430.2490234375,8431.679510983438,8431.571205712473,
banana,XC46632.ogg,7242.154541015625,5567.501612399754,3.2264271925043686,10.511688067176161,7192.08984375,7241.797033866489,7241.446991251271,
banana,XC46637.ogg,7703.50341796875,11334764.405786991,-1.4569860105281285,0.1980103065832175,9087.01171875,6314.493352762983,4268.893482595822,
banana,XC467099.ogg,6393.2080078125,11049950.23226738,-0.6886145490108965,-1.499083492706716,8408.7158203125,5187.340693801472,3907.8611416348285,
banana,XC46763.ogg,57.8704833984375,97.28975594043732,0.39104231763265346,-0.46627433227704795,53.8330078125,57.1473649754463,56.436476209048365,
banana,XC469261.ogg,9212.6220703125,80323.95850057187,0.3663174860734467,-1.0511908065926718,9162.3779296875,9208.472276980441,9204.35151788451,
banana,XC471931.ogg,,
banana,XC47368.ogg,,
banana,XC479540.ogg,5674.896240234375,11627915.690392256,-0.8702392794025449,-0.8528914677251147,7192.08984375,3199.4592570473224,933.7358918471571,
banana,XC482815.ogg,5669.769287109375,450357.25351355295,0.29839820293251856,-1.529853455856879,4898.8037109375,5631.423861778902,5594.004878197729,
banana,XC484774.ogg,,
banana,XC489021.ogg,,
banana,XC489154.ogg,,
banana,XC489594.ogg,6196.873818674395,4548000.031698481,-2.4008777822944833,3.8795396976540113,6847.55859375,4776.207492459035,1439.5675741216633,
banana,XC490740.ogg,,
banana,XC491921.ogg,6050.830078125,857269.3054676056,-1.7178370771902434,1.776548982643014,3865.2099609375,5965.458010273711,5860.599847084497,
banana,XC494058.ogg,6852.113694411058,1343789.2420374432,0.09683977541999819,-1.1086904678534435,5641.69921875,6757.167171348131,6662.6368601297045,
banana,XC495667.ogg,355.2978515625,10942.82054901123,0.5954534513258595,-1.2807622330747872,269.1650390625,341.9151233107406,330.0111014012125,
banana,XC495668.ogg,0.0,0.0,0.0,-3.0,0.0,0.0,0.0,
banana,XC495669.ogg,0.0,0.0,0.0,-3.0,0.0,0.0,0.0,
banana,XC496296.ogg,,
banana,XC499856.ogg,,
banana,XC500942.ogg,5179.905634341033,1718673.1525633647,2.134112548459107,2.664102375079513,4554.2724609375,5057.6932912833545,4967.378871384816,
banana,XC506039.ogg,,
banana,XC510854.ogg,,
banana,XC519180.ogg,19.3798828125,69.55182552337646,0.3436215967445456,-1.153061224489796,10.7666015625,17.697621016042383,16.149902343750004,
banana,XC519808.ogg,5921.630859375,0.0,0.0,-3.0,5921.630859375,5921.630859375005,5921.630859375001,
banana,XC519809.ogg,8901.31950827206,743539.1150046795,-4.8643252864272775,22.933011689007365,9076.2451171875,8838.74039076367,8741.761464910458,
banana,XC520548.ogg,99.052734375,81.14379644393921,-0.3436215967445456,-1.153061224489796,96.8994140625,98.71738504317878,98.3750396573604,
banana,XC520564.ogg,4451.98974609375,258272.52151334987,-1.5593250816458255,0.7878945711773531,4661.9384765625,4420.7578741745965,4385.394931233247,
banana,XC520818.ogg,255.0989950856855,7801.163486706902,1.4182884929116508,0.034249622452923845,215.33203125,243.42394413922085,234.82681778597362,
banana,XC520819.ogg,17.9443359375,30.911922454833984,-0.7071067811865475,-1.5,21.533203125,17.090914646434957,16.14990234375,
banana,XC520820.ogg,261.9873046875,7991.641128764433,1.774269294567164,1.1821919882584542,226.0986328125,251.347070327353,243.80252158004308,
banana,XC520821.ogg,27.685546875,33.119916915893555,-0.28867513459481287,-1.9166666666666667,32.2998046875,27.147648270738323,26.599839154411764,
banana,XC520822.ogg,81.826171875,1164.34907913208,-1.0260410207339643,-0.3388284125616732,21.533203125,71.1869215475016,56.488283172294345,
banana,XC520823.ogg,39.15127840909091,1350.991520014676,1.6387505047799542,0.7557285442743757,21.533203125,30.197108550536583,26.177336685783658,
banana,XC523829.ogg,322.7909968449519,595815.8969292544,7.000319369317526,47.00972807532825,215.33203125,229.69188662051585,219.5341578089639,
banana,XC523830.ogg,5625.54931640625,11479729.02758555,-1.1543596524646536,-0.6669259829059193,7525.8544921875,0.0,0.0,
banana,XC523831.ogg,3451.1851917613635,5010717.028829861,-0.6425482232174272,-1.2294764507554155,204.5654296875,1862.4861633818293,626.0698205348681,
banana,XC523832.ogg,2429.806640625,6808309.575980902,0.24096783449628797,-1.9385661061276491,204.5654296875,620.4079141872612,86.86635793320868,
banana,XC523833.ogg,1153.179931640625,3674494.5488870144,1.388403196402661,-0.06416831224788044,204.5654296875,271.19375333316026,67.65838095986025,
banana,XC523834.ogg,4552.734375,3660026.8185138702,-2.0389790921935833,2.161741475442593,215.33203125,3340.484824965827,1210.7848864058037,
banana,XC523835.ogg,251.220703125,7025.436921553178,1.7888543819998317,1.1999999999999993,215.33203125,241.70203286349292,234.90767045454544,
banana,XC523836.ogg,3173.994140625,81.14379644393921,0.3436215967445456,-1.153061224489796,3165.380859375,3173.9839204470777,3173.973706192957,
banana,XC523837.ogg,3470.4345703125,12669546.486464413,0.00046114827713452896,-1.9993873778101274,64.599609375,656.5098963450641,123.90522218718485,
banana,XC523838.ogg,40.9130859375,23.18394184112549,-1.5,0.25,43.06640625,40.65845629697772,40.374755859375,
banana,XC523839.ogg,4867.878366023936,6669357.899140146,-1.2516761013829942,-0.42071607564706337,215.33203125,2905.475767431051,845.9056483666697,
banana,XC523840.ogg,3257.9063415527344,8454359.88176674,-0.11473144084329065,-1.973834380492105,215.33203125,1257.9206472997173,443.92843291467847,
banana,XC523841.ogg,7081.34765625,4425065.849348903,-2.885762253205961,6.671735910748971,7902.685546875,5737.0520054784065,2004.621831369768,
banana,XC524991.ogg,,
banana,XC524992.ogg,,
banana,XC524993.ogg,,
banana,XC524994.ogg,,
banana,XC524995.ogg,,
banana,XC529278.ogg,26.502403846153847,31.209152478438153,0.1543033499620916,-1.976190476190476,21.533203125,25.96459339603592,25.44833096590909,
banana,XC529279.ogg,24.966032608695652,39.18343111682121,1.6415291209144751,1.6353281948448677,21.533203125,24.338191989009733,23.836219502005346,
banana,XC529499.ogg,127.0458984375,33060.301065444946,1.497556954351711,0.2466713401092515,43.06640625,72.07065934223405,55.280839318459655,
banana,XC537263.ogg,,
banana,XC538271.ogg,8863.330078125,23170.73330283165,-0.7686826721339652,1.0780608433609036,8796.3134765625,8862.03780552337,8860.733374419202,
banana,XC541448.ogg,,
banana,XC544045.ogg,,
banana,XC551640.ogg,6852.94189453125,12518761.197736388,-0.32552816077315144,-1.8390159723933492,2713.18359375,5774.942442910643,4742.528364950588,
banana,XC571076.ogg,8169.697265625,255.02336025238037,0.37003665016361903,-0.7830578512396693,8171.8505859375,8169.684784671148,8169.672309075353,
banana,XC576031.ogg,8765.394005408654,1976218.6007074988,-5.969661333421674,33.773084516024966,9000.87890625,8179.662152938853,4508.634206736613,
banana,XC577123.ogg,7707.3486328125,209.75947380065918,0.271676526951981,-0.8760387811634347,7698.1201171875,7707.336972666294,7707.325316173307,
banana,XC583784.ogg,5300.0390625,127535.96806526184,-0.7736352742079791,-1.262143035716367,5566.3330078125,5288.4008058143145,5276.373494531113,
banana,XC584910.ogg,6460.939719460227,1314354.5690124684,-0.27750633310576783,-1.7831559757330648,4920.3369140625,6364.497672932677,6265.904398164889,
banana,XC58862.ogg,,
banana,XC58863.ogg,,
banana,XC58864.ogg,,
banana,XC58865.ogg,,
banana,XC58866.ogg,,
banana,XC58867.ogg,,
banana,XC58868.ogg,,
banana,XC589670.ogg,8142.035381610577,41173.78901976806,1.8812529866000571,1.6105419178214353,8053.41796875,8139.768859122745,8137.568462695033,
banana,XC590531.ogg,215.33203125,77.27980613708496,0.0,-1.0000000000000002,215.33203125,215.1973223750404,215.06252933354193,
banana,XC591270.ogg,9097.022769325658,513726.5902208655,-0.1668128232313299,-1.4541242750733931,8225.68359375,9068.94869981007,9040.620476135471,
banana,XC59515.ogg,9522.569691051136,13014.621897177265,-0.9714670931519189,-0.8282042715009394,9366.943359375,9521.943793294611,9521.313244571129,
banana,XC603264.ogg,7738.1103515625,311040.17972946167,0.9452470344090499,-1.1011629913917744,7385.888671875,7721.557961668093,7705.700152461139,
banana,XC614396.ogg,9343.61572265625,3728.7506461143494,-0.2720735022546129,-1.34776665145373,9270.0439453125,9343.449260415653,9343.282617354269,
banana,XC614934.ogg,9435.849609375,45669.05343532562,-1.8519452081037988,3.107959919493844,9442.3095703125,9433.526769871321,9431.137589904885,
banana,XC616607.ogg,7073.6572265625,573173.2821464539,-2.266362638587228,3.1392754098399633,7332.0556640625,7031.583190383372,6981.944567849144,
banana,XC6991.ogg,8031.884765625,1004.6374797821045,-0.254007479667234,-1.622781065088757,8064.1845703125,8031.831125932964,8031.777453163376,
banana,XC70807.ogg,6064.288330078125,1793445.7154086856,0.2215363038875846,2.3783111178057155,5630.9326171875,5891.6751237806875,5627.47127492798,
banana,XC75027.ogg,5411.832275390625,106759.3067115859,-1.7495508751365196,1.4530812055545423,5555.56640625,5401.747293678457,5390.909934798871,
banana,XC84472.ogg,7899.9070690524195,103832.89823609013,-0.29721374507527926,-0.9972340171472847,7665.8203125,7893.4888783465085,7887.014860303391,
banana,XC84473.ogg,5137.588571947675,63716.807021477885,-0.490684857986253,-0.9795498234354678,5297.16796875,5131.3254481975255,5124.955739374102,
banana,XC84475.ogg,7913.4521484375,1356.260597705841,0.5069685834360046,0.6058514135437214,7913.4521484375,7913.370658388871,7913.289290105966,
banana,XC84476.ogg,7314.510091145833,1332894.2301588235,-0.5562480688166249,-1.614067269512504,8107.2509765625,7218.782645926801,7118.230680223216,
banana,XC84477.ogg,5835.198974609375,33256.70706225442,0.688286236628614,2.352105222340885,5781.6650390625,5832.403068076843,5829.6374540633715,
banana,XC84478.ogg,5552.33642578125,774.086058139801,-0.0586410900341993,-1.4216627307233367,5523.2666015625,5552.273676033653,5552.210914515576,
banana,XC84790.ogg,4911.1083984375,14120.124578475952,-1.7290280176099173,1.587283696887411,4651.171875,4909.84306306121,4908.5439042870075,
