#filename,mean,variance,skewness,kurtosis,mode,gmean,hmean
banswa,XC138517.ogg,0.0,0.0,0.0,-3.0,0.0,0.0,0.0,
banswa,XC138869.ogg,,
banswa,XC138873.ogg,,
banswa,XC139144.ogg,,
banswa,XC140280.ogg,1424.3580537683824,545224.9428454568,3.491631390601605,10.890711007835147,1033.59375,1332.5717617070275,1283.8174541763424,
banswa,XC140282.ogg,4676.069641113281,474478.20673137903,0.5653839240772377,-1.2940567107334253,3994.4091796875,4630.5383167520295,4587.396439787563,
banswa,XC140283.ogg,1221.090177210366,614426.481293469,1.7998714850807493,1.5396261039848014,947.4609375,1066.1875254972629,975.7770143916817,
banswa,XC140286.ogg,4519.281005859375,121674.29476976395,-0.9879817111302512,-0.7666824061578281,4640.4052734375,4506.883800972283,4493.878385558454,
banswa,XC142387.ogg,,
banswa,XC142649.ogg,33.837890625,93.83976459503174,-0.2723801058145729,-1.5069204152249136,43.06640625,32.54117877024643,31.186018318965516,
banswa,XC142650.ogg,27.685546875,33.119916915893555,-0.28867513459481287,-1.9166666666666667,32.2998046875,27.147648270738323,26.599839154411764,
banswa,XC144271.ogg,,
banswa,XC181785.ogg,4256.207596628289,9300.014564865514,0.5036826099303725,0.14004811069426193,4274.3408203125,4255.179591019217,4254.158461736075,
banswa,XC183801.ogg,5114.1357421875,289.7992730140686,0.0,-1.3,5092.6025390625,5114.113075537335,5114.090408846994,
banswa,XC184443.ogg,4303.0517578125,476668.8696904616,-1.456313698677097,0.8561766177202514,4737.3046875,4241.853083724351,4168.491640819529,
banswa,XC184444.ogg,38.4521484375,71.75981998443604,0.8598938232981915,-0.636094674556213,32.2998046875,37.72153495501758,37.06534964139344,
banswa,XC184445.ogg,2785.858154296875,298836.87034249306,1.4744553187026979,0.2668290846685184,2551.6845703125,2741.5294890748473,2704.4894869421764,
banswa,XC184471.ogg,3234.6908569335938,170525.13722330332,1.6248247837386385,1.4670232911094763,2939.2822265625,3212.687188981136,3193.160744833264,
banswa,XC184627.ogg,,
banswa,XC189951.ogg,5135.6689453125,1159.1970920562744,-0.648567745274438,-0.6297520661157026,5124.90234375,5135.565204799326,5135.461176700335,
banswa,XC190292.ogg,39.22119140625,117.83047364308284,0.2956755020744827,-1.2295690284879477,32.2998046875,37.83168606177124,36.467521421370975,
banswa,XC190659.ogg,19.22607421875,163.6888201420124,0.13980503044896495,-0.8217232660600464,10.7666015625,0.0,0.0,
banswa,XC190912.ogg,4121.1474609375,1112713.87313394,-1.9037956333651587,2.537679267111584,4920.3369140625,3903.2995546205907,3554.5038991198726,
banswa,XC193606.ogg,,
banswa,XC195303.ogg,4225.634765625,191274.69617128372,0.7322577681547009,-1.162839914137821,3832.91015625,4205.009170867315,4185.379994033318,
banswa,XC199326.ogg,,
banswa,XC246857.ogg,4294.405850497159,427780.10869568045,0.7052435620070534,-1.3620583529443973,3725.244140625,4249.659590215248,4208.0905692529495,
banswa,XC247300.ogg,5286.4013671875,426500.22463365033,-1.8312640286470045,1.9102661026503185,3714.4775390625,5240.510386538221,5186.254639118055,
banswa,XC253718.ogg,4045.0755399816176,329538.8635913319,1.3474496120832682,2.8337976832485756,3208.447265625,4008.8996439330585,3975.390817308628,
banswa,XC263634.ogg,4915.5517578125,1597.1159934997559,0.7926625870178221,-0.7712303264828306,4877.2705078125,4915.407930650975,4915.264682296786,
banswa,XC269737.ogg,4884.336090087891,34416.07866436243,-1.7761093145188882,6.305773973144749,4855.7373046875,4880.688421583103,4876.838468464292,
banswa,XC269738.ogg,4318.386008522727,454007.2327459867,-0.6599692046325211,0.8010409522947155,4252.8076171875,4260.256039641546,4194.414065680778,
banswa,XC27277.ogg,3707.8519381009614,5362.02962581928,-2.0645248187457788,4.661191900482283,3736.0107421875,3707.1661642977733,3706.4613839036015,
banswa,XC276906.ogg,2889.0380859375,4508704.817533493,-0.687176698316775,-1.4980199960721126,4145.1416015625,1412.8567784830236,435.7958255125295,
banswa,XC279018.ogg,5301.474609375,823145.8550691605,-3.582839973004579,13.10628681429181,5652.4658203125,5153.5699101126875,4838.016396768272,
banswa,XC279134.ogg,3883.6669921875,142316.2829875946,-0.3373477704282088,-1.8001728095961218,3466.845703125,3865.7863357203555,3847.5825691901723,
banswa,XC279138.ogg,,
banswa,XC286522.ogg,,
banswa,XC286532.ogg,3127.313232421875,165623.3511865139,2.3750255676193324,7.733690951904473,2853.1494140625,3105.421140086249,3086.3258403701516,
banswa,XC294242.ogg,775.1953125,1363592.519313097,0.7328751625899184,-1.4298230293322667,0.0,0.0,0.0,
banswa,XC294347.ogg,,
banswa,XC299501.ogg,5342.875239534198,98776.5469857328,-1.3017892361344359,2.363111320971738,5200.2685546875,5333.261437707611,5323.042355795733,
banswa,XC302256.ogg,5543.00537109375,3558661.656796932,-0.004258381159122097,-1.994146903216694,3886.7431640625,5268.350199835532,5006.8442606099325,
banswa,XC304582.ogg,4536.22257008272,175549.65480604273,-0.46766061773956596,-0.7545225773200732,4769.6044921875,4516.755802703679,4496.6056012699055,
banswa,XC304682.ogg,,
banswa,XC304785.ogg,,
banswa,XC304789.ogg,4395.306755514706,496937.6684701378,-1.883111428798274,6.333239983538396,4069.775390625,4317.0005694288275,4193.456081189089,
banswa,XC304790.ogg,4425.970458984375,56860.29736114585,-0.5252913710003013,0.28059744055311064,4242.041015625,4419.6757117732495,4413.233800695745,
banswa,XC304877.ogg,2201.77001953125,127.51168012619019,0.0,-0.9421487603305785,2196.38671875,2201.745888594145,2201.7217573619673,
banswa,XC304879.ogg,4448.262845552885,54363.37131720324,-1.1933567827236031,0.3807035434816224,4446.6064453125,4442.373971972451,4436.2293018152905,
banswa,XC304931.ogg,4204.35791015625,559976.9060199077,0.08408825286011863,-1.8930612652324108,3488.37890625,4142.573369441792,4082.113111965903,
banswa,XC31293.ogg,,
banswa,XC314933.ogg,4028.14453125,2082923.1477770312,-1.730048496030447,1.5801021996452826,613.6962890625,3464.239776170755,2432.16708797271,
banswa,XC316737.ogg,,
banswa,XC317472.ogg,4041.2204908288045,1117145.7284547593,-1.6969367738164753,1.4903792780951752,4575.8056640625,3836.8947847413606,3534.8470601739677,
banswa,XC319022.ogg,4714.721084222561,125047.25538157835,0.14657358223633246,-0.37339895828775216,4597.3388671875,4701.800286421425,4688.889143465875,
banswa,XC319024.ogg,4906.2575120192305,219211.60085843157,0.07366594059947074,-0.04563253291801983,5157.2021484375,4885.5250461108035,4864.661569529744,
banswa,XC325093.ogg,4790.419921875,49555.123686790466,1.1759933857251108,1.9611629176708227,4521.97265625,4785.742388494985,4781.205184835622,
banswa,XC325094.ogg,5628.779296875,21663.737654685974,-1.3378403603605156,0.0413173934848321,5727.83203125,5626.941236583497,5625.060871616739,
banswa,XC327659.ogg,,
banswa,XC329682.ogg,4457.373046875,24435.874700546265,-0.09406110450338771,-1.8767647598918367,4285.107421875,4455.083506579674,4452.790261738933,
banswa,XC331098.ogg,,
banswa,XC331099.ogg,,
banswa,XC370790.ogg,288.006591796875,587936.4851117134,2.2675677377413694,3.142305486287177,21.533203125,29.58221192995256,17.20960722194882,
banswa,XC371757.ogg,,
banswa,XC371758.ogg,3415.949041193182,104474.61382570592,0.5212180935724333,-0.6914065040834441,3229.98046875,3401.4913723198283,3387.420127587987,
banswa,XC371759.ogg,3913.121337890625,236713.84218335152,-0.33011036251444714,-1.7374641953728376,3402.24609375,3883.4489256233924,3853.1242243145653,
banswa,XC372067.ogg,,
banswa,XC372304.ogg,103.6285400390625,296.00925743579865,-0.24210083366638832,-0.7451709130030806,107.666015625,102.31850830294073,100.95140004650966,
banswa,XC372305.ogg,218.8556463068182,597652.2015875037,4.949969596927938,22.515058912399052,53.8330078125,79.0929325117228,68.593345172734,
banswa,XC375947.ogg,861.328125,869.3978190422058,0.0,-1.2299999999999998,818.26171875,860.8792194651579,860.4301874608027,
banswa,XC375948.ogg,411.43798828125,23650.80528534376,1.8018075483629472,1.695848928396659,355.2978515625,391.8032435535473,377.63956850270426,
banswa,XC377094.ogg,4643.63525390625,162464.6702367684,1.3384618222845843,0.12524931836577746,4328.173828125,4627.869020182258,4613.215220091106,
banswa,XC378020.ogg,,
banswa,XC379270.ogg,5545.99609375,33716.53541922569,1.2912401797404645,-0.26467535783168783,5437.1337890625,5543.36390297106,5540.801187689881,
banswa,XC379713.ogg,5686.611328125,87734.07544107999,-1.2067363107225615,0.4105325289747648,5910.8642578125,5678.776737193462,5670.590009010756,
banswa,XC380000.ogg,2059.112548828125,2890.0891136039386,-0.15016241345770195,-1.4956361469791235,1981.0546875,2058.4674374250776,2057.8207147967278,
banswa,XC380014.ogg,4054.7021484375,119255.75641581886,0.6367334050619119,-0.4531272194129299,3596.044921875,4041.1317539961374,4027.9621409975807,
banswa,XC380186.ogg,3781.768798828125,44381.79266452789,1.3721493791975752,0.636339179533691,3628.3447265625,3776.5160817484198,3771.5042687927926,
banswa,XC380321.ogg,5013.1988525390625,19441.66722893715,0.22174322956702663,-1.8847584178731924,5157.2021484375,5011.387830123611,5009.584545658742,
banswa,XC380322.ogg,5604.430213341346,13531.16216929818,-0.6639517522439312,0.4198609776576139,5587.8662109375,5603.242577748426,5602.043292798253,
banswa,XC380736.ogg,5507.530799278846,919.9269230549152,0.23719385332810095,-1.3765062206226482,5469.43359375,5507.453771459637,5507.376807875225,
banswa,XC399828.ogg,4914.95361328125,22962.64057809656,0.6910820793517269,-1.4958560804340149,4801.904296875,4912.840491850415,4910.756473175501,
banswa,XC413318.ogg,11.870868389423077,90.26406506295145,0.2659045014421254,-0.8032838833505029,10.7666015625,0.0,0.0,
banswa,XC414713.ogg,,
banswa,XC423591.ogg,987.835693359375,21089.659094810486,0.2837492322149884,-1.7078223244736013,1162.79296875,978.0222615708692,968.5206330647578,
banswa,XC423997.ogg,3869.562416888298,931841.5466521648,0.6521276753357549,-1.0636354923580382,2831.6162109375,3760.0554521513386,3660.801958805627,
banswa,XC424886.ogg,,
banswa,XC426161.ogg,,
banswa,XC426170.ogg,,
banswa,XC430811.ogg,35.888671875,38.63990306854248,0.7071067811865475,-1.5,32.2998046875,35.55053507721021,35.23615056818182,
banswa,XC431107.ogg,,
banswa,XC434782.ogg,,
banswa,XC443764.ogg,4145.1416015625,130061.91372871399,-0.00014628882406191737,-1.9782662700471534,4457.373046875,4131.390267080527,4117.682441738311,
banswa,XC447360.ogg,572.6668074324324,1460658.1314914934,3.0209861735934065,7.265572024657592,96.8994140625,253.31918642080004,193.45634985257985,
banswa,XC448123.ogg,4880.1416015625,270597.44918346405,-1.1490568825949374,-0.13788106619906504,5124.90234375,4851.841296801745,4821.040018787885,
banswa,XC464530.ogg,196.875,143.51963996887207,0.19201160638565623,-1.143491124260355,183.0322265625,196.5641727690852,196.25527405859498,
banswa,XC470204.ogg,,
banswa,XC470207.ogg,,
banswa,XC470210.ogg,,
banswa,XC470226.ogg,,
banswa,XC482364.ogg,4761.529541015625,211948.5114671682,-1.4147606560500066,0.1917585271645632,3940.576171875,4738.212001802557,4712.641345176658,
banswa,XC483343.ogg,,
banswa,XC484331.ogg,,
banswa,XC485817.ogg,5131.900634765625,150050.28667480132,-1.083302331867167,2.2299537724601484,4931.103515625,5116.447902134223,5099.796558864053,
banswa,XC487832.ogg,89.46533203125,1755.6921810638614,0.2056894580585408,-1.0739400949689757,53.8330078125,78.81656962721455,67.7760438350924,
banswa,XC493058.ogg,695.16357421875,6017.298836132576,0.37721100963478255,-1.2665845848035426,613.6962890625,691.0656601281495,687.0719339398606,
banswa,XC498255.ogg,320.5510919744318,21.32721922614358,-1.3015827469119334,-0.3058823529411834,322.998046875,320.51894272157756,320.4863979879471,
banswa,XC498256.ogg,134.89918428308823,1421.7211393749014,-1.1596987343867806,1.352390749271085,139.9658203125,127.52666218921107,116.51751235331494,
banswa,XC511277.ogg,4707.9656982421875,65420.25388777256,-0.0224600734609723,0.38575593250932894,4511.2060546875,4701.157870930481,4694.307624752518,
banswa,XC527560.ogg,,
banswa,XC527561.ogg,,
banswa,XC527564.ogg,,
banswa,XC549492.ogg,653.9293791118421,691677.9911831806,0.9538568863812308,-0.69598321225445,53.8330078125,237.1599099566384,118.02079439954537,
banswa,XC553566.ogg,4468.1396484375,21143.754959106445,-2.1966369816420253,3.9943047379963073,4446.6064453125,4465.883710564216,4463.5174557864475,
banswa,XC557326.ogg,,
banswa,XC557434.ogg,4584.1012423155735,1969311.2280788966,-2.0886168437368076,2.759233758804366,538.330078125,4099.024638451711,3035.0529030277935,
banswa,XC563427.ogg,,
banswa,XC564647.ogg,20.86029052734375,231.37200022897412,1.3669231958951713,2.165044383226201,21.533203125,0.0,0.0,
banswa,XC565368.ogg,480.3955078125,40.29589891433716,0.2766244339985997,-0.7450741227247142,484.4970703125,480.3556538965066,480.3158902029785,
banswa,XC566590.ogg,,
banswa,XC567825.ogg,4624.95754076087,718231.5742554872,-2.2404155675392494,5.55137554305486,5167.96875,4506.365007392244,4308.625166199416,
banswa,XC567828.ogg,4801.904296875,198.71950149536133,0.0,-1.0000000000000002,4791.1376953125,4801.886191500924,4801.8680860585655,
banswa,XC568072.ogg,3768.310546875,16043.287754058838,1.4758557963117906,0.6178121554345282,3692.9443359375,3766.5876929395336,3764.9150512386714,
banswa,XC569915.ogg,48.44970703125,193.1995153427124,0.0,-1.3599999999999999,32.2998046875,46.897993995106255,45.333059210526315,
banswa,XC569917.ogg,43.06640625,77.27980613708496,0.0,-1.2500000000000002,43.06640625,42.279556796539275,41.48598767201835,
banswa,XC569918.ogg,48.387830010775865,199.14888293626504,0.4332750107899363,-0.08929686053679564,43.06640625,46.33526224294092,44.24332221027329,
banswa,XC570199.ogg,78.955078125,38.63990306854248,0.7071067811865475,-1.5,75.3662109375,78.79657315039701,78.64300271739131,
banswa,XC571378.ogg,5069.27490234375,3496.9112277030945,0.3761205719348522,-0.1413216934770003,4984.9365234375,5068.988204619681,5068.7022304189795,
banswa,XC574143.ogg,0.0,0.0,0.0,-3.0,0.0,0.0,0.0,
banswa,XC575759.ogg,4270.628199084052,246265.4263603276,0.42937234527724527,-1.5432447659540611,3682.177734375,4243.535779818374,4217.363406272036,
banswa,XC575760.ogg,3978.56689453125,88534.84190287798,0.6754225568756428,-0.3396512027563632,3865.2099609375,3967.905745133738,3957.549937603229,
banswa,XC575761.ogg,,
banswa,XC580561.ogg,5683.68896484375,1558590.72214365,-1.404232168831065,0.7956866788296422,2788.5498046875,5521.528623641762,5310.445521680307,
banswa,XC580563.ogg,4160.618591308594,100339.61728960276,-0.6370061712501321,-0.22999924922598058,3746.77734375,4148.883519341367,4136.703667998351,
banswa,XC581970.ogg,5501.7333984375,6002.064943313599,-0.420607718800164,-0.5697655141925617,5512.5,5501.240551014052,5500.745782555675,
banswa,XC583002.ogg,,
banswa,XC585937.ogg,,
banswa,XC587597.ogg,2474.9725341796875,14454.773738980293,-1.4086580596646812,1.2985541757483947,2465.5517578125,2472.2974564048895,2469.4968595479804,
banswa,XC587982.ogg,,
banswa,XC590758.ogg,48.14032192887931,31.915878236245998,-0.12804595914301106,-1.426780092374399,43.06640625,47.80647250551693,47.46761837521117,
