#filename,mean,variance,skewness,kurtosis,mode,gmean,hmean
barant1,XC112605.ogg,,
barant1,XC117095.ogg,,
barant1,XC117983.ogg,,
barant1,XC118888.ogg,28.7109375,30.911922454833984,-0.7071067811865475,-1.5,32.2998046875,28.216478389797953,27.685546875,
barant1,XC119009.ogg,37.68310546875,34.77591276168823,0.0,-2.0,32.2998046875,37.296601862200944,36.9140625,
barant1,XC119616.ogg,1606.376953125,21068.102096256458,0.28460366678191246,-0.8131608084505548,1410.4248046875,1600.2118588545443,1594.1197607907875,
barant1,XC120050.ogg,35.3759765625,66.23983383178711,-0.4592793267718459,-0.8958333333333335,32.2998046875,34.481740162643774,33.49609375,
barant1,XC120549.ogg,1908.6248224431818,66826.95963165977,-1.8734746899982955,2.0049594977772047,2002.587890625,1888.2565260202723,1863.5994808927567,
barant1,XC122614.ogg,1360.0175337357955,381.5792541927313,-0.03359516466497467,-0.9742241824169038,1367.3583984375,1359.880372662339,1359.7431535136154,
barant1,XC122617.ogg,1355.82275390625,133.116589142726,0.1429763867895427,-0.5392275817861316,1356.591796875,1355.7772023109758,1355.7316834110704,
barant1,XC123670.ogg,8.61328125,46.36788368225098,0.1111111111111111,-0.4444444444444451,10.7666015625,0.0,0.0,
barant1,XC124607.ogg,1569.7705078125,776.6620516777039,0.24368825736548816,-1.603141011361105,1539.6240234375,1569.5730914755377,1569.3761907363585,
barant1,XC126246.ogg,1551.7364501953125,1206.8069726228714,-1.4018846864276155,1.1098976430540555,1550.390625,1551.3892616724165,1551.0350046035787,
barant1,XC131551.ogg,1778.642578125,4602.012455463409,-0.24618590131990678,-1.6967083098046432,1701.123046875,1777.6013458350237,1776.554567441883,
barant1,XC139971.ogg,1757.7800813268443,247863.00614915913,-1.832761591570011,5.396553236477715,1636.5234375,0.0,0.0,
barant1,XC148060.ogg,,
barant1,XC150586.ogg,1746.49658203125,5264.15602518962,0.12712472513788803,-1.4425975320678566,1647.2900390625,1745.100736196025,1743.7095078836182,
barant1,XC151239.ogg,1713.6123046875,4430.837684869766,-1.2295206481981127,1.1905395198337745,1744.189453125,1712.3288822770949,1711.0013152523957,
barant1,XC154036.ogg,,
barant1,XC154649.ogg,,
barant1,XC156971.ogg,,
barant1,XC163772.ogg,1528.857421875,77.27980613708496,0.0,-1.0000000000000002,1528.857421875,1528.8384662380276,1528.8195103660387,
barant1,XC166226.ogg,1836.064453125,1933.3844533127346,-1.241231483751365,1.32666348183327,1851.85546875,1835.53295002768,1834.9902958973896,
barant1,XC171185.ogg,1656.26220703125,343.8951373100281,0.019056141663035688,-1.6687286958717333,1636.5234375,1656.1757006517266,1656.08920704473,
barant1,XC17204.ogg,19.833213404605264,42.029368249993574,0.04345289565163882,-0.27133194588969944,21.533203125,18.725185954945847,17.534179687500004,
barant1,XC174036.ogg,2396.2417602539062,24620.86323648691,0.9106038708558747,-0.3551445608091939,2239.453125,2391.591534063251,2387.1065733662726,
barant1,XC178517.ogg,1538.85498046875,4787.738758784074,2.232100673477098,5.0908446110239325,1528.857421875,1537.4943107321144,1536.2112641351723,
barant1,XC180996.ogg,1359.58251953125,761.0545614186456,0.24325037903776062,-0.7659316054360654,1356.591796875,1359.318940077888,1359.0561311219094,
barant1,XC181687.ogg,,
barant1,XC185924.ogg,,
barant1,XC197662.ogg,1824.4495738636363,286.6378263993696,0.006687563190359279,-1.1393274221453285,1808.7890625,1824.3781596043839,1824.306746155561,
barant1,XC198348.ogg,2627.05078125,77.27980613708496,0.0,-1.0000000000000002,2627.05078125,2627.039749826455,2627.0287183565893,
barant1,XC198349.ogg,,
barant1,XC212419.ogg,32.2998046875,77.27980613708496,0.0,-1.0000000000000002,32.2998046875,31.362578807069774,30.39981617647059,
barant1,XC212420.ogg,16.011868990384617,60.22818899347714,-0.16839340211837056,-0.26899308483723994,21.533203125,0.0,0.0,
barant1,XC212844.ogg,35.888671875,666.5383279323578,0.5641257452883021,-1.0689981096408319,10.7666015625,27.55056852040644,20.978223663015466,
barant1,XC219899.ogg,1749.2362976074219,2215.239442884922,1.3819837366345842,3.526918690224414,1722.65625,1748.6270434734433,1748.031034560124,
barant1,XC220934.ogg,1547.4853515625,3615076.562243123,1.8717536401679753,1.665451784253002,495.263671875,986.6949335263961,784.4705823001825,
barant1,XC225316.ogg,1487.643334173387,3167774.7449826384,2.0683125388087005,2.444662176967184,495.263671875,1001.2390228963894,820.878676453807,
barant1,XC236204.ogg,3145.5842048891127,80718.85967809396,0.734800171299214,-0.45657039898986485,3079.248046875,3133.419761168288,3121.7162924000445,
barant1,XC236205.ogg,1632.7157369474085,1950.2330480552305,0.0072839547400215835,-1.386101414505107,1668.8232421875,1632.1256249558824,1631.5355447489349,
barant1,XC241075.ogg,1843.922183388158,2226.200731177079,-0.11682315705428688,-0.8247986769350821,1830.322265625,1843.3488850251201,1842.774227595661,
barant1,XC241079.ogg,1665.6829833984375,48872.54739909068,-0.7726687521630928,-0.1973375411213465,1561.1572265625,1650.3454579934157,1633.6357085250713,
barant1,XC241081.ogg,1484.4451904296875,378.80904972553253,0.6616636294117978,-0.8343635223506225,1464.2578125,1484.334136900824,1484.2236763835008,
barant1,XC241665.ogg,2.691650390625,28.97992730140686,1.1547005383792515,-0.6666666666666665,0.0,0.0,0.0,
barant1,XC241667.ogg,0.0,0.0,0.0,-3.0,0.0,0.0,0.0,
barant1,XC244869.ogg,3502.3265491832385,5459.438439844525,-0.38482231914843545,-1.0684567859226852,3563.7451171875,3501.56054429448,3500.7903145316964,
barant1,XC245287.ogg,1580.6199293870193,9487.047339402712,0.2287339451577633,-1.7357689396742413,1496.5576171875,1577.7569417087404,1574.9229622703854,
barant1,XC245316.ogg,5036.913220635776,392413.6266317862,-1.8470788808983603,2.8219554117819303,5189.501953125,4991.58137257814,4936.762653292102,
barant1,XC245353.ogg,,
barant1,XC248768.ogg,4044.828387004573,65311.70874543306,-0.6317013925463961,2.441028571708369,4059.0087890625,4036.663056326039,4028.154554918653,
barant1,XC248769.ogg,4096.69189453125,829047.2220832651,-1.3147647137678842,0.01661429707456996,4640.4052734375,3978.7305254047324,3833.5264050778,
barant1,XC248770.ogg,1777.3681640625,329906.7038297653,3.10477105183882,10.541220832736371,1431.9580078125,1716.8842667567792,1674.5054324698383,
barant1,XC254154.ogg,1721.8684498856708,1891.7531080362273,-0.47594252566059764,0.0024542444438897526,1701.123046875,1721.327843481686,1720.7824634511412,
barant1,XC254471.ogg,,
barant1,XC257078.ogg,1365.8203125,132.47966766357422,-0.5953924651018015,-0.640625,1367.3583984375,1365.778611503194,1365.7367795685623,
barant1,XC257079.ogg,1484.5947265625,13390.620526145487,-0.5728129016399954,-1.4925693378072886,1324.2919921875,1480.1990792085983,1475.680358210395,
barant1,XC257080.ogg,7655.0537109375,231.83941841125488,0.0,-1.2500000000000002,7644.287109375,7655.040731281819,7655.027751615149,
barant1,XC257201.ogg,1811.865234375,467.5752976361443,-0.17816668463273608,-0.6629557291666659,1808.7890625,1811.7396983693911,1811.6139725513788,
barant1,XC258345.ogg,2043.0908203125,509129.85080480576,1.2176548325736647,-0.18474717876088853,1647.2900390625,1946.6068253145731,1871.9061484704569,
barant1,XC258346.ogg,1529.4240851151317,23756.761456790722,1.0273318614714408,-0.1406892501765027,1453.4912109375,1522.487449447812,1515.9655443669576,
barant1,XC2591.ogg,1764.4176136363637,2641.240031569155,-1.0720633838324771,1.4826462077811327,1733.4228515625,1763.663948106014,1762.8930295437078,
barant1,XC2620.ogg,1740.8248901367188,9701.99666172266,0.9751587336103736,1.1419379961120937,1690.3564453125,1738.292466122532,1735.8352074978181,
barant1,XC275012.ogg,1375.120367005814,2474.7510011806044,-0.42016853579076596,-0.8204148519732275,1388.8916015625,1374.2316874865846,1373.3333967021752,
barant1,XC2760.ogg,2618.07861328125,853481.6916964271,-0.252064456172451,-1.796501471773202,1582.6904296875,2453.0449158056554,2287.2741615572036,
barant1,XC278518.ogg,1742.0361328125,25497.18403816223,-2.5683092388950075,4.817987440370257,1765.72265625,1734.2407277332284,1725.0399463770955,
barant1,XC278659.ogg,536.53564453125,158.42360258102417,1.1579713076618596,0.017846519928613525,527.5634765625,536.4145798735947,536.295466856184,
barant1,XC28350.ogg,1793.558260289634,1599.5506215386274,0.6638965931765766,4.653104925847991,1808.7890625,1793.1267387402072,1792.698246669547,
barant1,XC28351.ogg,1781.1996459960938,2654.467857172412,2.8526053868924333,7.933284944197615,1787.255859375,1780.514052942375,1779.8625882888173,
barant1,XC284580.ogg,125.3394936615566,84052.14175188317,5.687870191429832,30.356224014685033,75.3662109375,83.18271126144724,78.09880442818992,
barant1,XC284604.ogg,,
barant1,XC28779.ogg,1526.7735635080646,1305645.5654521142,-0.52393620712338,-1.6495725237056742,32.2998046875,525.1306765514008,95.09567249921524,
barant1,XC28780.ogg,,
barant1,XC296590.ogg,1648.8733628216912,8684.369872279345,0.6748162214044504,0.47568982521506475,1647.2900390625,1646.3700656517055,1643.9158293726643,
barant1,XC296983.ogg,215.032958984375,285968.15814921906,2.2696108361265193,3.1558331477718093,10.7666015625,23.739720396740736,14.2082104606369,
barant1,XC304779.ogg,31.557280441810345,385.8380157588398,1.2743304959786605,0.06346695778713451,21.533203125,27.023520803251046,23.79985608552632,
barant1,XC304780.ogg,24.224853515625,190.43952226638794,-0.4895555808296538,-0.6767485822306236,32.2998046875,0.0,0.0,
barant1,XC305361.ogg,760.2156929347826,473560.8774871223,0.09085962440467386,-1.9815437015789368,107.666015625,386.8050759575747,200.69339978059455,
barant1,XC308490.ogg,1975.67138671875,34.77591276168823,0.0,-2.0,1970.2880859375,1975.6640525078865,1975.6567183242507,
barant1,XC312937.ogg,1946.270282451923,2862.3251273081855,0.22358918434340017,-0.7999873836628142,1927.2216796875,1945.593782763995,1944.9196249473189,
barant1,XC315079.ogg,1601.23291015625,206043.05112361908,-0.00964238348491701,1.4852339032155966,1453.4912109375,1515.7494180821461,1355.0340796481453,
barant1,XC315196.ogg,467.49717310855266,29.827293596769632,0.3198010745334005,-1.8977272727272791,462.9638671875,467.46702316505514,467.4369480298913,
barant1,XC323953.ogg,1875.439453125,52912.93126344681,-0.9307340625574488,-0.957913088094835,2034.8876953125,1860.8319964025638,1845.1044241556897,
barant1,XC325565.ogg,1514.7780198317307,31344.392139178057,0.3437088963519472,-1.7293330340971094,1345.8251953125,1505.4291541919279,1496.3510397434052,
barant1,XC332325.ogg,,
barant1,XC332673.ogg,1710.8881041061047,9487.829222235569,0.13766616085133626,-1.355720109242706,1593.45703125,1708.1890191958487,1705.5029628668613,
barant1,XC332674.ogg,1774.4187575120193,2448.402596437014,1.2732260707146443,1.8043934013980385,1765.72265625,1773.7697521435816,1773.1346050131078,
barant1,XC333625.ogg,,
barant1,XC335506.ogg,1750.6494140625,34.77591276168823,-0.40824829046386296,-1.8333333333333333,1754.9560546875,1750.6414616913514,1750.6335028286637,
barant1,XC335508.ogg,1402.142803485577,1067.798859797991,-0.1306368400042059,-1.5489941450089566,1367.3583984375,1401.767036170211,1401.3905220659396,
barant1,XC335882.ogg,1693.9453125,38.63990306854248,0.7071067811865475,-1.5,1690.3564453125,1693.937719673241,1693.930137585888,
barant1,XC338790.ogg,1695.73974609375,38.63990306854248,0.0,-2.0,1690.3564453125,1695.7312011503452,1695.72265625,
barant1,XC342820.ogg,1618.252840909091,39865.40272154592,2.5979722634089746,5.301355586800783,1582.6904296875,1608.287416797237,1599.9785774976797,
barant1,XC343332.ogg,,
barant1,XC34532.ogg,2166.1376953125,91363.49880695343,-1.8117948832436244,1.6536527267603711,2217.919921875,2141.7176475881465,2112.3272396939033,
barant1,XC349736.ogg,1793.1285511363637,6847.693367437883,-0.13500446328530055,-1.9065013824837638,1711.8896484375,1791.3848282580345,1789.6356215984033,
barant1,XC351637.ogg,470.1416015625,540.9586429595947,0.3380617018914066,-0.96,441.4306640625,469.6663187212917,469.1954148135611,
barant1,XC353671.ogg,1659.0581849563953,1237.8809644385826,-0.580652112245416,-0.5167360145331488,1679.58984375,1658.6848149537893,1658.3082490957058,
barant1,XC353673.ogg,1648.974609375,1052.3297280481418,-1.6206021295970037,4.545170182061199,1668.8232421875,1648.6505185862306,1648.318885420194,
barant1,XC353674.ogg,1658.4279027478449,1826.3523839581671,-0.25939153519929475,-1.318210897269229,1690.3564453125,1657.8793845061216,1657.3283757202732,
barant1,XC354235.ogg,12.423001802884615,93.6274574353145,0.4157397096415491,-0.44331065759637234,10.7666015625,0.0,0.0,
barant1,XC354908.ogg,1344.287109375,272310.00865207,-1.5108625241283986,1.6617167769637762,1302.7587890625,1030.129026003004,372.2628530043997,
barant1,XC355318.ogg,28.08678668478261,81.55615904585646,-0.11433684997821417,-0.506975129402853,32.2998046875,26.470266565154486,24.558529183884296,
barant1,XC355319.ogg,24.224853515625,74.05981421470642,0.41544916778517793,-0.10207939508506625,21.533203125,22.679282428532627,21.032430959302328,
barant1,XC357244.ogg,2.1533203125,23.18394184112549,1.5,0.25,0.0,0.0,0.0,
barant1,XC370053.ogg,1729.1162109375,92.73576736450195,0.84375,-0.921875,1722.65625,1729.094817875209,1729.0734846181674,
barant1,XC371053.ogg,27.685546875,33.119916915893555,-0.28867513459481287,-1.9166666666666667,32.2998046875,27.147648270738323,26.599839154411764,
barant1,XC374683.ogg,2391.1643288352275,103.27392274683173,-0.9276911123439312,0.22386505622665087,2390.185546875,2391.1446474641225,2391.1249163324396,
barant1,XC376312.ogg,486.650390625,511402.9811024666,1.4989375897905106,0.2485836176197549,150.732421875,266.93471080637414,202.74838884729937,
barant1,XC376314.ogg,169.189453125,143.51963996887207,-0.19201160638565623,-1.143491124260355,161.4990234375,168.82175374821205,168.45038224878698,
barant1,XC376824.ogg,,
barant1,XC378759.ogg,1545.0901442307693,663.3616820550882,-0.32359982220243505,-0.9998451278812421,1561.1572265625,1544.877981105804,1544.6650341872405,
barant1,XC379472.ogg,1729.9395392922795,60037.420941865385,1.0130432168979258,-0.4498905620081932,1636.5234375,1714.3941220981683,1700.1414324949392,
barant1,XC379880.ogg,3194.091796875,15946966.203689575,0.7071056262939799,-1.499993462396935,613.6962890625,1469.3140751260685,891.6201389685625,
barant1,XC380822.ogg,,
barant1,XC385153.ogg,,
barant1,XC389172.ogg,44.2626953125,621.4584410190582,1.011380106463662,-0.5451287282880077,32.2998046875,39.12842682807487,35.23615056818181,
barant1,XC400262.ogg,,
barant1,XC411475.ogg,27.685546875,33.119916915893555,-0.28867513459481287,-1.9166666666666667,32.2998046875,27.147648270738323,26.599839154411764,
barant1,XC413856.ogg,1555.3598257211538,5112.356405991774,-0.6740429888050044,-1.011560894402381,1442.724609375,1553.8103661868104,1552.2292614268993,
barant1,XC414684.ogg,1666.5802001953125,3830.1803916692734,-0.9493504342697477,0.4368259253235669,1679.58984375,1665.4513358427057,1664.293966950195,
barant1,XC419561.ogg,0.0,0.0,0.0,-3.0,0.0,0.0,0.0,
barant1,XC419562.ogg,305.950927734375,113691.1947960439,0.18602555890331746,-1.9398961070387484,0.0,0.0,0.0,
barant1,XC421678.ogg,1735.576171875,39957.52376317978,1.4036137441437708,0.13881585708034816,1668.8232421875,1727.142432227737,1719.4578805105464,
barant1,XC428067.ogg,1562.6065767728364,16915.316933015893,-1.2700683115689873,2.1107841391695548,1636.5234375,1556.8332070607323,1550.5353052732748,
barant1,XC428300.ogg,1761.954345703125,37663.927592808686,3.260511033267497,9.565634125723816,1744.189453125,1753.3322825987195,1746.2656462949788,
barant1,XC428314.ogg,1538.5156968060662,7211.727422381619,6.945482407844114,51.59751127635006,1539.6240234375,1536.651957448884,1535.1317391882174,
barant1,XC430732.ogg,1507.32421875,21213.30678462982,1.1099767122081594,-0.07662715120387809,1464.2578125,1501.6401504779603,1496.2967868377898,
barant1,XC432959.ogg,,
barant1,XC433820.ogg,1880.6719611672795,98789.73100115272,0.06130058208781141,-1.5995611570755088,2013.3544921875,1855.0460258337012,1829.6847623485035,
barant1,XC435936.ogg,,
barant1,XC435939.ogg,,
barant1,XC436159.ogg,2707.3109019886365,3955814.8750500246,1.6480186618594859,0.7192523947478513,1765.72265625,2301.1802203024713,2090.04435815583,
barant1,XC436758.ogg,1542.638671875,5385.629689693451,-0.5873963213860518,-0.9496048610082899,1561.1572265625,1540.9293523541382,1539.1872646647819,
barant1,XC436775.ogg,1630.0634765625,34.77591276168823,0.40824829046386296,-1.8333333333333333,1625.7568359375,1630.0549504140904,1630.046431810686,
barant1,XC437964.ogg,1480.40771484375,57.95985460281372,0.0,-2.0,1475.0244140625,1480.3979269917907,1480.3881392045453,
barant1,XC438248.ogg,,
barant1,XC441485.ogg,1013.49609375,658006.1043706434,-0.40788946427353645,-1.8329941217293164,32.2998046875,360.8177715551734,87.30242006150118,
barant1,XC443189.ogg,25.1220703125,30.911922454833984,0.7071067811865475,-1.5,21.533203125,24.64936430498142,24.224853515625,
barant1,XC443367.ogg,1581.754203464674,4340.80365618227,-0.5883955418010278,-0.7078414869106746,1571.923828125,1580.4187138505115,1579.0604347935227,
barant1,XC444477.ogg,1760.0028991699219,1510.5787105858326,-0.8182025961080426,1.1419672562655823,1765.72265625,1759.5818682814306,1759.1553556685535,
barant1,XC446768.ogg,1648.556698069853,433958.2166733111,2.335285575895425,3.5296677052969114,1388.8916015625,1568.0953130647385,1517.6395079683496,
barant1,XC447988.ogg,0.0,0.0,0.0,-3.0,0.0,0.0,0.0,
barant1,XC449432.ogg,1919.915771484375,1298.7523783336985,-1.2954636418910441,0.62558647362237,1937.98828125,1919.5780574639632,1919.2347517507785,
barant1,XC451813.ogg,1391.8279474431818,604.8901189457287,0.17670076714679606,-1.223548907962945,1367.3583984375,1391.6307579324007,1391.4339452620006,
barant1,XC453508.ogg,1405.400390625,1604.1079759597778,0.16625100209278093,-1.770983592813407,1367.3583984375,1404.869222220121,1404.339788834302,
barant1,XC454939.ogg,,
barant1,XC454940.ogg,,
barant1,XC459559.ogg,1861.4581133868244,185386.42251008266,0.7972438864066214,-1.215653572362026,1636.5234375,1817.562614694205,1778.9223480363466,
barant1,XC462246.ogg,1681.5474076704545,4006.6066763617773,0.07401698152286079,-1.2946187407663008,1668.8232421875,1680.4654454997026,1679.3851143168633,
barant1,XC470902.ogg,1833.9111328125,4167.589545249939,-0.3974695742829925,-0.19576772948554977,1798.0224609375,1832.8395998945105,1831.7567834649008,
barant1,XC471070.ogg,,
barant1,XC481622.ogg,1530.3955078125,209.75947380065918,-0.271676526951981,-0.8760387811634347,1528.857421875,1530.336669950542,1530.2777360407074,
barant1,XC484686.ogg,,
barant1,XC492020.ogg,2017.321134868421,148429.99351143328,0.2056095479492747,-1.8705834427574686,1668.8232421875,1982.0433410795379,1948.1395319436788,
barant1,XC494583.ogg,98.3349609375,643.6303853988647,0.10664295343668169,-1.3624933434150561,75.3662109375,95.22771593975722,92.159185050543,
barant1,XC496233.ogg,1531.549072265625,2323.760837316513,0.3364428465136161,-0.4611082250158671,1507.32421875,1530.8219044670068,1530.09909743394,
barant1,XC504813.ogg,1515.399169921875,7013.14240694046,0.007058690383557533,-1.9718152406786087,1431.9580078125,1513.3735195604102,1511.3509192391411,
barant1,XC510856.ogg,,
barant1,XC513248.ogg,1543.4371948242188,4180.45727892759,-1.8494449730240912,6.9598713151771,1485.791015625,1542.0307371773126,1540.5318674827886,
barant1,XC514674.ogg,1487.9443359375,9449.501942185794,0.4697456001494276,-1.3700168155070827,1399.658203125,1484.9149566286176,1481.946138584484,
barant1,XC537076.ogg,,
barant1,XC538008.ogg,,
barant1,XC538009.ogg,,
barant1,XC538010.ogg,,
barant1,XC539675.ogg,1819.5556640625,115.91970920562744,0.0,-1.5,1808.7890625,1819.534427914136,1819.5131917657734,
barant1,XC540709.ogg,,
barant1,XC552688.ogg,,
barant1,XC556626.ogg,1614.990234375,231.83941841125488,0.0,-0.9600000000000004,1614.990234375,1614.9304165098763,1614.870596251843,
barant1,XC559899.ogg,716.7946555397727,610723.2074947519,0.8350187594997901,-0.7538628897381794,64.599609375,309.64575129581965,139.28605631889764,
barant1,XC560652.ogg,,
barant1,XC561633.ogg,,
barant1,XC564692.ogg,1493.865966796875,13814.176409802538,-1.075060336691434,0.6094112240076495,1507.32421875,1489.0371977159296,1483.8854142031623,
barant1,XC567783.ogg,0.0,0.0,0.0,-3.0,0.0,0.0,0.0,
barant1,XC569187.ogg,1544.5587158203125,3840.2603663828063,-1.0707389911405345,0.29336842879499603,1550.390625,1543.331224976106,1542.0667406894602,
barant1,XC571692.ogg,,
barant1,XC573407.ogg,54.9814453125,51.923675150484655,-0.12243501292615094,-0.7556274914258378,53.8330078125,54.503157048717675,54.01305131688963,
barant1,XC573463.ogg,,
barant1,XC579129.ogg,,
barant1,XC579493.ogg,,
barant1,XC589661.ogg,1601.531982421875,810.6099665164948,-0.24268812092930606,-1.117621220294207,1636.5234375,1601.285188436535,1601.037667175173,
barant1,XC592201.ogg,1801.6876870013298,1161909.999293271,4.496381943723032,18.334027975856483,1539.6240234375,1677.274568876604,1627.1868191270275,
barant1,XC592205.ogg,1616.1865234375,1675.9110899532543,-1.244175933825329,-0.02556497683194392,1636.5234375,1615.6864712731199,1615.1759629537871,
barant1,XC599227.ogg,1722.65625,1333.0766558647156,1.4191014536126718,0.1427221172022688,1701.123046875,1722.352118695869,1722.0533612758982,
barant1,XC615402.ogg,1968.3305220170455,128942.86199049519,2.2968532225509657,4.273802600780103,1754.9560546875,1943.198827034272,1922.9561714203946,
barant1,XC616375.ogg,1471.79443359375,1843.7334801021375,0.6610372814557313,-0.47090189262855553,1421.19140625,1471.2063821322877,1470.6253256166024,
barant1,XC616635.ogg,2335.4736328125,1266890.5433267355,1.4650316740933635,0.37952458560339153,1647.2900390625,2142.450826854011,2012.254479516942,
barant1,XC64256.ogg,1245.3369140625,366350.4409790039,-1.4803746619708478,0.22369780517998317,1550.390625,848.1203517239359,326.3536602073239,
barant1,XC64257.ogg,1620.6298828125,10358.806014060974,-0.39401959510352264,-1.6038857811528486,1507.32421875,1617.5318135744233,1614.3860066918162,
barant1,XC64258.ogg,1.3458251953125,14.48996365070343,2.2677868380553634,3.1428571428571423,0.0,0.0,0.0,
barant1,XC80107.ogg,1454.4699928977273,2206.990827213634,-1.9390838814689733,3.019447634327144,1485.791015625,1453.714105494318,1452.9250797030898,
barant1,XC80108.ogg,1376.858340992647,1451.3930742589278,-1.2553071796228505,1.8047783401149529,1399.658203125,1376.3235078716034,1375.7752041517765,
barant1,XC80109.ogg,1873.8372802734375,101208.68463578977,0.5300310386508698,-1.1621521773042203,1571.923828125,1848.2588018000808,1824.0806968164648,
barant1,XC80110.ogg,1703.3315805288462,66813.55482170939,0.685871338577113,-1.4396191279603545,1507.32421875,1685.3303460649936,1668.6078382479789,
barant1,XC80111.ogg,1451.953125,2119.6746826171875,-0.8535515940112375,0.1383078309911241,1453.4912109375,1451.2626647584843,1450.5593035021727,
barant1,XC80112.ogg,1755.4046630859375,3754.580581317777,1.5318627977513675,2.3058504400010893,1744.189453125,1754.4128637925155,1753.4526910769296,
barant1,XC80113.ogg,1652.67333984375,298.079252243042,0.0,-0.8148148148148149,1647.2900390625,1652.5944251761146,1652.5155053442886,
barant1,XC80114.ogg,1937.2371230014535,118328.60548828923,1.86821996557606,4.177487866439994,1636.5234375,1911.8063257492415,1889.839226183501,
