#filename,mean,variance,skewness,kurtosis,mode,gmean,hmean
bawswa1,XC128173.ogg,,
bawswa1,XC128192.ogg,5081.044275620405,50573.2298843216,0.6879404880088805,-1.0028309775387676,4920.3369140625,5076.232822528575,5071.515751060484,
bawswa1,XC129731.ogg,3983.104248046875,398647.57490628643,-1.1511741588830489,-0.6694428608551268,2917.7490234375,3928.6322447160164,3867.437925771987,
bawswa1,XC132192.ogg,3446.8505859375,2619326.5791982412,-1.6139356275989203,0.6383829616669803,4177.44140625,1996.5276283910916,338.6843896094669,
bawswa1,XC132310.ogg,4469.4854736328125,96962.42676157018,0.39662830874764776,-1.3191366991749651,4145.1416015625,4459.250846592156,4449.197185922541,
bawswa1,XC137694.ogg,5511.3037109375,6653.639779371374,-0.13372263122120895,-1.6175961046593255,5404.833984375,5510.732827352657,5510.161226856336,
bawswa1,XC145330.ogg,5240.9423828125,52794.98755931854,1.061062440282914,-0.6623271777531472,5092.6025390625,5236.5894733435325,5232.361388946279,
bawswa1,XC145678.ogg,3454.8828125,6211631.109363892,-0.7021440649985936,-1.4999391751883737,21.533203125,911.4805159363998,77.48195127406358,
bawswa1,XC146416.ogg,,
bawswa1,XC167933.ogg,6257.548828125,295492.7610472629,-0.3044354199662071,-1.5809720997259822,6804.4921875,6234.654673827949,6211.386226739327,
bawswa1,XC172633.ogg,5800.506591796875,218716.90295809924,-1.4758143772986816,1.460137625084295,4651.171875,5780.365359629109,5758.34961061508,
bawswa1,XC1733.ogg,258.3984375,23106.662034988403,-0.8988565586062937,-1.1183795483272003,344.53125,183.1116405490521,101.95775751330946,
bawswa1,XC173724.ogg,5168.340012122845,133432.8811825421,0.07032528585453013,-0.8309573955231953,5103.369140625,5155.568897080407,5142.7968011794965,
bawswa1,XC180389.ogg,5619.268798828125,109374.63653358546,-0.2390805305478128,-1.4243391559808625,5178.7353515625,5610.251990944437,5601.1529049095325,
bawswa1,XC180553.ogg,5840.283203125,8088.619709014893,-0.052563587305671136,-1.356931791097002,5835.498046875,5839.667273181539,5839.051011213017,
bawswa1,XC181553.ogg,29.815204326923077,22.29225177031297,-1.2780193008453873,-0.36666666666666714,32.2998046875,29.41463419631682,28.95844558189655,
bawswa1,XC181554.ogg,30.50537109375,59.71621383320201,0.2282688235636075,-0.8927335640138407,32.2998046875,29.602332515448424,28.710937500000004,
bawswa1,XC189211.ogg,5390.6494140625,1489436.733299686,-3.165718576816971,9.015572807275229,5566.3330078125,5058.6359755649955,4249.199898659928,
bawswa1,XC190202.ogg,3933.3149754723836,5235169.886669447,-0.887171588424765,-1.1748532639960922,5426.3671875,2432.354405194363,885.2884038795991,
bawswa1,XC190816.ogg,,
bawswa1,XC196935.ogg,2280.3662109375,11370997.042894363,0.8728464950611005,-1.2380953606358376,172.265625,555.7753665650113,262.0270863061993,
bawswa1,XC197497.ogg,6843.308619449013,40224.3864337038,-2.242339586848672,8.218291778000943,6750.6591796875,6840.309034155822,6837.158449615745,
bawswa1,XC211415.ogg,4750.857938878677,57474.51793796876,2.3245843981114134,7.898555727671109,4715.771484375,4745.278310266385,4740.051751842313,
bawswa1,XC211416.ogg,4300.015024038462,1164694.3613428334,0.3301249557647573,-1.3651536573051337,3100.78125,4177.736051735815,4061.163561966419,
bawswa1,XC211765.ogg,,
bawswa1,XC236128.ogg,5344.07958984375,1009.5205444556016,-0.4564031024585443,-1.0229664938450975,5351.0009765625,5343.991729169593,5343.903714220361,
bawswa1,XC242901.ogg,5083.9892578125,34187.520306685874,1.4906849252446905,3.2126039505630057,5081.8359375,5080.843524015848,5077.7957017943345,
bawswa1,XC242902.ogg,5537.525073902027,64689.98582781971,-0.9784461310262665,-0.6327659830583618,5587.8662109375,5531.662435045978,5525.621217915508,
bawswa1,XC245029.ogg,4573.786926269531,255814.99526649714,0.7028344893881784,-0.8495209406433895,4295.8740234375,4548.6545117849755,4524.652013413467,
bawswa1,XC245165.ogg,6025.7080078125,53670.825362205505,-0.14677017038199955,-0.7071670227504909,5943.1640625,6021.730512970378,6017.734524603143,
bawswa1,XC245166.ogg,5854.16015625,22429.911732673645,0.4052120103137717,-1.0990996633564234,5684.765625,5852.383333961653,5850.618029676818,
bawswa1,XC2502.ogg,3599.4094848632812,3266261.7001778656,-1.2748962098093084,-0.2330730511134229,4338.9404296875,2390.517005742839,742.852682113776,
bawswa1,XC251252.ogg,69.98291015625,73.76708767630838,0.0,-0.36734693877551017,64.599609375,69.49243215899286,68.99386125238398,
bawswa1,XC254200.ogg,6843.308619449013,40224.3864337038,-2.242339586848672,8.218291778000943,6750.6591796875,6840.309034155822,6837.158449615745,
bawswa1,XC259260.ogg,6691.028771033654,236758.57530190397,-1.7594821468139126,1.2824578888144336,5620.166015625,6673.187264470405,6653.748532112421,
bawswa1,XC259261.ogg,5281.6640625,31362.299797751686,0.6657535362042891,1.3445406412023884,5264.8681640625,5278.762279683553,5275.895363509355,
bawswa1,XC259262.ogg,5276.584759880515,4274.048529525491,1.3459655969350774,1.1990804203754548,5221.8017578125,5276.195870084011,5275.811133473824,
bawswa1,XC259263.ogg,5253.3740894214525,208446.919803419,0.36282146723384834,-0.028909919061052225,5857.03125,5234.045265159446,5214.943539190688,
bawswa1,XC261054.ogg,5006.4697265625,22797.542810440063,-1.142972759485346,-0.6756794024705548,4780.37109375,5004.727037735679,5002.949381117825,
bawswa1,XC262370.ogg,5514.457563920455,98805.7448647239,0.14498596733001734,-1.2961918278205056,5921.630859375,5506.341538710111,5498.263155775777,
bawswa1,XC285513.ogg,5483.002461472603,100779.39540556032,0.40825165811248104,-0.8974425521317095,5157.2021484375,5474.056989484275,5465.236766806312,
bawswa1,XC287255.ogg,5854.4619473544035,99395.50520344215,-0.03277900461221241,-0.5245325806438768,5824.7314453125,5845.987196014769,5837.478567660825,
bawswa1,XC292292.ogg,,
bawswa1,XC299426.ogg,6157.007095661569,243933.96001342396,0.9199503889871619,-0.2739094364324939,6115.4296875,6138.24159757744,6120.3023944461975,
bawswa1,XC303953.ogg,7.830255681818182,48.475514758716926,0.2500102734800432,-0.6247637051039692,10.7666015625,0.0,0.0,
bawswa1,XC332667.ogg,5426.3671875,68360.65058050485,-0.51805344027345,-0.5632697311901356,5512.5,5420.1647755244485,5413.849049226029,
bawswa1,XC332668.ogg,4945.041674236919,323496.41359822697,0.8984252844396564,0.16158254436774167,4866.50390625,4914.316385093847,4885.2362499750325,
bawswa1,XC339584.ogg,4350.196422230114,3137565.39824334,-2.0666084554416337,2.369691873754971,21.533203125,2390.8664306578776,153.73792662788603,
bawswa1,XC345063.ogg,102.28271484375,2285.2742671966553,-1.0049601648898994,-0.7599243856332705,129.19921875,85.66487451119822,64.05092141185648,
bawswa1,XC357277.ogg,,
bawswa1,XC366566.ogg,,
bawswa1,XC387155.ogg,1284.814453125,30.911922454833984,0.7071067811865475,-1.5,1281.2255859375,1284.804446946489,1284.7944594359333,
bawswa1,XC387156.ogg,1146.427734375,644094.8937254983,-0.23510161388997747,-1.9220748088274833,279.931640625,758.641722463533,463.65498561407566,
bawswa1,XC387157.ogg,311.15478515625,1763.2675766944885,-0.6908179179910371,0.1762570024667034,312.2314453125,308.3892801273907,305.38749345035376,
bawswa1,XC401746.ogg,6943.85986328125,5488.760348628549,-0.13911569820914343,-1.3855148708513783,6869.091796875,6943.4862147899175,6943.112202726237,
bawswa1,XC407109.ogg,4735.347123579545,24659.283594651653,-0.5798992599248808,-1.014480080585093,4758.837890625,4732.828607282732,4730.277654795001,
bawswa1,XC415213.ogg,,
bawswa1,XC425844.ogg,,
bawswa1,XC427864.ogg,5297.377028974514,178139.0007532099,0.07218503237199765,-1.0995841646795095,5878.564453125,5280.715235621507,5264.070483926862,
bawswa1,XC427865.ogg,5858.184814453125,810178.6409318447,-0.356452228997903,-1.754025833575349,4694.23828125,5788.489854768749,5716.854445224472,
bawswa1,XC430762.ogg,,
bawswa1,XC43798.ogg,,
bawswa1,XC443392.ogg,4769.6044921875,48493.07835102081,1.4124160087027202,0.6480044232102138,4651.171875,4764.9779514467555,4760.5359063556,
bawswa1,XC446429.ogg,,
bawswa1,XC446959.ogg,5342.4774169921875,102523.21281186912,0.32531636806161857,-0.3147425594716675,5264.8681640625,5333.364485613882,5324.329758497795,
bawswa1,XC459549.ogg,4941.8701171875,3087.124887265657,0.2828926858651343,-1.1419800340577109,4909.5703125,4941.573979713164,4941.27844270617,
bawswa1,XC468125.ogg,4979.642646257267,112678.29631372941,1.7006294624976657,6.851511429162638,4941.8701171875,4969.002420542086,4958.820757458549,
bawswa1,XC469232.ogg,5073.553936298077,71853.87205619078,-0.8549099975822376,0.20777824076557705,5071.0693359375,5066.804004640615,5059.833559489196,
bawswa1,XC47415.ogg,5143.743896484375,75414.40315703128,-0.5942827654396386,-0.7056226442390234,5297.16796875,5136.396767511555,5128.882275224087,
bawswa1,XC493065.ogg,48.86380709134615,494.88798930094794,0.29707729901198265,-1.3569921272623975,32.2998046875,44.10378267692073,39.67981406091799,
bawswa1,XC497049.ogg,506.0302734375,1636396.8037605286,3.172953228566673,8.073851143232869,118.4326171875,185.53838650499196,149.91688457206172,
bawswa1,XC498353.ogg,4204.557291666667,191812.66482174397,0.29571172707534926,-1.1930196359940621,3983.642578125,4182.332517543648,4160.485939063879,
bawswa1,XC500219.ogg,4450.6439208984375,229.76942360401154,-0.3847937820618241,-0.9354760165570974,4446.6064453125,4450.621315837284,4450.598692186916,
bawswa1,XC501589.ogg,,
bawswa1,XC504236.ogg,4651.171875,77.27980613708496,0.0,-1.0000000000000002,4651.171875,4651.165644315282,4651.159413622213,
bawswa1,XC513918.ogg,,
bawswa1,XC520526.ogg,4081.8878173828125,7407050.808787994,-0.6999946267216157,-1.236402732682338,6610.693359375,1583.6679097396343,234.55712349698976,
bawswa1,XC525242.ogg,,
bawswa1,XC52956.ogg,,
bawswa1,XC532440.ogg,50.716359991776315,168.60299098542544,0.3849983106459676,-0.6615135012344511,43.06640625,49.11534708007317,47.54702848298285,
bawswa1,XC546593.ogg,175.63018798828125,6054.38981205225,0.026639280708229223,-1.5379055024073798,86.1328125,158.0563256109688,141.1717016513028,
bawswa1,XC588802.ogg,149.03243215460526,943.6271065159848,-0.08728747409095432,-1.2631493385850177,129.19921875,145.91521616480685,142.72371627363643,
bawswa1,XC82307.ogg,4783.5113525390625,299495.50770433014,1.2761856517106642,1.0787481651407802,4360.4736328125,4755.038872010327,4728.781625357476,
bawswa1,XC82308.ogg,4937.954989346591,516.3696137341586,0.2356496122271133,-1.308163265306126,4909.5703125,4937.907489043419,4937.86002133006,
bawswa1,XC82309.ogg,5201.165771484375,21993.66482703582,1.391069242130952,0.10589190009592508,5135.6689453125,5199.190040623242,5197.264332436982,
bawswa1,XC82310.ogg,6227.40234375,34.77591276168823,0.40824829046386296,-1.8333333333333333,6223.095703125,6227.400110529622,6227.3978778247065,
bawswa1,XC9027.ogg,6677.311706542969,73969.87709989573,-0.6825383623863824,-1.127775788721749,6901.3916015625,6671.78243011225,6666.150221709938,
