#filename,mean,variance,skewness,kurtosis,mode,gmean,hmean
bkbplo,XC127270.ogg,,
bkbplo,XC146757.ogg,93.8232421875,1291.6767597198486,1.0955727229183203,0.2494543841835597,75.3662109375,88.33127163428232,83.67399413994052,
bkbplo,XC147794.ogg,,
bkbplo,XC150221.ogg,2863.916015625,255.02336025238037,0.0,-1.409090909090909,2853.1494140625,2863.875539055207,2863.8350623813835,
bkbplo,XC150222.ogg,3068.4814453125,154.55961227416992,-0.7015607600201139,-0.8125,3079.248046875,3068.4598200118066,3068.438156628509,
bkbplo,XC150223.ogg,2607.7842310855262,1746.252461483604,1.9158764155408698,4.1318973093727225,2573.2177734375,2607.4731106369277,2607.167899146048,
bkbplo,XC150227.ogg,3128.7744140625,32617.23017692566,0.008921227158132766,-1.943220624565994,2950.048828125,3124.0808132742045,3119.3949980586244,
bkbplo,XC150291.ogg,3063.09814453125,547.3986268043518,0.0,-0.8484429065743946,3057.71484375,3063.0177226668015,3062.9372980507223,
bkbplo,XC151294.ogg,2657.7555338541665,6693.950387147756,-0.1175965302311598,-1.167200323102104,2691.650390625,2656.539240735267,2655.319714492581,
bkbplo,XC151295.ogg,2660.247802734375,22645.617737011475,0.23465031388010096,-1.4905933960395699,2583.984375,2656.3735792418915,2652.532325876109,
bkbplo,XC154716.ogg,2848.663330078125,1021.3228924707932,0.6209037789244554,-1.4276876078041119,2820.849609375,2848.49972571109,2848.3368505746935,
bkbplo,XC155048.ogg,2900.7709209735576,1652.3017012155972,-3.169459134225227,9.655635431990053,2917.7490234375,2900.488791541001,2900.1980964561385,
bkbplo,XC156941.ogg,2532.4180201480262,29141.94373708022,-1.683339168817603,1.1764234346792692,2616.2841796875,2526.5169838040406,2520.141808197403,
bkbplo,XC157475.ogg,2816.54296875,13393.694400787354,1.135726051262904,-0.01721090262307534,2745.4833984375,2814.3863970706284,2812.2917158989703,
bkbplo,XC161419.ogg,850.8979797363281,1427139.7740123493,0.8086026662152895,-1.3452845546755012,75.3662109375,182.43580627826861,72.01210870015117,
bkbplo,XC162123.ogg,2937.12890625,4786.195993423462,-0.4268693287026855,-1.6207758379961092,2863.916015625,2936.3907821722087,2935.6480390453244,
bkbplo,XC165315.ogg,2493.544921875,139.10365104675293,-0.13802317223309174,0.6251154201292706,2497.8515625,2493.518411640335,2493.4918889648775,
bkbplo,XC165316.ogg,2906.982421875,38775.14272928238,-0.6951400261215231,-1.4979941281747067,2648.583984375,2900.8658011182933,2894.574084963704,
bkbplo,XC172904.ogg,1394.27490234375,1120.557188987732,0.9220734033619128,-0.839476813317479,1367.3583984375,1393.9772669279107,1393.683399134288,
bkbplo,XC198726.ogg,2817.2607421875,57.95985460281372,0.5,-0.75,2810.0830078125,2817.251606290334,2817.2424781142445,
bkbplo,XC198729.ogg,2880.8349609375,342.2391414642334,-1.4078738191131066,0.8197190426638934,2885.44921875,2880.783760132231,2880.7322709936952,
bkbplo,XC198948.ogg,2748.175048828125,32375.84787336263,0.7476428029768553,-0.7866097655017725,2583.984375,2742.9272431807476,2737.834579330472,
bkbplo,XC201561.ogg,2830.078125,15388.022936307467,1.8742246214556004,1.809811521424499,2745.4833984375,2827.677872312665,2825.397235285386,
bkbplo,XC217928.ogg,2881.8603515625,3656.4388275146484,-0.1705466252048397,-1.661940768746062,2939.2822265625,2881.2420222780534,2880.622283841691,
bkbplo,XC217929.ogg,2567.83447265625,2645.0770009647717,-1.6307443601257705,0.9490325550388095,2583.984375,2567.3522005832574,2566.8596444903146,
bkbplo,XC25685.ogg,,
bkbplo,XC257550.ogg,2856.73828125,3098.920226097107,0.30230026925669023,-1.723193574666824,2810.0830078125,2856.2236292297785,2855.7109981663853,
bkbplo,XC257551.ogg,2807.9296875,5716.4976596832275,-1.3507269910869435,0.6543619565261181,2788.5498046875,2806.956313218144,2805.95921458875,
bkbplo,XC266559.ogg,118.4326171875,318.77920031547546,0.6977477989819978,-0.8057851239669422,107.666015625,117.29740392533141,116.22743381761883,
bkbplo,XC282206.ogg,2887.982536764706,1731.9768316605512,-0.20410068937066442,-1.6123909669694343,2831.6162109375,2887.699754802241,2887.4164422215167,
bkbplo,XC282211.ogg,2271.7529296875,4842.867851257324,-1.579640187540317,1.8214689904934351,2250.2197265625,2270.7624148375635,2269.7396202163427,
bkbplo,XC282216.ogg,2394.7998046875,13281.086683273315,-2.2868536915462516,5.074776427138854,2422.4853515625,2392.019213751719,2389.013286377507,
bkbplo,XC290144.ogg,2613.799579326923,8310.551459972676,-0.19135958634683817,-1.2194192577379115,2551.6845703125,2612.32476114995,2610.843136783086,
bkbplo,XC294374.ogg,,
bkbplo,XC310883.ogg,,
bkbplo,XC316265.ogg,,
bkbplo,XC333387.ogg,2714.26025390625,8048.691809177399,-0.3669082153133894,-1.7977337823883794,2605.517578125,2712.9151489973297,2711.56021144338,
bkbplo,XC333826.ogg,2958.123779296875,28.97992730140686,-1.1547005383792515,-0.666666666666667,2960.8154296875,2958.120101059241,2958.116418356882,
bkbplo,XC342344.ogg,2783.16650390625,34.77591276168823,0.0,-2.0,2777.783203125,2783.161297614354,2783.156091332205,
bkbplo,XC345691.ogg,39.558187763342694,328.72532449655074,0.4930263969914122,-0.6568700146629491,21.533203125,35.353187184954955,31.155840248209795,
bkbplo,XC358266.ogg,26.318359375,30.305806328268613,0.22360679774997896,-1.95,21.533203125,25.78525430549052,25.278108016304348,
bkbplo,XC358267.ogg,21.533203125,0.0,0.0,-3.0,21.533203125,21.533203125,21.533203125,
bkbplo,XC358268.ogg,2452.392578125,16975.797414779663,1.3079653951966157,-0.22680429692986825,2379.4189453125,2449.4422368042333,2446.61704530632,
bkbplo,XC358269.ogg,2806.494140625,3803.27045917511,1.9941896447095837,2.3108299401121926,2777.783203125,2805.87891880353,2805.280512274743,
bkbplo,XC360816.ogg,2593.135986328125,15024.109468648308,0.7428765602551595,-0.8157736819713164,2476.318359375,2590.442044642309,2587.807184275288,
bkbplo,XC362586.ogg,1039.74609375,1182828.1527757645,0.5484649224123954,-1.3547472733450496,150.732421875,485.20966586014674,259.9829245577404,
bkbplo,XC387328.ogg,,
bkbplo,XC390525.ogg,2858.53271484375,298.079252243042,0.0,-0.8148148148148149,2853.1494140625,2858.487092423646,2858.4414690056924,
bkbplo,XC396651.ogg,2390.185546875,741.8861389160156,-0.854394525669005,0.009521484374999112,2400.9521484375,2390.0367832375714,2389.887054996131,
bkbplo,XC396652.ogg,2421.767578125,223.0074405670166,0.2879204146919498,-1.1585628859915693,2411.71875,2421.7246534406854,2421.6817773750486,
bkbplo,XC411638.ogg,,
bkbplo,XC414687.ogg,,
bkbplo,XC430923.ogg,,
bkbplo,XC431273.ogg,2619.81421298668,28646.54728525975,-0.14510658383894218,-1.0475491764124172,2422.4853515625,2614.386861730561,2608.915881483325,
bkbplo,XC432907.ogg,561.65771484375,314595.8625744371,3.822508865474247,12.785504372813026,441.4306640625,473.3484075594244,443.0630528579045,
bkbplo,XC433984.ogg,,
bkbplo,XC444641.ogg,30.146484375,81.14379644393921,0.3436215967445456,-1.153061224489796,21.533203125,29.0904969232222,28.08678668478261,
bkbplo,XC444643.ogg,2775.298602764423,10261.86656493407,-0.6172486694510223,-1.1862849859031357,2863.916015625,2773.565974504787,2771.808020929169,
bkbplo,XC444669.ogg,2653.1982421875,25443.73924915607,0.01979057908421598,-0.992313618397819,2713.18359375,2648.7382598620284,2644.275064826503,
bkbplo,XC444673.ogg,2954.833984375,381160.67206158355,0.5195073790889888,-0.5338374143765492,2767.0166015625,2895.872810950152,2838.8615120927752,
bkbplo,XC444674.ogg,2703.49365234375,19095.026624830145,1.2765211900827536,0.6489154912511541,2713.18359375,2700.2687261553956,2697.16974807206,
bkbplo,XC448381.ogg,3019.081744025735,10332.196433754529,0.6836748748755045,-0.8354900261791465,2896.2158203125,3017.4938396773778,3015.9288132543697,
bkbplo,XC455396.ogg,2079.4921875,1291.6767597198486,-0.888942622155816,-0.4884396230550081,2099.4873046875,2079.223385855016,2078.951988535544,
bkbplo,XC455419.ogg,2917.236328125,9905.063152313232,-0.6443014263286918,-0.9934337687329222,2950.048828125,2915.5949738846866,2913.9295505624464,
bkbplo,XC456227.ogg,2795.7275390625,4636.788368225098,0.6725673213573586,-1.4448046874999998,2745.4833984375,2794.997804944578,2794.2756381052664,
bkbplo,XC460730.ogg,2531.304931640625,19803.716987371445,0.5966546417250741,-1.534289982110365,2411.71875,2527.609605877659,2523.996519446894,
bkbplo,XC463951.ogg,2783.16650390625,38.63990306854248,0.0,-2.0,2777.783203125,2783.1612976143592,2783.156091332205,
bkbplo,XC464628.ogg,2739.3310546875,1501.4362335205078,-0.49227029540446243,-0.3207315095155714,2734.716796875,2739.095099291402,2738.8580858133464,
bkbplo,XC469623.ogg,18.841552734375,23.710849610241976,-1.1547005383792515,-0.666666666666667,21.533203125,18.107193316742574,17.226562500000004,
bkbplo,XC469978.ogg,515.2587890625,15.286115499643179,-2.041241452319315,2.166666666666665,516.796875,515.2448763627358,515.2308238636364,
bkbplo,XC473600.ogg,,
bkbplo,XC476813.ogg,,
bkbplo,XC478661.ogg,2666.625316722973,18592.58146704854,0.19968061485892857,-1.1774216753803142,2508.6181640625,2663.250627447433,2659.896318581488,
bkbplo,XC486616.ogg,,
bkbplo,XC490535.ogg,,
bkbplo,XC492310.ogg,27.76649876644737,42.707261286283796,0.45816212899272685,-0.679138321995465,21.533203125,27.06225426546445,26.395539314516125,
bkbplo,XC493546.ogg,,
bkbplo,XC493780.ogg,,
bkbplo,XC494353.ogg,37.68310546875,436.63090467453003,0.8943702632743831,-0.9411856840786279,21.533203125,33.02084798809229,29.673429698644803,
bkbplo,XC495513.ogg,106.768798828125,6332.553205164996,-0.5504613839680081,-1.577160665781244,172.265625,0.0,0.0,
bkbplo,XC498041.ogg,2663.3880615234375,1819.5254355669022,0.4247802422593046,-1.5456673927477316,2637.8173828125,2663.0904144590972,2662.794038380972,
bkbplo,XC498685.ogg,2873.14453125,2759.993076324463,1.4600235956997407,0.7633719999999995,2842.3828125,2872.7394344850554,2872.340863646847,
bkbplo,XC498772.ogg,19.3798828125,144.8996365070343,0.21908902300206645,-0.5133333333333332,21.533203125,0.0,0.0,
bkbplo,XC499035.ogg,,
bkbplo,XC499958.ogg,2451.951840049342,16896.483929533708,2.168798438415383,3.4470392449162928,2390.185546875,2448.9079062389137,2446.0700393762077,
bkbplo,XC500634.ogg,3067.214786305147,3635.276174720596,2.2322535487965203,3.2423169861835452,3036.181640625,3066.672311605876,3066.1447505314472,
bkbplo,XC500662.ogg,14.35546875,57.95985460281372,-0.5,-0.75,10.7666015625,0.0,0.0,
bkbplo,XC501179.ogg,2769.169921875,23.18394184112549,1.5,0.25,2767.0166015625,2769.1665782068935,2769.1632397328353,
bkbplo,XC501472.ogg,,
bkbplo,XC502563.ogg,3278.1135110294117,3071526.2395231165,-0.8934858861177672,-1.1863374508336404,645.99609375,2493.912651142007,1625.1201723366146,
bkbplo,XC502626.ogg,,
bkbplo,XC505056.ogg,,
bkbplo,XC505600.ogg,2498.62060546875,2380.175567590273,1.2644707103991943,0.346940735196259,2465.5517578125,2498.185128104728,2497.7563896502434,
bkbplo,XC505604.ogg,2430.17578125,18845.232725143433,0.2876591886381584,-1.9102092284123167,2314.8193359375,2426.883063630196,2423.6273033151692,
bkbplo,XC505898.ogg,2555.52978515625,30114.284455776215,0.1750870825081524,-1.7066810500236687,2756.25,2550.0912773992773,2544.6992670847435,
bkbplo,XC508127.ogg,,
bkbplo,XC510555.ogg,2823.541259765625,106.25973343849182,-0.49338220021815865,-1.371900826446281,2831.6162109375,2823.5271324478226,2823.5129904354244,
bkbplo,XC526251.ogg,2680.3943980823865,69442.7961465362,0.5411086601145321,-0.7151532647044259,2616.2841796875,2667.982148933475,2655.925768771494,
bkbplo,XC526288.ogg,3210.980583639706,1181.3582129338208,-0.20855772163771172,-0.7257766283740312,3197.6806640625,3210.807181921911,3210.6335154906897,
bkbplo,XC526289.ogg,2520.8203125,144313.9088729332,-0.2274197993023734,-1.8965825518106245,2110.25390625,2492.332186475247,2463.4851494056907,
bkbplo,XC526290.ogg,3081.4013671875,329.7271728515625,-0.767578125,-0.6655273437500004,3090.0146484375,3081.353075529332,3081.3046448501104,
bkbplo,XC526406.ogg,2676.8961588541665,79441.98943101444,-0.5721051586326819,-0.7876018455965226,2950.048828125,2661.8966921117976,2646.20078552876,
bkbplo,XC526407.ogg,2811.279296875,34730.83287477493,-0.10353847807108599,-1.7689676276830961,2648.583984375,2805.75688937848,2800.216471667894,
bkbplo,XC526409.ogg,2857.4560546875,34.77591276168823,0.40824829046386296,-1.8333333333333333,2853.1494140625,2857.4511890334898,2857.4463258306664,
bkbplo,XC526410.ogg,2705.64697265625,7755.028545856476,1.3512068597885565,0.07903065065329029,2680.8837890625,2704.391522048765,2703.1700920605285,
bkbplo,XC526436.ogg,2767.0166015625,77.27980613708496,0.0,-1.0000000000000002,2767.0166015625,2767.0061281552125,2766.995654708283,
bkbplo,XC526437.ogg,3128.7744140625,34.77591276168823,-0.40824829046386296,-1.8333333333333333,3133.0810546875,3128.7699660714284,3128.7655160446793,
bkbplo,XC526439.ogg,2715.576171875,13945.216781952802,-1.7768419900808505,2.251480576664024,2723.9501953125,2713.0185600367104,2710.3212969793317,
bkbplo,XC526473.ogg,2754.7119140625,4846.547842025757,1.74900793392827,1.5456735384312035,2702.4169921875,2753.977668697131,2753.2627985062427,
bkbplo,XC526502.ogg,2875.45166015625,289647.0487805513,-2.8861365700899917,7.119668733903342,3100.78125,2797.671313717094,2668.0676490943297,
bkbplo,XC526552.ogg,2361.474609375,38.63990306854248,0.7071067811865475,-1.5,2357.8857421875,2361.4691606830206,2361.463717517071,
bkbplo,XC526553.ogg,2594.7509765625,98348.72170498497,0.45870957951416924,-1.6719461359900003,2347.119140625,2577.300225481453,2560.5380704248487,
bkbplo,XC528025.ogg,,
bkbplo,XC534871.ogg,6.851473721590909,52.69077691164883,0.509116882454314,-0.6760000000000002,0.0,0.0,0.0,
bkbplo,XC538439.ogg,,
bkbplo,XC549027.ogg,,
bkbplo,XC549790.ogg,,
bkbplo,XC552837.ogg,,
bkbplo,XC552838.ogg,,
bkbplo,XC552841.ogg,,
bkbplo,XC554009.ogg,118.8812255859375,240795.2659447556,4.58598959318805,19.03574375542487,21.533203125,0.0,0.0,
bkbplo,XC555762.ogg,,
bkbplo,XC556771.ogg,,
bkbplo,XC558068.ogg,2915.057373046875,106.25973343849182,0.49338220021815865,-1.371900826446281,2906.982421875,2915.0437172361053,2915.0300751783807,
bkbplo,XC559201.ogg,675.9033203125,674356.4683198929,2.466810184391755,4.102549908442517,419.8974609375,498.7916272872238,441.5265442617686,
bkbplo,XC560597.ogg,3042.6416015625,8844.673812389374,-1.4877270756313186,0.23364950727366107,3079.248046875,3041.4456892304956,3040.216286282474,
bkbplo,XC560852.ogg,1394.27490234375,1766921.9747998498,0.0018295793026762584,-1.9973873734540832,129.19921875,569.7384306301943,232.35129876103787,
bkbplo,XC563506.ogg,,
bkbplo,XC568819.ogg,2515.078125,150.69562196731567,-0.27154541788363945,-1.044378698224852,2519.384765625,2515.054138975874,2515.0301338021345,
bkbplo,XC56913.ogg,2804.3830422794117,30358.178549829656,0.0035661425223364298,-1.8356006998203633,2659.3505859375,2799.283383751431,2794.190720563443,
bkbplo,XC569299.ogg,,
bkbplo,XC580119.ogg,2499.64599609375,65.68783521652222,-0.2282688235636075,-0.8927335640138407,2497.8515625,2499.635041561499,2499.6240820386943,
bkbplo,XC580611.ogg,,
bkbplo,XC581182.ogg,16.14990234375,38.63990306854248,0.0,-2.0,10.7666015625,15.226273950354855,14.35546875,
bkbplo,XC581731.ogg,,
bkbplo,XC583387.ogg,,
bkbplo,XC584264.ogg,2726.0009765625,12468.544721603394,-0.4194793133420889,-0.8323149145514623,2530.1513671875,2723.795562373013,2721.5633258330226,
bkbplo,XC585630.ogg,2505.2536010742188,19872.01914936304,-0.09165284803489612,-1.2661926298922044,2325.5859375,2501.5162238260177,2497.764076239588,
bkbplo,XC585761.ogg,2682.756241508152,27532.534568677307,1.6813397151177991,1.6235773724302405,2551.6845703125,2678.147360758643,2673.8221906959925,
bkbplo,XC586086.ogg,,
bkbplo,XC586478.ogg,33.12800480769231,481.51263823876013,-0.2793519969145653,-1.6736,53.8330078125,0.0,0.0,
bkbplo,XC588972.ogg,2820.849609375,nan,0.0,-3.0,2820.849609375,2820.849609375,2820.849609375,
bkbplo,XC589079.ogg,2924.9267578125,38.63990306854248,-0.7071067811865475,-1.5,2928.515625,2924.922350685781,2924.917939957002,
bkbplo,XC589498.ogg,3090.732421875,173.32756519317627,-0.37166876306657687,-0.984076433121019,3100.78125,3090.706224293581,3090.67999979759,
bkbplo,XC590213.ogg,2358.3751331676135,4410.218027505008,0.7489622473944801,-1.137184610958067,2314.8193359375,2357.4944349850457,2356.6257607707375,
bkbplo,XC590381.ogg,,
bkbplo,XC590383.ogg,,
bkbplo,XC591654.ogg,3057.71484375,6955.1825523376465,-1.727135514239721,1.9300680272108837,3068.4814453125,3056.6889513072665,3055.631458455977,
bkbplo,XC592365.ogg,,
bkbplo,XC592723.ogg,2597.442626953125,2111.394703388214,-1.0211139616988438,-0.7264590542099194,2616.2841796875,2597.0829001255593,2596.7190904950176,
bkbplo,XC593266.ogg,3037.5274658203125,30584.173277020454,-1.6263405021876505,1.1104186348527412,3111.5478515625,3032.8395899231855,3027.856482198941,
bkbplo,XC593410.ogg,,
bkbplo,XC594114.ogg,,
bkbplo,XC594386.ogg,2557.8369140625,149.039626121521,1.6632337759638864,1.1584362139917692,2551.6845703125,2557.812063601194,2557.78733421015,
bkbplo,XC594762.ogg,2567.5178079044117,6594.638162676026,-1.0144616660604082,0.14526028551162806,2411.71875,2566.282461820679,2565.020075043938,
bkbplo,XC594802.ogg,,
bkbplo,XC594982.ogg,2585.419921875,295.8712577819824,-0.11475267145782246,-0.46772666518155503,2583.984375,2585.36648879346,2585.313027165432,
bkbplo,XC595047.ogg,6705.79833984375,158.42360258102417,-0.48756686638394087,-1.0101130279595483,6707.5927734375,6705.788490644679,6705.7786359490165,
bkbplo,XC595052.ogg,,
bkbplo,XC595596.ogg,199.74456331623134,295016.6560723629,4.372664520374222,17.213338715015297,64.599609375,90.78190502334196,76.58722892786784,
bkbplo,XC597774.ogg,2673.193359375,2461.913824081421,-1.9080507241162012,1.8795220092903522,2680.8837890625,2672.7897694194894,2672.37714212236,
bkbplo,XC598721.ogg,2392.7490234375,2097.042739391327,0.3903872347713828,-1.1645504098728967,2357.8857421875,2392.333615236534,2391.9201879380084,
bkbplo,XC600019.ogg,36.3372802734375,262.8893405199051,0.6581809699763614,-0.9249178498356998,21.533203125,33.4304990136135,30.94592065868264,
bkbplo,XC601355.ogg,40.25772758152174,76.0579910202931,-0.5504743761531165,0.027943097691973673,43.06640625,39.2140730050031,37.99977022058823,
bkbplo,XC603556.ogg,152.3412244073276,1810.3119943652428,-0.7688829987003009,-0.5071052872834794,193.798828125,144.87097050004334,135.59106230647905,
bkbplo,XC603557.ogg,,
bkbplo,XC603890.ogg,2637.8173828125,0.0,0.0,-3.0,2637.8173828125,2637.8173828124995,2637.8173828125,
bkbplo,XC603892.ogg,37.68310546875,34.77591276168823,0.0,-2.0,32.2998046875,37.296601862200944,36.9140625,
bkbplo,XC604281.ogg,2742.791748046875,5979.524999856949,-1.139570366483875,-0.6775793987383896,2777.783203125,2741.9585928286306,2741.109863208818,
bkbplo,XC604642.ogg,,
bkbplo,XC604694.ogg,,
bkbplo,XC606169.ogg,2956.5087890625,34.77591276168823,-0.40824829046386296,-1.8333333333333333,2960.8154296875,2956.5040817759273,2956.499372209821,
bkbplo,XC612690.ogg,,
bkbplo,XC613206.ogg,2807.9296875,62282.37175941467,0.873424421474677,-1.2213048259461983,2659.3505859375,2798.3967064293847,2789.3343126699515,
bkbplo,XC614564.ogg,2758.8134765625,1621.7719316482544,-1.1485991442292003,-0.22040458562504162,2777.783203125,2758.5304277934824,2758.2442510600304,
bkbplo,XC615632.ogg,,
bkbplo,XC615882.ogg,,
bkbplo,XC615997.ogg,,
bkbplo,XC616052.ogg,,
bkbplo,XC616092.ogg,,
bkbplo,XC617925.ogg,,
bkbplo,XC618313.ogg,66.39404296875,19.31995153427124,1.788854381999832,1.2000000000000002,64.599609375,66.2807921406421,66.17520960365853,
