#filename,mean,variance,skewness,kurtosis,mode,gmean,hmean
bknsti,XC133081.ogg,1966.0381116365131,97350.87231628248,1.0274768957929923,3.2365639768162167,1539.6240234375,1943.2838166941808,1921.4533396465044,
bknsti,XC135435.ogg,4896.931258491848,675692.3195142519,-2.065846892696087,3.0054011730636683,5178.7353515625,4808.2616398806695,4689.666801433625,
bknsti,XC139715.ogg,,
bknsti,XC143701.ogg,3143.84765625,289.7992730140686,0.0,-1.3,3122.314453125,3143.8107838079013,3143.7739111928026,
bknsti,XC143702.ogg,1956.829833984375,164039.7971490426,0.48456106270504873,-1.735964785835931,1625.7568359375,1917.6886803637676,1881.627316891367,
bknsti,XC143705.ogg,3496.698552911932,3653.4781076691365,0.11473706199614925,-1.6472221106906755,3423.779296875,3496.200464679509,3495.7030414647556,
bknsti,XC143707.ogg,3157.2433116824127,864.4502199625673,-0.5337936121546433,-0.713803847257168,3165.380859375,3157.107547782138,3156.9713288556586,
bknsti,XC143712.ogg,2929.9048639112902,287494.34047360567,-1.0242009114609036,-0.8186675659074583,3090.0146484375,2874.9276708454936,2812.8833744230315,
bknsti,XC143713.ogg,2101.640625,118042.69587993622,2.1244935081234635,2.5762791524688,1937.98828125,2080.0183052359707,2062.3399576387,
bknsti,XC143720.ogg,1785.46142578125,15198.139805218269,1.8700565619073257,1.9886892254130037,1711.8896484375,1781.6576404506243,1778.1451673378033,
bknsti,XC145475.ogg,2159.7802734375,150.69562196731567,-0.27154541788363945,-1.044378698224852,2164.0869140625,2159.752337790208,2159.724376127955,
bknsti,XC145476.ogg,2803.9722339527025,251246.5708078565,0.16334614390833715,-1.5656719953783405,2207.1533203125,2760.6112634970127,2718.2163381348596,
bknsti,XC145752.ogg,2150.3056640625,67640.52243232727,0.37098713847578985,-0.1901221163802327,2271.7529296875,2135.1211992145854,2120.1716826725574,
bknsti,XC157643.ogg,2306.103515625,772.2460627555847,0.41035555785756456,-0.17509417785909598,2293.2861328125,2305.9445410072185,2305.7860503951247,
bknsti,XC157644.ogg,2785.7713268649195,181684.57493858953,1.809802368237301,1.3347173091810802,2573.2177734375,2758.85258480426,2736.11237273544,
bknsti,XC173681.ogg,2.87109375,24.287939071655273,1.0552897060221726,-0.8863636363636362,0.0,0.0,0.0,
bknsti,XC174956.ogg,1949.35302734375,4861.635804176331,0.6244758510649153,-0.6442828071314812,1916.455078125,1948.157131769601,1946.9778279643913,
bknsti,XC174957.ogg,2991.5201822916665,534075.1258685038,0.9565308519043755,0.3628531653435907,2379.4189453125,2913.533223295348,2843.218448995874,
bknsti,XC174958.ogg,2680.547332763672,520049.35275102337,-1.9808349538805732,3.8102994644782315,3068.4814453125,2480.732512492668,2024.7881115025316,
bknsti,XC174961.ogg,3020.6298828125,274848.85051846504,0.47564250933997154,-0.2894274878914822,2885.44921875,2981.100011486149,2942.275830303505,
bknsti,XC175552.ogg,3634.4009399414062,1032936.8617907166,-0.5492338744786804,-1.1962510260426975,2099.4873046875,3479.220921344253,3306.717272174466,
bknsti,XC177581.ogg,,
bknsti,XC178759.ogg,2622.4365234375,997.7747942950275,1.1615042048628952,3.2519316178658926,2627.05078125,2622.24965900753,2622.0644228708993,
bknsti,XC180916.ogg,2012.912029109589,359313.870137685,-1.9542270114326028,3.182154529123122,2250.2197265625,1759.8973606477641,857.6251483040834,
bknsti,XC181041.ogg,,
bknsti,XC182834.ogg,43.7841796875,272.68731594085693,-0.4834376730150443,-0.6432083790916092,43.06640625,39.82309158968799,34.483777246441285,
bknsti,XC185608.ogg,2428.0542834051726,9220.75617929985,0.08017536805905472,-1.4422354086410363,2304.052734375,2426.223317532838,2424.3960162189333,
bknsti,XC187426.ogg,741.10107421875,3051165.1698946953,1.7888176702841556,1.199934372305588,32.2998046875,63.77629207714091,32.25948033707865,
bknsti,XC190079.ogg,114.53831449468085,1577.6325008520625,0.5218863256811874,-0.6004957111515128,75.3662109375,107.91564279276051,101.65795349251795,
bknsti,XC197637.ogg,2056.4208984375,77.27980613708496,0.0,-1.0000000000000002,2056.4208984375,2056.406805882218,2056.3927132303556,
bknsti,XC208161.ogg,1375.9716796875,81.14379644393921,0.3436215967445456,-1.153061224489796,1367.3583984375,1375.948121988367,1375.9245956536577,
bknsti,XC210361.ogg,172.93853759765625,180707.14119701617,5.354003066847394,26.79392033068143,75.3662109375,104.54745844979573,93.683721285678,
bknsti,XC210362.ogg,2306.744384765625,322.91918992996216,0.36952650878097026,-0.9506903353057199,2293.2861328125,2306.683246949017,2306.6222173044407,
bknsti,XC210363.ogg,3509.912109375,5656.881809234619,-0.694088168075978,-1.5000000000000002,3413.0126953125,3509.234363540142,3508.5505404478918,
bknsti,XC211355.ogg,5125.730543870192,1998.8719087380632,1.1643707731281279,0.4466209698594459,5103.369140625,5125.551710974882,5125.374024686255,
bknsti,XC211813.ogg,2143.450927734375,1168.85706782341,0.09864349023478493,-1.338592348781668,2099.4873046875,2143.201208727783,2142.951731495543,
bknsti,XC211814.ogg,2083.45703125,13755.571311170404,1.4850864535355686,3.0221379021268806,2067.1875,2080.3824072017746,2077.4471988447685,
bknsti,XC211815.ogg,2128.7109375,761.7580890655518,1.4315448182155597,0.6460302457466915,2110.25390625,2128.5592962947812,2128.4093657744015,
bknsti,XC217947.ogg,2277.13623046875,405.71898221969604,0.0,-1.2685714285714287,2250.2197265625,2277.0619896917065,2276.9877477942996,
bknsti,XC217959.ogg,2287.0871803977275,8020.414425568147,-0.18088456498915376,-1.1949549750754942,2304.052734375,2285.377331648751,2283.6588114765937,
bknsti,XC217961.ogg,2530.9795673076924,133714.9896108187,0.5755978966821631,-0.3570012642584337,2605.517578125,2506.476705698442,2482.889051219516,
bknsti,XC217965.ogg,2308.23974609375,51756.63486999624,-0.20089990611899153,-1.4367421437158532,1937.98828125,2297.4615251902196,2286.5402648889235,
bknsti,XC217967.ogg,2489.569561298077,291173.9618732379,1.2667809597810138,-0.37671518989639985,2228.6865234375,2443.1308222256725,2404.0828626350653,
bknsti,XC217969.ogg,2108.7158203125,16863.55769634247,0.30975052874753467,-1.8480027108038393,2013.3544921875,2105.3253315782576,2101.978975618494,
bknsti,XC217971.ogg,3776.923828125,81.14379644393921,0.3436215967445456,-1.153061224489796,3768.310546875,3776.915238659597,3776.9066533802,
bknsti,XC217972.ogg,3722.552490234375,693551.3595227272,-1.583398470304935,0.5402793651754241,4123.6083984375,3601.0576676608007,3444.809186387434,
bknsti,XC217973.ogg,2514.506149291992,13364.28173047703,-1.0831027070153791,0.6438742357677407,2508.6181640625,2511.77286483795,2508.939030603304,
bknsti,XC217975.ogg,2108.0516468394885,1938.7142486224468,-0.047230954474105684,-0.3347625743589995,2121.0205078125,2107.6017624668766,2107.151363237092,
bknsti,XC238377.ogg,3450.8814318426726,194998.6501397758,-0.3349647428963934,-1.3945621366079022,2982.3486328125,3422.560388411462,3393.367184980962,
bknsti,XC253555.ogg,134.58251953125,1081.9172859191895,-0.3477206076597325,-1.2326530612244897,161.4990234375,130.43135909059905,125.95888654645874,
bknsti,XC257541.ogg,2516.8101435122285,196.7275064924489,-0.28032226114579717,-0.7106725464986172,2519.384765625,2516.7718700033433,2516.7335561886985,
bknsti,XC257542.ogg,2632.972412109375,44323.731125969636,2.2945360970353446,3.986678198070285,2540.91796875,2625.794979927856,2619.3547577485615,
bknsti,XC257543.ogg,3194.9021862399195,726.1808879913824,0.7391514165155662,0.02263672595200772,3176.1474609375,3194.7926456886207,3194.683543492632,
bknsti,XC257544.ogg,1978.363037109375,171.2450249628587,0.1784778609144433,-0.7171597633136093,1981.0546875,1978.323392738258,1978.283777024408,
bknsti,XC257545.ogg,1980.0759055397727,28735.44209653681,0.9973150534893764,-0.9667031865494997,1894.921875,1973.806585814297,1967.8730119845122,
bknsti,XC257546.ogg,3105.474384014423,472609.50397383363,-0.709101861433581,-1.4886738583293262,3574.51171875,3021.3883060644325,2929.8948467227697,
bknsti,XC261421.ogg,,
bknsti,XC264404.ogg,2044.88525390625,4163.555709215311,-1.2204167136248778,0.33682452756129644,2056.4208984375,2043.9152416744512,2042.920131943032,
bknsti,XC268698.ogg,219.2471590909091,4202.616366473112,0.23828975795784105,-1.2804645128967649,193.798828125,210.4508393853116,201.72652804769484,
bknsti,XC278957.ogg,,
bknsti,XC288171.ogg,,
bknsti,XC292918.ogg,7.177734375,60.719847679138184,0.5634097118269409,-0.830578512396694,0.0,0.0,0.0,
bknsti,XC295821.ogg,106.3201904296875,378.80904972553253,-0.2690280691015004,-1.1095583624473708,107.666015625,104.67714178908406,102.96267896416404,
bknsti,XC304651.ogg,24.84600360576923,489.3595108619104,0.478866248524469,-0.9400122397980435,0.0,0.0,0.0,
bknsti,XC312740.ogg,3340.2909128289475,283909.229895002,-0.7233775348569366,-1.361145331452561,3649.8779296875,3294.6515001372513,3245.711708499859,
bknsti,XC316121.ogg,3604.658203125,2467.801809310913,-1.0456504474037294,0.1403585235420004,3606.8115234375,3604.347247850399,3604.033396026121,
bknsti,XC316122.ogg,3373.0224609375,143.51963996887207,0.19201160638565623,-1.143491124260355,3359.1796875,3373.004233078628,3372.986012825477,
bknsti,XC316344.ogg,2896.2158203125,1790331.2971899586,-1.4575408324047505,0.5201199388004709,2228.6865234375,0.0,0.0,
bknsti,XC316538.ogg,2583.3620280888726,4217.200782538133,-0.17072371861785074,-0.36390499170565827,2605.517578125,2582.5476627415633,2581.7304074925573,
bknsti,XC318015.ogg,2347.395207331731,48797.6040206589,3.781447303413258,15.230539927353309,2357.8857421875,2338.9586239869823,2331.946533209658,
bknsti,XC318016.ogg,2438.4897592905404,3938.8333623473713,-0.7995413816900112,-0.488006726589191,2476.318359375,2437.692787544856,2436.8846380583827,
bknsti,XC318017.ogg,2706.7236328125,150.69562196731567,0.27154541788363945,-1.044378698224852,2702.4169921875,2706.701379079778,2706.679141534231,
bknsti,XC322304.ogg,2911.9944605334053,330005.98558226426,-0.024805892103979366,-1.7499551983416715,2314.8193359375,2855.360007361644,2799.26767945681,
bknsti,XC322306.ogg,2428.765869140625,7962.340025798134,-2.544246095477831,8.034840287091221,2487.0849609375,2427.0870890993942,2425.2893475613387,
bknsti,XC327932.ogg,2624.873266327247,18100.97333908626,5.463057196071682,35.76678567025076,2637.8173828125,2621.9487466186065,2619.428252664495,
bknsti,XC337313.ogg,,
bknsti,XC342211.ogg,88.716796875,456.7236542701721,1.2918217739268005,2.0415195787918607,75.3662109375,86.52184035143245,84.52447379472888,
bknsti,XC357525.ogg,,
bknsti,XC357539.ogg,3177.4932861328125,575732.6237261295,1.3355710729642847,1.257540803917185,3197.6806640625,3103.72000614197,3039.1835944784766,
bknsti,XC357988.ogg,2709.7002814797793,212041.16661942142,1.45759998032393,0.15402036339865433,2476.318359375,2676.3001646780904,2647.777293390287,
bknsti,XC363048.ogg,2658.453369140625,197365.06489307983,0.13820706059532284,-1.5806376244811573,2314.8193359375,2622.962750591275,2588.017828338872,
bknsti,XC363375.ogg,,
bknsti,XC372698.ogg,,
bknsti,XC373793.ogg,4392.140107996323,33609.04451240512,-0.02722609661623529,-1.1134765659342913,4112.841796875,4388.532406824936,4384.919875182615,
bknsti,XC374129.ogg,8.61328125,81.14379644393921,0.3436215967445456,-1.153061224489796,0.0,0.0,0.0,
bknsti,XC375669.ogg,693.9564098011364,448.925419287248,0.7315291508387842,-0.859320240692985,689.0625,693.666336765637,693.3802834152809,
bknsti,XC380496.ogg,,
bknsti,XC383316.ogg,1668.8232421875,731144.2458629608,-0.8095344982144435,-1.3401465774062469,2228.6865234375,1341.5265153983094,979.2916620340108,
bknsti,XC383317.ogg,3506.8359375,738.828915816087,-0.4100417050059567,-0.8774316290130799,3499.1455078125,3506.7379164609715,3506.639692268655,
bknsti,XC383809.ogg,3340.2909128289475,283909.229895002,-0.7233775348569366,-1.361145331452561,3649.8779296875,3294.6515001372513,3245.711708499859,
bknsti,XC384015.ogg,4668.936767578125,8264.160110762245,2.414005823253503,4.261535035751286,4629.638671875,4668.120699894597,4667.328660872179,
bknsti,XC384212.ogg,922.69775390625,1489520.675201165,1.0955989885814466,-0.46417522838112735,161.4990234375,378.669962076679,222.42423950916745,
bknsti,XC385291.ogg,2145.3623896059785,34451.52084818,-0.45695360996092593,-0.9215974638705089,1830.322265625,2137.4377428091725,2129.2801515937167,
bknsti,XC385342.ogg,,
bknsti,XC407350.ogg,2440.9423828125,6035.184860229492,0.18529320095362734,-1.7982232797937734,2368.65234375,2439.7544917411337,2438.571549205663,
bknsti,XC416421.ogg,3515.6120749080883,86970.46653312794,-3.659182049077793,11.640340963867699,3563.7451171875,3500.9254436422316,3482.3778926121054,
bknsti,XC421941.ogg,5026.7109375,151017.49235987663,-1.914626259192967,2.803807126431618,5275.634765625,5010.631592862253,4992.696268744783,
bknsti,XC426245.ogg,2890.83251953125,193.1995153427124,0.0,-1.3599999999999999,2874.6826171875,2890.8074573618524,2890.7823951316204,
bknsti,XC444205.ogg,2274.591397372159,79584.04309899732,-3.2734599596811154,21.2050127194901,2304.052734375,2246.3903309935886,2195.6601894112155,
bknsti,XC451814.ogg,3032.4806213378906,401355.9840517419,-0.8020159957655473,-1.3319140829832157,3466.845703125,2959.3001337221112,2878.739530161016,
bknsti,XC451853.ogg,3321.49658203125,3071.872293949127,0.12363172162695872,-1.090331342378334,3305.3466796875,3321.080870931662,3320.665659776421,
bknsti,XC47241.ogg,3453.3184344951924,279218.3534843236,-1.3297289731017463,0.46230226978342204,3617.578125,3406.9253600057687,3352.879904629635,
bknsti,XC481275.ogg,2869.5333729619565,258221.40022982715,0.7628902081404665,-0.9755718123327117,2487.0849609375,2828.5872274906133,2791.054268488659,
bknsti,XC487937.ogg,1748.8037109375,790789.7662371397,-1.3740036303637717,0.04843519210725278,2067.1875,917.4409672108754,139.71177714294998,
bknsti,XC488339.ogg,3747.54638671875,2901.6727209091187,0.8478133296504192,0.7489394885552958,3736.0107421875,3747.175930161925,3746.8082899279893,
bknsti,XC490599.ogg,1638.6767578125,4688221.943199635,0.40824514365494,-1.8333058854339352,53.8330078125,313.1462733326301,94.10775942609554,
bknsti,XC492064.ogg,2168.9808238636365,2929.607196287675,-0.08309599537101935,-1.5856699963769978,2110.25390625,2168.3659083656526,2167.7502146772035,
bknsti,XC492065.ogg,,
bknsti,XC492142.ogg,2199.9755859375,2897.992730140686,-0.20293964620053914,-1.2939000000000003,2250.2197265625,2199.3881074638,2198.7987302296146,
bknsti,XC492143.ogg,,
bknsti,XC492235.ogg,2534.765625,824266.0875530804,-1.3071752092241338,2.6055962345455317,2573.2177734375,1995.6030245380525,649.3402178761523,
bknsti,XC492411.ogg,,
bknsti,XC493684.ogg,3336.9735717773438,83948.57040792704,-3.2534496462857474,9.515494929209764,3380.712890625,3322.3625068621486,3304.2162532991497,
bknsti,XC503289.ogg,4505.82275390625,38.63990306854248,0.0,-2.0,4500.439453125,4505.819538074296,4505.816322244624,
bknsti,XC503387.ogg,2235.4156494140625,130.40967285633087,0.035996616477069254,-1.114134542705971,2228.6865234375,2235.390129062796,2235.364611412376,
bknsti,XC511162.ogg,2547.2800514914775,1967639.4603740084,-1.298001510611087,-0.30967395842964596,21.533203125,1049.031548416588,92.68321043758776,
bknsti,XC516223.ogg,,
bknsti,XC551474.ogg,96.0380859375,501.5459418296814,0.25012723366475914,-0.7534698398151951,75.3662109375,93.50843683554506,90.9606214408546,
bknsti,XC562188.ogg,,
bknsti,XC562295.ogg,,
bknsti,XC564656.ogg,2460.16845703125,38.63990306854248,0.0,-2.0,2454.78515625,2460.1625671983966,2460.15667737965,
bknsti,XC565568.ogg,2278.033447265625,431.18619106032634,0.22518727533523103,-0.990364234427433,2250.2197265625,2277.946802625868,2277.8602683200525,
bknsti,XC567141.ogg,48.44970703125,38.63990306854248,0.0,-2.0,43.06640625,48.1497059608109,47.8515625,
bknsti,XC570045.ogg,1135.107421875,3574996.951818466,0.948670729289456,-1.0999787956672205,32.2998046875,113.1875062531014,37.57943785674544,
bknsti,XC570047.ogg,3200.127618963068,1335041.0182096742,2.836925526791854,6.069274159658486,2842.3828125,3076.2221504358763,3000.7982472907283,
bknsti,XC574033.ogg,5689.3798828125,2035428.6539554596,-0.9471095915744092,-1.1005753149411646,3596.044921875,5505.677601021618,5296.240036997194,
bknsti,XC575068.ogg,3432.75146484375,538749.1002097363,0.1697791375095737,-0.663743852038158,3208.447265625,3354.5736917135428,3274.7054344392986,
bknsti,XC582699.ogg,2990.9619140625,230236.06580182127,0.42245632874043637,-1.7394985394880018,2573.2177734375,2955.69917701265,2922.2413386486833,
bknsti,XC586463.ogg,3200.8473115808824,230620.7117358631,2.227357302189558,3.9881082611706455,2928.515625,3171.6993700091857,3147.384306024667,
bknsti,XC586464.ogg,3346.0205078125,25861.984353799086,-0.8604828762817693,-0.8110571976972238,3434.5458984375,3342.1909486323566,3338.254565734408,
bknsti,XC587207.ogg,1775.9225945723683,1148718.8993943366,-1.0524965207238914,-0.8601705743321455,32.2998046875,787.2814644275848,121.78894991383984,
bknsti,XC591674.ogg,,
bknsti,XC598634.ogg,,
bknsti,XC607836.ogg,172.265625,400.44990452853114,0.0,-1.0886426592797782,150.732421875,171.19070150373534,170.11014752738356,
bknsti,XC607837.ogg,2559.375,22168.264389038086,-0.9419852541055813,-1.0984159105609428,2637.8173828125,2555.529301334766,2551.5536472500767,
bknsti,XC607844.ogg,16.748046875,32.1999192237854,-0.22360679774997896,-1.95,21.533203125,15.8240456809946,14.90760216346154,
bknsti,XC99570.ogg,3373.6731896033652,329477.0571533827,0.048265438732479564,1.014534722546549,3316.11328125,3322.875182010134,3268.1323806177597,
