#filename,mean,variance,skewness,kurtosis,mode,gmean,hmean
blhpar1,XC114100.ogg,6.966624540441177,28.127576498424308,-0.6154574548966636,-1.6212121212121215,10.7666015625,0.0,0.0,
blhpar1,XC116438.ogg,19.73876953125,207.25038918581876,0.31333602303859304,-0.8290721057167483,21.533203125,0.0,0.0,
blhpar1,XC117984.ogg,,
blhpar1,XC118875.ogg,18.662109375,123.64768981933594,-0.655625234066416,-0.6368781887755102,21.533203125,0.0,0.0,
blhpar1,XC119506.ogg,,
blhpar1,XC122573.ogg,1247.5799560546875,2781098.413379944,0.6396191632957287,-1.4144848874971867,10.7666015625,0.0,0.0,
blhpar1,XC122608.ogg,1083.58154296875,3117394.9828285435,0.9486538731742459,-1.099984426505445,10.7666015625,0.0,0.0,
blhpar1,XC128389.ogg,1702.19970703125,418146.86304330826,2.664680064609955,5.104939314224017,1507.32421875,1632.3353555000083,1589.3821897646706,
blhpar1,XC131162.ogg,,
blhpar1,XC141582.ogg,14.35546875,36.95990728295368,1.4253263561857918,1.0661157024793395,10.7666015625,13.403437472844123,12.70811987704918,
blhpar1,XC144861.ogg,,
blhpar1,XC148080.ogg,215.33203125,0.0,0.0,-3.0,215.33203125,215.33203124999994,215.33203125000003,
blhpar1,XC148297.ogg,237.63427734375,7195.301949977875,0.16781816904986785,-1.235017159121576,226.0986328125,223.0123185711777,208.5281565820161,
blhpar1,XC148323.ogg,267.01171875,2261.7223262786865,1.3473476503604074,0.03255483315258845,236.865234375,263.6672213409412,260.76906536697254,
blhpar1,XC167316.ogg,3046.611785888672,375142.23755307257,1.1298232534428378,-0.26203052475791466,2723.9501953125,2993.791884965635,2947.693542961291,
blhpar1,XC174550.ogg,,
blhpar1,XC188647.ogg,4280.397033691406,94327.24837213755,-3.5681287582436534,10.854944321008244,4371.240234375,4267.937306591655,4252.906436918321,
blhpar1,XC1938.ogg,4882.65380859375,10220.254361629486,-1.0984178386540697,-0.04192832825112225,4683.4716796875,4881.639476889276,4880.609728181149,
blhpar1,XC194596.ogg,,
blhpar1,XC197447.ogg,3983.258056640625,370432.8721924262,-0.6404965996991699,-1.0953274007831382,4532.7392578125,3933.671973256784,3880.293292733383,
blhpar1,XC20733.ogg,,
blhpar1,XC213473.ogg,,
blhpar1,XC214333.ogg,,
blhpar1,XC2271.ogg,2347.119140625,408.4789752960205,0.35367551792839186,-0.0029218407596780516,2336.3525390625,2347.0362362909536,2346.9534879211405,
blhpar1,XC235481.ogg,2213.433837890625,146491.4325138797,2.1095491411654783,2.7453492069264716,2024.12109375,2187.4802683889957,2166.392401143529,
blhpar1,XC235483.ogg,,
blhpar1,XC238877.ogg,2935.809129284274,174299.866237948,0.047729207158288156,-1.4246851234858373,2379.4189453125,2906.9050657936436,2878.0895081102494,
blhpar1,XC238878.ogg,3326.8798828125,737062.2520697744,1.703225661796862,0.9561637242494401,2971.58203125,3240.915367525641,3174.7942353032345,
blhpar1,XC238879.ogg,1663.9293323863637,1551106.8754629653,-0.5708551962191755,-1.6677706483116952,21.533203125,653.7176942101811,102.22070029772988,
blhpar1,XC238880.ogg,4316.115234375,209470.00572681427,-2.376572275011863,3.7789286606848096,4478.90625,4287.960665665572,4254.104658738493,
blhpar1,XC238881.ogg,4070.7541725852275,286587.2432535345,0.06388395945171131,-1.5011331666121832,3779.0771484375,4038.664862594459,4006.7250252244526,
blhpar1,XC238882.ogg,2782.6771129261365,9679.044810208406,0.4054417398297526,-0.9522430074312056,2659.3505859375,2781.0310150083696,2779.3994013714178,
blhpar1,XC238883.ogg,2240.495054183468,1363852.216855172,-0.823465390554353,-1.158568686808809,484.4970703125,1733.07623182563,1163.769978903661,
blhpar1,XC238884.ogg,3927.454376220703,432722.5485918743,-0.96681947166115,-0.8447949351333213,2680.8837890625,3866.889625079472,3799.442078263659,
blhpar1,XC238885.ogg,3209.6435546875,1606.7759692668915,-0.477798184344443,-0.9759057192541394,3251.513671875,3209.4202036527986,3209.1960017015285,
blhpar1,XC238886.ogg,3271.578702059659,3414.6132523363285,0.2555112449174947,-1.0379260036888533,3251.513671875,3271.0819330953605,3270.5865746220243,
blhpar1,XC238887.ogg,3460.6124074835525,182384.40984173826,1.1886551555578666,-0.10211900450232392,3176.1474609375,3437.65663087975,3416.66591356668,
blhpar1,XC238888.ogg,3249.71923828125,25836.044279011814,2.3179478220114014,4.702661424753484,3122.314453125,3246.3155710924116,3243.134745238823,
blhpar1,XC238889.ogg,3639.3505859375,433600.24827718735,1.2843186081886198,1.2270691536812448,3542.2119140625,3587.217592118271,3540.16766878405,
blhpar1,XC240074.ogg,,
blhpar1,XC251378.ogg,2820.849609375,2955.9525847434998,0.40373619781974934,-1.7918108419838523,2777.783203125,2820.432352885328,2820.017077132057,
blhpar1,XC254103.ogg,4365.85693359375,243673.7669056112,-3.008504901131246,7.066989442815258,4489.6728515625,4332.718654949431,4289.964056016573,
blhpar1,XC254104.ogg,3983.258056640625,370432.8721924262,-0.6404965996991699,-1.0953274007831382,4532.7392578125,3933.671973256784,3880.293292733383,
blhpar1,XC257684.ogg,3471.4599609375,14190.610555502084,-2.3060160925169506,4.899909427588804,3488.37890625,3469.457202874196,3467.342965849936,
blhpar1,XC257685.ogg,1488.8671875,5102.123200893402,-0.02404138167750388,-1.5936287899545758,1421.19140625,1487.2325105513423,1485.596968330987,
blhpar1,XC261610.ogg,2583.984375,518949.35417175293,0.6431578136810544,-1.4820008765866408,2056.4208984375,2500.4686300845174,2427.2994792622653,
blhpar1,XC261611.ogg,3075.6591796875,77418.90978813171,-1.7756165292847328,1.1771995475024575,3176.1474609375,3063.9927645843777,3051.0739048549394,
blhpar1,XC261612.ogg,3087.322998046875,134955.38145303726,-0.5301508091859559,-1.695962530326795,2616.2841796875,3067.341288222081,3046.6619699664448,
blhpar1,XC275220.ogg,3897.509765625,13585.789918899536,1.7529955363481546,1.136973057344873,3854.443359375,3896.101820841271,3894.7375026131035,
blhpar1,XC275221.ogg,4377.112926136364,315607.71736231714,-0.7102107846708798,-1.2011634059256358,3456.0791015625,4340.246664065765,4301.138070448188,
blhpar1,XC275222.ogg,3449.00390625,87490.43652285701,2.1366779567279304,3.6750991080402713,3359.1796875,3437.780106612622,3427.694111008405,
blhpar1,XC275223.ogg,1441.86328125,447623.184299469,0.6596873233468193,-1.161377448745202,936.6943359375,1308.983362635893,1203.3293443533805,
blhpar1,XC275224.ogg,3746.77734375,424464.8551940918,-1.023952072746972,-0.903512271572402,2702.4169921875,3686.355519109528,3618.8860393886025,
blhpar1,XC286842.ogg,3648.4886907762098,146505.06215710792,-1.0443991491956819,-0.4358993360550749,4005.17578125,3627.4132415685826,3604.67613705779,
blhpar1,XC287714.ogg,2700.0244140625,352689.8823064916,2.418161446530127,3.9687354149281315,2487.0849609375,2653.3278825060456,2618.370278918768,
blhpar1,XC290330.ogg,3805.99365234375,38.63990306854248,0.0,-2.0,3800.6103515625,3805.989845198435,3805.9860380569303,
blhpar1,XC295735.ogg,3309.0697101343458,306631.91450512444,1.7773051342894726,1.3041682221067576,3025.4150390625,3270.340242608092,3238.0118021492076,
blhpar1,XC303418.ogg,2914.541950631649,861837.409071962,0.7487034871654396,-1.2693256299447455,2153.3203125,2785.820416239417,2677.3606529860085,
blhpar1,XC313773.ogg,461.16943359375,1059757.3015093803,1.788608022379454,1.1995586634594968,32.2998046875,80.24110186395495,47.123131481150395,
blhpar1,XC325719.ogg,,
blhpar1,XC329326.ogg,,
blhpar1,XC340439.ogg,3575.947265625,22453.09567451477,-0.5424672671206019,-1.492122866887201,3692.9443359375,3572.9716858144297,3569.9531371894213,
blhpar1,XC343043.ogg,,
blhpar1,XC353374.ogg,,
blhpar1,XC357222.ogg,3412.294921875,211329.35786247253,1.493474313943539,0.24568663754889908,3197.6806640625,3386.574747612518,3363.8882840336173,
blhpar1,XC357801.ogg,23.0712890625,201.14291005018282,1.4190006140835874,1.8809696617796483,21.533203125,0.0,0.0,
blhpar1,XC358854.ogg,2114.8215553977275,1449894.9623615907,-1.2017184342686469,-0.5552676012091178,21.533203125,821.6912310280946,69.71228219570094,
blhpar1,XC360392.ogg,43.06640625,86.93978190422058,0.0,-1.5,32.2998046875,42.14982006238939,41.233793218085104,
blhpar1,XC360857.ogg,4777.886493389423,38488.315756504344,-1.0573217924242224,-0.6493155565575948,4888.037109375,4774.059542396721,4770.124037640016,
blhpar1,XC362216.ogg,,
blhpar1,XC362298.ogg,,
blhpar1,XC363491.ogg,24.609375,27.59993076324463,0.9486832980505138,-1.1,21.533203125,24.178002907185355,23.799856085526315,
blhpar1,XC368258.ogg,,
blhpar1,XC368270.ogg,5560.3515625,32.1999192237854,0.22360679774997896,-1.95,5555.56640625,5560.348989096848,5560.346416063939,
blhpar1,XC370311.ogg,7227.789627878289,7314734.820213971,-1.102264097491889,-0.7379104546187687,8828.61328125,6481.9186715829,5521.980025539631,
blhpar1,XC372329.ogg,30.50537109375,65.68783521652222,0.2282688235636075,-0.8927335640138407,32.2998046875,29.60233251544844,28.7109375,
blhpar1,XC380712.ogg,,
blhpar1,XC383838.ogg,,
blhpar1,XC387069.ogg,3277.1878756009614,4763.111128256872,-1.6164560453691188,1.1219786264149372,3283.8134765625,3276.5019278853597,3275.8006027111037,
blhpar1,XC387070.ogg,2312.7128269361415,17241.740747638367,-0.5009318756079775,-0.8225778507562547,2304.052734375,2308.9876512385763,2305.1854117566213,
blhpar1,XC387941.ogg,,
blhpar1,XC389357.ogg,,
blhpar1,XC404583.ogg,,
blhpar1,XC405434.ogg,,
blhpar1,XC407346.ogg,,
blhpar1,XC407478.ogg,,
blhpar1,XC407823.ogg,4045.849609375,63546.54058814049,-0.6929129245586979,-1.4923353421946441,4220.5078125,4038.6666203201844,4031.2943593321083,
blhpar1,XC411552.ogg,,
blhpar1,XC411555.ogg,,
blhpar1,XC415472.ogg,3017.340087890625,888.717770576477,0.5692333698997395,-0.3513043478260869,2993.115234375,3017.2025115195706,3017.0654220694782,
blhpar1,XC415538.ogg,2591.162109375,77.27980613708496,0.6260990336999411,-0.9600000000000004,2583.984375,2591.149698522334,2591.137303669985,
blhpar1,XC417412.ogg,3789.84375,408095.3362584114,-0.7149928430276917,-1.47549678137553,4209.7412109375,3737.6245540056657,3681.804473954132,
blhpar1,XC419303.ogg,,
blhpar1,XC421147.ogg,5697.115550321691,580189.3854778246,-3.41289320014886,9.65447459622632,5900.09765625,5622.484900328547,5512.344777760353,
blhpar1,XC421148.ogg,3506.6353175951085,1599675.4925335818,1.3224456545787686,-0.17961676652878733,5835.498046875,3334.9337494837155,3206.965258965599,
blhpar1,XC421394.ogg,,
blhpar1,XC427812.ogg,2987.0859375,2599.3062794208527,0.4735913242500856,-1.2311297894533142,2939.2822265625,2986.6703827176334,2986.2570027412557,
blhpar1,XC427813.ogg,2780.17578125,20777.66081866096,0.2542619475895918,-1.6181399040300963,2971.58203125,2776.672879432826,2773.2011283723677,
blhpar1,XC429391.ogg,1927.939453125,592740.9097490639,-0.09581885745438225,-0.8000173383879834,2142.5537109375,1749.6227358374838,1544.4073617600752,
blhpar1,XC451352.ogg,,
blhpar1,XC459235.ogg,3535.878619025735,440147.9882045704,0.42937836705354826,-1.1629048362746155,2874.6826171875,3479.162874608819,3424.943025046324,
blhpar1,XC460415.ogg,8.61328125,23.18394184112549,-1.5,0.25,10.7666015625,0.0,0.0,
blhpar1,XC474808.ogg,,
blhpar1,XC477319.ogg,,
blhpar1,XC480373.ogg,,
blhpar1,XC483140.ogg,2869.29931640625,250514.08356428146,-0.705781899399748,-1.4995836128634046,2217.919921875,2829.649489652387,2787.324880673216,
blhpar1,XC484776.ogg,,
blhpar1,XC493158.ogg,2588.846711189516,947750.5680361103,-0.01823368591934605,0.14456973536995266,2659.3505859375,2365.539446844657,2077.2190219148642,
blhpar1,XC493844.ogg,3093.4599609375,472486.02992892265,4.656334401273927,19.813035334309415,2939.2822265625,3048.3944175279835,3020.4082958172085,
blhpar1,XC494574.ogg,,
blhpar1,XC505345.ogg,9.787819602272727,33.722097223455265,-0.13258252147247723,0.6171874999999982,10.7666015625,0.0,0.0,
blhpar1,XC508196.ogg,,
blhpar1,XC509485.ogg,3080.9939822635133,1346758.4885697106,-0.24904038711145754,-1.4382674749388975,1421.19140625,2834.467303716517,2573.7743267930728,
blhpar1,XC514682.ogg,3693.662109375,686.6862773895264,0.9969378060830688,-0.031932051984573384,3682.177734375,3693.5757419092865,3693.489763745259,
blhpar1,XC518101.ogg,4245.413685993976,114033.68906469652,6.186245164841233,36.35992055063423,4198.974609375,4235.315217076076,4227.586045614837,
blhpar1,XC518102.ogg,2990.423583984375,3966.110050678253,2.127357806786898,2.7971722577917646,2960.8154296875,2989.8589778996848,2989.309661308646,
blhpar1,XC518103.ogg,150.732421875,0.0,0.0,-3.0,150.732421875,150.73242187499994,150.732421875,
blhpar1,XC518104.ogg,1473.22998046875,1549.4601130485535,0.6834355156809989,-1.4344313779143165,1442.724609375,1472.7964882447611,1472.3678484584,
blhpar1,XC519818.ogg,2887.6025390625,81.14379644393921,-0.3436215967445456,-1.153061224489796,2885.44921875,2887.59129151893,2887.5800367602237,
blhpar1,XC521022.ogg,145.7080078125,30.911922454833984,-0.1336306209562122,-1.9821428571428577,150.732421875,145.60864427086287,145.50902111695544,
blhpar1,XC521023.ogg,2925.042527721774,103.45522434480729,1.4046463853980213,1.0669560168384624,2917.7490234375,2925.0254682559826,2925.008463102,
blhpar1,XC521024.ogg,2279.6484375,49737.28322982788,1.0501943965313874,-0.1260828963540308,2110.25390625,2270.0460618162087,2261.014705600768,
blhpar1,XC521025.ogg,18.78428357712766,22.519092445126514,-1.1222850838908138,-0.7404761904761901,21.533203125,18.040555864494074,17.153568591101692,
blhpar1,XC522252.ogg,,
blhpar1,XC524038.ogg,1862.6220703125,1488950.024843216,-1.1546406660069386,-0.6667129369612956,2476.318359375,835.9527749816955,124.3271613907717,
blhpar1,XC525407.ogg,,
blhpar1,XC525408.ogg,,
blhpar1,XC525409.ogg,,
blhpar1,XC525410.ogg,,
blhpar1,XC525639.ogg,,
blhpar1,XC525640.ogg,,
blhpar1,XC529315.ogg,2167.869774070946,7806.652848784988,0.03637731377648868,-0.6308322681788341,2164.0869140625,2166.1169642590075,2164.363405890534,
blhpar1,XC529388.ogg,3797.021484375,38.63990306854248,-0.7071067811865475,-1.5,3800.6103515625,3797.0180901105273,3797.0146937086092,
blhpar1,XC532550.ogg,219.1320082720588,41.326099538548114,-0.2819999999999944,-0.6824000000000026,215.33203125,219.03991714103694,218.9472594766527,
blhpar1,XC532551.ogg,239.0185546875,56.12954340483013,-0.2692418329785078,-0.8487712665406426,236.865234375,238.9063090253876,238.79337967673766,
blhpar1,XC532552.ogg,3065.4052734375,107378.0826330185,-0.4228204622245867,0.2760087680028147,3143.84765625,3047.9694955329956,3029.7092439581606,
blhpar1,XC532553.ogg,219.638671875,30.911922454833984,0.40824829046386296,-1.8333333333333333,215.33203125,219.57574087676164,219.51323574029126,
blhpar1,XC532554.ogg,276.21901939655174,9548.333796745204,1.201986099149476,-0.5320829368936875,226.0986328125,262.58111342393033,252.27023984226125,
blhpar1,XC533008.ogg,3887.157264122596,366069.62654498906,0.5231031067525302,-1.370614777705513,3466.845703125,3843.7510071342294,3802.6292890041327,
blhpar1,XC539468.ogg,,
blhpar1,XC540904.ogg,3420.9879557291665,130842.9681796294,1.947181480170679,2.006301396561006,3273.046875,3404.67862978178,3390.291053049411,
blhpar1,XC540906.ogg,3588.50830078125,267673.5405861321,0.9985486025439788,-0.8924227829525986,4468.1396484375,3554.8066552685227,3524.1899353379467,
blhpar1,XC549980.ogg,3683.645907315341,406925.6010109729,0.09262587791761484,-1.8477363535444105,3079.248046875,3631.0018154192294,3579.4757338590357,
blhpar1,XC556076.ogg,3457.9790900735293,496139.76480329735,-0.25028382136035515,-1.5563031870204374,2497.8515625,3386.8130513212413,3313.527339113816,
blhpar1,XC574979.ogg,1738.80615234375,165.59958457946777,0.0,-1.3599999999999999,1722.65625,1738.764484790758,1738.7228169581952,
blhpar1,XC577462.ogg,2819.5037841796875,2697.2032338380814,-2.2205397716061626,3.0227911384613932,2842.3828125,2819.074230812255,2818.6334146035683,
blhpar1,XC57990.ogg,4232.253196022727,1260011.4093368703,0.6442994344779706,-0.8288010827785257,3090.0146484375,4105.737794892304,3990.0372246358015,
blhpar1,XC580466.ogg,4499.84130859375,95797.03262623619,-3.3286489296899475,10.363201750299059,4597.3388671875,4487.9317830929895,4473.7853486214835,
blhpar1,XC582795.ogg,3188.759765625,127746.83153629303,2.165889886243175,3.12105457315651,3014.6484375,3171.8609444395306,3157.2231917508498,
blhpar1,XC600025.ogg,2780.382037984914,298614.59572767385,0.9498445670360003,-0.22108816665378894,2616.2841796875,2733.057481346185,2690.156741007635,
blhpar1,XC606636.ogg,3278.1135110294117,12434.093513909507,-1.689196610640694,1.6056183874738341,3359.1796875,3276.2579473882897,3274.329474951779,
blhpar1,XC63887.ogg,3438.7589164402175,222752.77938767383,0.6190441365463881,0.7117228956263819,3326.8798828125,3408.643056042188,3379.0669115155893,
blhpar1,XC71118.ogg,,
blhpar1,XC71267.ogg,3850.8544921875,279816.12714854156,0.6896725017449893,-1.5000403464119663,3456.0791015625,3819.306634110386,3789.759944500953,
blhpar1,XC74104.ogg,26.91650390625,38.63990306854248,0.0,-2.0,21.533203125,26.37268009197709,25.83984375,
blhpar1,XC85341.ogg,4348.728249289773,5872.26163257252,0.703222883430268,-1.2082316160964386,4274.3408203125,4348.088849293607,4347.454596276645,
blhpar1,XC85342.ogg,3789.3429778343025,522863.8716076696,-2.213713604939491,3.21203618712952,1841.0888671875,3691.727501055803,3553.476008947478,
blhpar1,XC85343.ogg,2853.1494140625,222565.8416748047,0.3110216919345024,-1.5533972330729167,2551.6845703125,2818.4440100869883,2784.9071722021367,
blhpar1,XC85344.ogg,3231.6552734375,229067.64936447144,1.960323595996548,2.2099293361426593,3143.84765625,3202.2591833473193,3177.459852050883,
