#filename,mean,variance,skewness,kurtosis,mode,gmean,hmean
blkpho,XC109602.ogg,4647.444974459135,62382.81569205798,-0.5923401882481804,-1.5552251182408237,4823.4375,4640.848433357828,4634.1188029618725,
blkpho,XC109603.ogg,4679.067160866477,55836.41629327428,1.1840372926332596,-0.07278908449085453,4554.2724609375,4673.577844297664,4668.292107632728,
blkpho,XC114271.ogg,,
blkpho,XC120844.ogg,5105.26912913603,3278.1411882709053,-1.1320780968164081,0.01038540761601947,5114.1357421875,5104.964433190699,5104.657200928991,
blkpho,XC124431.ogg,2557.06787109375,193.1995153427124,0.0,-1.3599999999999999,2540.91796875,2557.039537573841,2557.0112039660303,
blkpho,XC124433.ogg,3851.21337890625,6247390.230210204,-0.8711198147609518,-1.238384116753508,5480.2001953125,1769.3810181410306,397.331844114273,
blkpho,XC124438.ogg,5137.283935546875,48140.54007749809,1.1422366349433355,-0.645038903542722,5017.236328125,5132.9670990793,5128.785034701632,
blkpho,XC124439.ogg,5261.63818359375,3902.4969688777264,-0.010686822986784257,-1.0010065973171876,5297.16796875,5261.279634414087,5260.921031255507,
blkpho,XC124441.ogg,4796.52099609375,2748.953104019165,0.0,-1.9053563652199157,4748.0712890625,4796.270250945054,4796.019516423104,
blkpho,XC124992.ogg,4695.7763671875,6396.359226920388,1.9858593955960095,7.02994406900398,4661.9384765625,4695.121532316829,4694.480121539578,
blkpho,XC125546.ogg,,
blkpho,XC129649.ogg,,
blkpho,XC131925.ogg,136.03186974158655,1709.3786078071166,0.3412193179973774,-0.6038812016143664,139.9658203125,129.7782423855571,123.47645750069289,
blkpho,XC138140.ogg,5305.1012541118425,17076.803477186906,-0.07907850863679732,-0.7424819053149663,5114.1357421875,5303.573797370995,5302.043760185449,
blkpho,XC148239.ogg,243.017578125,1617.3559427261353,2.0006262696100805,2.071538398816527,226.0986328125,240.62864976495825,238.6457822345512,
blkpho,XC168397.ogg,5970.08056640625,193.1995153427124,0.0,-1.3599999999999999,5953.9306640625,5970.068430893955,5970.056295374745,
blkpho,XC173172.ogg,9.228515625,55.19986152648926,0.13416407864998736,-0.6100000000000003,10.7666015625,0.0,0.0,
blkpho,XC183270.ogg,,
blkpho,XC185245.ogg,5322.616299715909,284.53019532290375,0.18257418583507082,-1.0902880658436174,5307.9345703125,5322.592009937132,5322.5677290042495,
blkpho,XC191962.ogg,5261.279296875,127181.48459087718,-0.32982311314563134,-1.5740091250051655,4812.6708984375,5250.019444611305,5238.605183288324,
blkpho,XC191963.ogg,4622.1848707932695,2859244.3381135277,-1.9172875399596105,1.6788275953793237,5297.16796875,3981.268537247192,2869.5786737925027,
blkpho,XC191967.ogg,,
blkpho,XC192011.ogg,5239.74609375,59156.90302848816,0.574781021152081,0.09104944782059787,4963.4033203125,5234.242521658534,5228.821095654145,
blkpho,XC192013.ogg,5381.50634765625,944.9212659489025,-0.2901225925232737,-1.0781774712897834,5394.0673828125,5381.425783549162,5381.3451332960185,
blkpho,XC192016.ogg,5598.6328125,289.7992730140686,0.0,-1.3,5577.099609375,5598.612107405108,5598.591402279587,
blkpho,XC192018.ogg,5736.181640625,56922.68863320351,0.7535407571982193,0.2319562036179743,5490.966796875,5731.41115646162,5726.728497211724,
blkpho,XC192051.ogg,5410.8154296875,1481.1962842941284,-1.0940698833029008,-0.3985207939508504,5415.6005859375,5410.693163309946,5410.570295752795,
blkpho,XC192052.ogg,4650.09521484375,4287.741243839264,0.13269821034439738,-1.795281838754454,4586.572265625,4649.680744992424,4649.266787304567,
blkpho,XC192053.ogg,4865.261606069712,81999.99724993338,0.9799111258657263,-0.8749907401143333,4672.705078125,4857.443596596627,4849.915105267116,
blkpho,XC192054.ogg,5264.8681640625,1159.1970920562744,-0.8197560612767679,-1.0633333333333337,5275.634765625,5264.773491769102,5264.67850924407,
blkpho,XC192055.ogg,4514.950959578804,65058.44770448481,2.805665770799562,6.145185004224093,4468.1396484375,4508.691620740957,4503.009077189892,
blkpho,XC192056.ogg,4855.7373046875,1765.5463402087871,-0.06446254830040125,-1.2837465564738293,4812.6708984375,4855.568422742275,4855.399477773828,
blkpho,XC192057.ogg,5620.166015625,386.3990306854248,0.0,-0.7999999999999998,5609.3994140625,5620.135076825213,5620.104137787001,
blkpho,XC197673.ogg,5076.45263671875,2564597.108309919,-2.996464884752442,7.02314832656425,5490.966796875,0.0,0.0,
blkpho,XC198768.ogg,5143.172940340909,162791.00935228847,-1.3820795049654542,-0.009021767434887362,5361.767578125,5126.605687260422,5108.792313782012,
blkpho,XC208934.ogg,5893.817138671875,5531.653396107934,-0.6889992934700849,-1.3461617105414743,5932.3974609375,5893.384545091823,5892.949554488006,
blkpho,XC213220.ogg,5233.2861328125,192705.99051179556,0.10796098344101437,-1.954839516670993,5695.5322265625,5215.561251781223,5197.996104894731,
blkpho,XC237806.ogg,4916.748046875,3854.3303310871124,1.8334249271666985,2.5621855390355597,4898.8037109375,4916.404586152979,4916.066000609358,
blkpho,XC253360.ogg,4947.25341796875,134687.11012601852,0.7068329387636691,-1.4992256399928294,4705.0048828125,4936.247319455388,4925.602456031966,
blkpho,XC254183.ogg,,
blkpho,XC260937.ogg,5452.610778808594,32565.227307379246,-0.1776532414828971,-1.8708336314790943,5254.1015625,5449.799674993972,5446.979031508211,
blkpho,XC260938.ogg,5166.7724609375,1172.0770597457886,-1.1052556775214633,-0.37017721289699335,5178.7353515625,5166.6711708480725,5166.569412178298,
blkpho,XC264717.ogg,5507.350755774457,19715.514178332607,-0.3290914009094137,-1.0866666846692976,5620.166015625,5505.628525824626,5503.896489866508,
blkpho,XC264718.ogg,5459.2822265625,48992.73450935588,0.3841424561473082,-0.25265630871063305,5577.099609375,5454.960461608834,5450.675443852331,
blkpho,XC264719.ogg,5754.700036951013,124756.74048190624,-1.8017971031763524,1.57364600572026,5846.2646484375,5743.077703791387,5730.524056636037,
blkpho,XC277557.ogg,333.7646484375,19068.792164325714,0.15081643215135992,-1.6838328359863637,193.798828125,307.8317771329487,283.8902593043968,
blkpho,XC277742.ogg,831.181640625,2698564.4624233246,2.157154589093482,2.6535569484534083,204.5654296875,317.44650816594174,238.79682336766732,
blkpho,XC277800.ogg,211.025390625,5598.921954631805,1.480625264136153,0.2242004552293504,172.265625,202.73848591083123,196.54467281879195,
blkpho,XC278074.ogg,1164.3762925091912,1197585.0092328805,1.87627638105558,2.4349409633330303,215.33203125,816.584397937662,567.5539099887627,
blkpho,XC288428.ogg,,
blkpho,XC302447.ogg,,
blkpho,XC306142.ogg,2808.923527644231,5480079.341104684,-0.1861806272073299,-1.7140016365483248,107.666015625,1010.7045592500244,270.16274598001615,
blkpho,XC313072.ogg,,
blkpho,XC318152.ogg,5104.347922585227,185111.12981492822,0.17946904105239395,-1.9622526622407925,4715.771484375,5087.99416903338,5071.846939870732,
blkpho,XC322227.ogg,5418.424612576844,66039.07826982561,-1.195973058896246,0.28552450914616934,5447.900390625,5412.18576472532,5405.695677325206,
blkpho,XC32520.ogg,1553.8862748579545,6000316.6483692005,1.024137853984771,-0.9460067726111787,64.599609375,216.82596435173306,88.12311582318011,
blkpho,XC325494.ogg,5652.4658203125,2878.672778606415,-0.1566987230522997,-1.1050966172694923,5598.6328125,5652.221114892043,5651.976163551364,
blkpho,XC329426.ogg,,
blkpho,XC339896.ogg,42.3486328125,384.56527257369737,0.5407363384578591,-1.2306795655176,32.2998046875,38.13873608288878,34.52766090290151,
blkpho,XC339897.ogg,4809.08203125,8925.817608833313,-0.8321168626891955,-0.34992199359082443,4758.837890625,4808.248338713776,4807.40582930546,
blkpho,XC343944.ogg,1.79443359375,19.31995153427124,1.788854381999832,1.2000000000000002,0.0,0.0,0.0,
blkpho,XC343945.ogg,32.2998046875,1333.0766558647156,1.4191014536126718,0.1427221172022688,10.7666015625,22.046474057273826,17.303466796875,
blkpho,XC351287.ogg,1250.68359375,1416.8621599674225,0.4858983584277067,0.02788347945691161,1248.92578125,1250.1334669910916,1249.5879764496115,
blkpho,XC351289.ogg,4487.990570068359,61326.083497054155,0.8886670636286489,-0.4351336450861987,4328.173828125,4481.565992963708,4475.335622048426,
blkpho,XC351292.ogg,2905.6365966796875,3086507.1572363377,-0.028902545585765056,-1.190554722997889,21.533203125,1634.714580548323,163.44693642278853,
blkpho,XC353665.ogg,4868.160306490385,119548.8877938344,0.18070896401633307,-1.5466748561849997,4468.1396484375,4856.89491355636,4845.726135683629,
blkpho,XC353668.ogg,4501.875,116293.31709598673,0.4600688011391203,-1.6960147050042536,4252.8076171875,4489.648271195647,4477.719686162001,
blkpho,XC357024.ogg,3882.4365234375,2124996.1816888107,-0.7801757260100755,-1.2693739550208551,1733.4228515625,3537.5417264889825,3140.4476867637118,
blkpho,XC357961.ogg,,
blkpho,XC363445.ogg,4881.825608473558,116644.65323319804,0.2203165422723332,-1.8203807106184355,4597.3388671875,4870.436274994699,4859.180204360996,
blkpho,XC368494.ogg,4958.550767495599,42121.21061707887,-0.20636378069530661,-0.1860282363373913,5028.0029296875,4954.331424030397,4950.0793561926375,
blkpho,XC374274.ogg,,
blkpho,XC37675.ogg,,
blkpho,XC384905.ogg,4828.82080078125,180962.258040905,0.7064953637633776,-1.4994236126966856,4554.2724609375,4813.7504645694835,4799.269937264508,
blkpho,XC384906.ogg,,
blkpho,XC390105.ogg,4748.0712890625,349150.16412734985,-0.5257356606850618,-1.6896329363954594,5157.2021484375,4714.391434335674,4679.49732448484,
blkpho,XC391570.ogg,4343.108146421371,26782.68791014148,-0.1708832568794269,-0.9525002143003034,4037.4755859375,4340.108400024159,4337.093636198555,
blkpho,XC398477.ogg,5166.4306640625,9068.233251571655,-1.0799542671606317,-0.5787131548463553,5006.4697265625,5165.583753875655,5164.725764879381,
blkpho,XC401018.ogg,5401.360887096775,142259.65861351264,-1.0476878946194077,0.013449465127276738,5437.1337890625,5387.921992250178,5373.768708852747,
blkpho,XC402596.ogg,100.48828125,38.63990306854248,0.7071067811865475,-1.5,96.8994140625,100.3630030609608,100.24077316810344,
blkpho,XC412934.ogg,,
blkpho,XC413434.ogg,5297.16796875,12109.151161634005,-1.3924747407546776,0.4540030062402258,5307.9345703125,5296.086254803897,5294.98395246689,
blkpho,XC413435.ogg,6182.1826171875,1926.8431663513184,-0.6702783746245595,-0.9658983671251677,6190.7958984375,6182.0419355277745,6181.900828273945,
blkpho,XC413436.ogg,6027.0538330078125,318920.1099619917,-0.9503281045606172,-0.8550379402977,6341.5283203125,6000.02675692988,5971.36927059498,
blkpho,XC425775.ogg,4969.86328125,440.4948949813843,-0.5071295169770312,-1.6198060941828258,4984.9365234375,4969.827782471282,4969.79223847853,
blkpho,XC428762.ogg,5490.966796875,7617.580890655518,0.0,-1.9146313799621928,5394.0673828125,5490.35981682388,5489.752892412225,
blkpho,XC435715.ogg,4879.537160773027,68696.3245115782,1.5375908534651328,0.5375391451527656,4748.0712890625,4873.20027270692,4867.186927753491,
blkpho,XC436641.ogg,4984.9365234375,77.27980613708496,0.0,-1.0000000000000002,4984.9365234375,4984.930709927565,4984.924896410854,
blkpho,XC444721.ogg,,
blkpho,XC446669.ogg,4923.028564453125,61346.18993769301,-0.4167158915602971,-0.5636791116456932,4931.103515625,4916.828157099598,4910.528060660091,
blkpho,XC449502.ogg,5088.5650634765625,123193.67095828056,0.13308583098655832,-1.4529324926627283,4565.0390625,5076.755024510828,5065.012958906096,
blkpho,XC449522.ogg,5133.184344951923,10618.620811686345,-2.105787405987041,6.430143885833058,5211.03515625,5132.146627859535,5131.077397270557,
blkpho,XC449553.ogg,5228.082275390625,6395.782137458975,-0.17410770286345822,-1.3859618160966471,5178.7353515625,5227.520551891374,5226.957860520892,
blkpho,XC450999.ogg,4820.20751953125,574705.4463028908,0.40812368469579274,-1.8323351587732535,4220.5078125,4768.367236240013,4719.05877166738,
blkpho,XC451252.ogg,5415.883917557566,30035.65409826181,0.583153802055667,-0.1390515131381762,5351.0009765625,5413.214025144697,5410.5737818609,
blkpho,XC452150.ogg,5036.376953125,1152.7571082115173,-0.4179790658350211,-0.6728488499110519,4974.169921875,5036.275041989417,5036.172947250684,
blkpho,XC452151.ogg,5191.89453125,713073.6511945724,-0.7060185769249946,-1.4998776522005877,4069.775390625,5125.604301603274,5054.984025557683,
blkpho,XC452569.ogg,4846.546303353659,57377.71147780302,0.8055098858173996,0.20161090135585136,4608.10546875,4840.905349484247,4835.395112709818,
blkpho,XC454882.ogg,5290.7080078125,29088.749885559082,-0.461034223357089,-0.8566404105370493,5415.6005859375,5287.985200637889,5285.234101936579,
blkpho,XC457114.ogg,5075.035978618421,22350.278669282012,0.07962276596197768,-1.5022728995281622,5189.501953125,5072.8750639153495,5070.717508923578,
blkpho,XC486471.ogg,6155.419921875,143.51963996887207,-0.19201160638565623,-1.143491124260355,6147.7294921875,6155.409926985836,6155.399929780256,
blkpho,XC486566.ogg,4706.08154296875,9594.287931919098,0.7465361528418947,-1.2293612405409273,4651.171875,4705.172920431295,4704.27321696512,
blkpho,XC486786.ogg,4861.8896484375,4979.027509689331,0.7705335425694727,0.0581794091474479,4866.50390625,4861.453681054356,4861.020622549428,
blkpho,XC486800.ogg,5387.8340871710525,62437.686214745474,-0.7970313784434411,0.9565848628297347,5135.6689453125,5382.032152466792,5376.057450396607,
blkpho,XC490385.ogg,5272.698419744318,32890.08476517417,0.09371548319697831,-0.7137725746051395,5017.236328125,5269.724549084283,5266.754323475492,
blkpho,XC492146.ogg,5901.667785644531,154641.7734510404,-2.501727216436327,5.2062499045664445,5932.3974609375,5887.171901416584,5870.78801926313,
blkpho,XC492147.ogg,5623.565995065789,2885.790655487462,0.4029464527485874,-1.5774432295155925,5577.099609375,5623.323516634927,5623.081646942533,
blkpho,XC501433.ogg,,
blkpho,XC513914.ogg,6005.679813508064,2488.8102558162204,-0.4756469666036319,-0.721885491033516,6050.830078125,6005.475405755323,6005.270454386058,
blkpho,XC513915.ogg,5973.310546875,7749.832145098982,-1.2118758231815487,1.0297460875090545,5953.9306640625,5972.675885750031,5972.033537280094,
blkpho,XC513916.ogg,5998.006439208984,23403.511532251872,-2.4774725271223024,5.587765268021315,6083.1298828125,5996.03294252073,5993.971782237683,
blkpho,XC51699.ogg,5918.40087890625,61206.826668036614,-2.0689005485890375,3.2591964120542887,5932.3974609375,5913.186519738903,5907.651499949794,
blkpho,XC51701.ogg,5932.949594350962,56855.2539729879,0.5425459612255841,-0.999413198812642,5727.83203125,5928.342661402112,5923.799339092496,
blkpho,XC528241.ogg,,
blkpho,XC528242.ogg,3826.1101973684213,20340.180553888018,0.08622293596981563,-1.8189575008620047,3692.9443359375,3823.596148518976,3821.088403841878,
blkpho,XC530773.ogg,4871.1181640625,7930.946258398203,0.12798845061494815,-1.199978866486241,4791.1376953125,4870.363218386274,4869.609339488547,
blkpho,XC533306.ogg,,
blkpho,XC538363.ogg,5699.332203584559,506.29637697163747,-0.4004665267061268,-0.3139645614393278,5706.298828125,5699.290355772826,5699.248464483237,
blkpho,XC543757.ogg,5430.527010830966,88601.56323233066,-0.7511166499506606,-0.8982731062614469,5081.8359375,5422.317957761824,5413.875866993978,
blkpho,XC545462.ogg,4599.937702047414,378.02387928140575,1.5582254663870065,3.209387920884205,4597.3388671875,4599.898198071119,4599.858862081207,
blkpho,XC559241.ogg,5402.493418817935,3150.4502786478038,0.5613095956498702,-0.9195525550083481,5340.234375,5402.215560116067,5401.938745389202,
blkpho,XC565863.ogg,4170.263671875,106027.89402008057,0.08262854574141504,-1.8545305217387382,3811.376953125,4158.426370490744,4146.661866161065,
blkpho,XC573469.ogg,,
blkpho,XC577069.ogg,5610.859292240466,1323832.888989195,-0.3675506695029237,3.0172010190207885,5028.0029296875,5450.932522665476,5137.176418219277,
blkpho,XC580822.ogg,5702.498851102941,238069.25043025435,-0.8559751784767042,-1.2079513551411254,6007.763671875,5681.82591481396,5660.182365744498,
blkpho,XC582729.ogg,4801.904296875,231.83941841125488,0.0,-0.9600000000000004,4801.904296875,4801.884179776673,4801.86406258732,
blkpho,XC600258.ogg,21.533203125,70.83982229232788,0.0,0.5165289256198342,21.533203125,0.0,0.0,
blkpho,XC607619.ogg,,
blkpho,XC610013.ogg,5042.61474609375,68917.49833415194,-1.169646843927007,-0.49837744758607005,5178.7353515625,5035.657442284482,5028.413777710552,
blkpho,XC610075.ogg,5487.3779296875,3421.3877807963977,-0.07276904699588026,-1.541723412418992,5404.833984375,5487.092002446374,5486.8059349527575,
blkpho,XC615066.ogg,4980.969880756579,55708.57182929391,0.9115348378607162,-0.9525549339746622,4780.37109375,4975.812248944925,4970.797161620115,
blkpho,XC615814.ogg,,
blkpho,XC617513.ogg,,
blkpho,XC617514.ogg,4566.419396033654,499886.00865110656,-0.97862131095776,3.1894332489683928,5243.3349609375,4498.870450172065,4401.84621254289,
