#filename,mean,variance,skewness,kurtosis,mode,gmean,hmean
blugrb1,XC112499.ogg,724.6707916259766,2955749.1910456144,2.454531722410402,4.168976661358007,96.8994140625,158.9067346795952,110.9929160260536,
blugrb1,XC112579.ogg,744.2413330078125,3790191.208114547,2.267780432003036,3.142877136539145,21.533203125,39.755783024551064,21.523238645578186,
blugrb1,XC123302.ogg,3445.6837621228447,107610.60729109005,-0.05140391347800419,-1.1388705457374801,3509.912109375,3430.4686592979274,3415.161054313819,
blugrb1,XC124268.ogg,8214.416220021802,57970.510970062205,-0.6212008092464987,-1.1929087559525924,8430.2490234375,8210.884587265109,8207.309919514915,
blugrb1,XC124496.ogg,,
blugrb1,XC133469.ogg,26.91650390625,38.63990306854248,0.0,-2.0,21.533203125,26.37268009197709,25.83984375,
blugrb1,XC135026.ogg,4630.40771484375,6660.287907490363,-0.06544675217046803,-1.657617758738366,4532.7392578125,4629.739319154907,4629.070458950485,
blugrb1,XC136115.ogg,3237.810724431818,9067.028890956532,1.419272642778216,3.1224834934547756,3208.447265625,3236.5689165932454,3235.356536571807,
blugrb1,XC138706.ogg,3195.7806755514707,34547.48274648891,-1.6269717706720874,0.7616478164501777,3294.580078125,3190.3530480939835,3184.5733466639967,
blugrb1,XC149087.ogg,4962.41165964227,88467.37996684876,0.17332507076147075,-0.3473719888264868,5038.76953125,4953.642440431463,4944.898184006992,
blugrb1,XC158380.ogg,5186.810302734375,6284.504234790802,-0.4519278907545408,-1.6672759559853563,5081.8359375,5186.277884965429,5185.743202368102,
blugrb1,XC172971.ogg,6.4599609375,29.284979167737458,-0.40824829046386296,-1.8333333333333333,10.7666015625,0.0,0.0,
blugrb1,XC177358.ogg,3370.6409085181454,20594.569756138713,0.30000586754632463,-1.2396203391829328,3219.2138671875,3367.7060276834122,3364.794627878439,
blugrb1,XC182062.ogg,,
blugrb1,XC184213.ogg,3381.5953989497953,78536.74318067361,1.4604069139219347,1.5457146447166004,3219.2138671875,3370.954995742016,3361.043966014166,
blugrb1,XC186284.ogg,80.74951171875,1118.8771932021432,0.8175517206536688,-0.305332359386413,53.8330078125,74.67921836051663,69.22904737113666,
blugrb1,XC187607.ogg,37.68310546875,38.63990306854248,0.0,-2.0,32.2998046875,37.29660186220092,36.9140625,
blugrb1,XC191550.ogg,3392.262517755682,107426.89269239252,1.5066195211803979,1.6804289383958615,3251.513671875,3377.9584044420685,3364.7875703910813,
blugrb1,XC196699.ogg,3205.0634765625,29933.00161642187,-0.042071345044082664,-0.615337717911304,3068.4814453125,3200.508176623241,3195.934277666727,
blugrb1,XC202749.ogg,20.399876644736842,153.2038262015895,-0.24288080827514563,-0.7273474821834132,21.533203125,0.0,0.0,
blugrb1,XC205807.ogg,3422.2091674804688,54452.61542229576,-0.9637327155728396,0.5399008239186491,3671.4111328125,3414.020684363907,3405.4075086381945,
blugrb1,XC217024.ogg,3523.2626953125,52736.51250600815,0.8632574249594102,1.4481306377791041,3283.8134765625,3516.289020902906,3509.5039624159517,
blugrb1,XC217046.ogg,3297.1435546875,36826.58761739731,0.7965447561384088,-1.1247381626361808,3133.0810546875,3291.9741157491258,3286.9588618680045,
blugrb1,XC217981.ogg,3296.2800678453946,72414.56781563006,0.09159083478266537,-1.7689827681308508,3014.6484375,3285.9007498338374,3275.5900238032955,
blugrb1,XC217982.ogg,3177.301025390625,42326.48715376854,3.3482511153326193,12.846238043886478,3046.9482421875,3171.6272398470096,3166.5867645683593,
blugrb1,XC217983.ogg,3221.3671875,43959.48125334347,-0.5593887705067732,-0.9726565408810668,3197.6806640625,3214.558302221967,3207.575085153274,
blugrb1,XC245874.ogg,,
blugrb1,XC246200.ogg,187.8173828125,562.1727073893827,-0.48460916924743513,-0.5011733422454068,193.798828125,186.32384332197125,184.74858349924048,
blugrb1,XC252896.ogg,,
blugrb1,XC253386.ogg,12.56103515625,65.68783521652222,-0.2282688235636075,-0.8927335640138407,10.7666015625,0.0,0.0,
blugrb1,XC253397.ogg,6.625600961538462,49.04295389468854,0.5035560994609064,-0.6460055096418738,0.0,0.0,0.0,
blugrb1,XC254068.ogg,6.311456088362069,45.68264402192215,0.5513305107022917,-0.6123437500000009,0.0,0.0,0.0,
blugrb1,XC254493.ogg,,
blugrb1,XC254960.ogg,39.990234375,143.51963996887207,-0.19201160638565623,-1.143491124260355,32.2998046875,38.293595105215495,36.46752142137097,
blugrb1,XC254962.ogg,45.758056640625,192.32133572751826,0.8497628950283945,-0.22630887596171867,32.2998046875,44.01203994383752,42.45983714788733,
blugrb1,XC255438.ogg,3302.813361672794,130736.1232138732,-0.357019021980518,-1.8655140335940354,2874.6826171875,3283.6436904493335,3264.0870599828845,
blugrb1,XC255800.ogg,,
blugrb1,XC261423.ogg,3418.65234375,256873.76731779517,-3.3325198204874433,12.86525708069951,3477.6123046875,3355.1774179944327,3232.462013688069,
blugrb1,XC265422.ogg,2988.5009765625,807982.4531078339,-1.699741165065912,4.457312249379464,2691.650390625,2380.296432350729,397.36523966097224,
blugrb1,XC265423.ogg,4093.5752467105262,60454.68419069585,-0.5033952365053369,-1.512725397257983,4285.107421875,4086.229286307967,4078.7404239483003,
blugrb1,XC267288.ogg,3117.828369140625,31581.97350122712,0.6485922499897727,-1.4065802671476044,3025.4150390625,3113.2880370707094,3108.8559622993703,
blugrb1,XC269491.ogg,7957.920716751453,44938.0376260194,-9.461635052609598,92.32383050918311,7978.0517578125,7954.519277764885,7950.377296348062,
blugrb1,XC269493.ogg,4400.603693181818,91788.89458829706,2.2313275592425317,3.9888453627334304,4328.173828125,4391.269311345046,4382.758494712351,
blugrb1,XC270195.ogg,3176.1474609375,115.91970920562744,0.0,-1.5,3165.380859375,3176.1352952394172,3176.1231295413368,
blugrb1,XC270198.ogg,5087.708629261364,67496.88522382216,0.39958102011144964,-1.5365855481026076,4888.037109375,5081.749926390717,5075.87016574634,
blugrb1,XC279682.ogg,3370.71533203125,229047.79156813255,0.28981704333108943,-1.9105981702599992,2960.8154296875,3339.836030348544,3310.0177263579517,
blugrb1,XC283403.ogg,3577.203369140625,19835.442968390205,-1.1621013011316188,0.10666526055421865,3617.578125,3574.5827019552794,3571.881496641798,
blugrb1,XC283406.ogg,3335.355718085106,21051.705487892654,0.17692420839005596,-0.19222100518598761,3229.98046875,3332.2760579101473,3329.2043943272865,
blugrb1,XC283608.ogg,6548.2470703125,2765577.646315098,-1.497141532483585,0.24619106754942122,7245.9228515625,6322.641844420785,6036.091500277508,
blugrb1,XC284578.ogg,,
blugrb1,XC28786.ogg,3005.4768880208335,1598815.4887236084,-1.8878690310957147,1.7212716984823437,3326.8798828125,1924.4223125734402,346.6802303677412,
blugrb1,XC288263.ogg,,
blugrb1,XC301528.ogg,33.837890625,116.89382440903607,0.4185789451624787,-0.8958333333333335,32.2998046875,32.19352243910439,30.636671112804887,
blugrb1,XC301529.ogg,31.22314453125,114.63171243667603,0.9146947998257129,-0.028531751041534825,21.533203125,29.746929297159763,28.457977698237887,
blugrb1,XC310333.ogg,,
blugrb1,XC321208.ogg,179.9560546875,220.79944610595703,0.5450415695155737,-0.8856250000000001,172.265625,179.4424732248718,178.94175556284392,
blugrb1,XC321550.ogg,3788.8649680397725,2514.4038742238827,0.4528254340416194,-1.5315622916299183,3746.77734375,3788.564444165989,3788.265070937839,
blugrb1,XC321768.ogg,45.2197265625,81.14379644393921,-0.3436215967445456,-1.153061224489796,43.06640625,44.45441410019569,43.64838471283784,
blugrb1,XC321814.ogg,1860.6645063920455,4367364.869551225,0.47962153649901945,-1.636098153655696,193.798828125,683.594089860715,317.7557838729731,
blugrb1,XC322478.ogg,3127.283653846154,2040.484112042647,-0.408418016067518,-1.4588728410628673,3165.380859375,3126.9813417140635,3126.6778891925014,
blugrb1,XC322479.ogg,3203.06396484375,30469.71023082733,-0.3687198326887296,-0.8323501016302033,3046.9482421875,3198.4057953669603,3193.6779612230503,
blugrb1,XC322480.ogg,3394.0895774147725,18476.03443452528,-1.1064512885639493,1.5058894166634786,3413.0126953125,3391.3213682805917,3388.4605347837432,
blugrb1,XC322481.ogg,3903.61083984375,236185.87454228566,1.0428454506814442,-0.8403602918262378,3574.51171875,3876.5386743132462,3851.696073608283,
blugrb1,XC327255.ogg,4583.588749529367,24765.293783662317,-1.1306567887091565,2.5602864069068794,4446.6064453125,4580.8424944145045,4578.012909409718,
blugrb1,XC327584.ogg,3356.243341619318,63213.247597595604,-0.266186880577902,-0.451938647598666,3380.712890625,3346.8651888804015,3337.3094609955256,
blugrb1,XC327706.ogg,10.3179931640625,45.14988673769909,0.022204466866480532,-0.33034072471606324,10.7666015625,0.0,0.0,
blugrb1,XC327807.ogg,3072.54638671875,65279.56354556624,0.8599277144550471,-0.5439509298866523,2874.6826171875,3062.4674110072597,3052.8296736356256,
blugrb1,XC330312.ogg,3052.614874588816,1241.2221494473908,-0.4155521474542235,-0.5115538539045197,3025.4150390625,3052.4216462050545,3052.227793671512,
blugrb1,XC331198.ogg,2891.9091796875,6440.339154210584,1.6151695248928717,3.226662123822419,2885.44921875,2890.8622345848635,2889.8434013827914,
blugrb1,XC332527.ogg,,
blugrb1,XC332948.ogg,3860.595703125,100288.76441717148,-0.47353590885084396,-1.049385929428276,4080.5419921875,3847.849341399349,3834.744753390431,
blugrb1,XC373049.ogg,3286.505126953125,29095.847010612488,1.3855491047891706,0.6995973608884514,3186.9140625,3282.5323968809244,3278.731581155377,
blugrb1,XC376027.ogg,3518.4620576746324,176835.72302368237,2.7484813028928943,5.9140341882947975,3423.779296875,3498.227106583287,3481.462520278402,
blugrb1,XC376029.ogg,2754.45556640625,6186.248481273651,-0.6538868852708221,-1.4832461441767542,2648.583984375,2753.508807743548,2752.551408133315,
blugrb1,XC380169.ogg,508.721923828125,22.01007136815711,1.1547005383792515,-0.6666666666666665,506.0302734375,508.70071060169016,508.6796465968585,
blugrb1,XC380425.ogg,3283.8134765625,49227.23650932312,-0.28511043636118116,-1.9075292839029105,3036.181640625,3277.3047361020786,3270.730256700642,
blugrb1,XC382039.ogg,4.0374755859375,31.049922108650208,0.5163977794943223,-1.7333333333333334,0.0,0.0,0.0,
blugrb1,XC382040.ogg,4.0374755859375,31.049922108650208,0.5163977794943223,-1.7333333333333334,0.0,0.0,0.0,
blugrb1,XC383439.ogg,3232.813784950658,18944.398792166456,2.240913577896945,6.17894065913554,3208.447265625,3230.1911979532856,3227.7089551818235,
blugrb1,XC383440.ogg,3107.0145456414475,17714.02293129971,1.3977607972270236,4.318091119866509,3122.314453125,3104.4039895753676,3101.8738162477566,
blugrb1,XC384058.ogg,3647.0994518649195,39937.95452194828,-1.0881051362039802,-0.48990555619119514,3800.6103515625,3641.576930858285,3635.8304551154683,
blugrb1,XC388493.ogg,3334.775390625,28027.177691459656,0.5137250198034646,-1.1947993056611943,3229.98046875,3330.9126119893417,3327.1122814858722,
blugrb1,XC388494.ogg,3653.466796875,3071.872293949127,-0.18012375838554504,-1.8404236383054469,3596.044921875,3653.092436295255,3652.717460074159,
blugrb1,XC388495.ogg,4136.5283203125,1076.7652988433838,0.9918986833524526,-0.36711613745106586,4112.841796875,4136.41175830461,4136.295771804398,
blugrb1,XC389967.ogg,3297.892878605769,390154.53203366353,1.0799203651401748,-0.0036851028242130823,2885.44921875,3248.705977782512,3204.852006115304,
blugrb1,XC416814.ogg,4949.560546875,341863.7824058533,-0.4270458349427606,-1.5844594796112823,5426.3671875,4916.237228052662,4881.88745840838,
blugrb1,XC416815.ogg,4086.7752878289475,81959.30176659634,0.8220643137963349,-0.98102589788637,3875.9765625,4077.599746703795,4068.7589432437103,
blugrb1,XC418346.ogg,3264.971923828125,41164.87211905993,-0.1721422692742072,-0.7992558693269887,3294.580078125,3258.7625964909616,3252.4946947799826,
blugrb1,XC418834.ogg,3641.2646484375,81.14379644393921,-0.3436215967445456,-1.153061224489796,3639.111328125,3641.2557300860058,3641.2468072010265,
blugrb1,XC420485.ogg,,
blugrb1,XC425793.ogg,16.14990234375,38.63990306854248,0.0,-2.0,10.7666015625,15.226273950354855,14.35546875,
blugrb1,XC428726.ogg,4122.780198317308,306867.7071195383,-0.20823780533542363,-1.2887580208236775,3402.24609375,4087.4523359007508,4051.406889886622,
blugrb1,XC428729.ogg,3166.317085597826,12897.78582663404,1.674336173453899,1.5956695538049512,3079.248046875,3164.440588361319,3162.6335217876526,
blugrb1,XC440607.ogg,4624.538702713816,6573.528772906254,-0.002734690716953029,-0.24414176164578594,4597.3388671875,4623.865144249472,4623.191318267777,
blugrb1,XC445622.ogg,3183.601262019231,95950.31006978107,2.0246557086028742,3.8682718783183248,2896.2158203125,3171.127175409984,3159.909604146735,
blugrb1,XC453933.ogg,,
blugrb1,XC473680.ogg,4216.501635174419,582347.6275039273,0.8260589681429609,-1.0887057643026992,3628.3447265625,4154.436661422875,4098.325363513494,
blugrb1,XC483214.ogg,3432.677314695248,111067.84666619026,0.1119059210930006,-0.42948100448562787,3208.447265625,3416.594074106985,3400.4669204761913,
blugrb1,XC483215.ogg,5071.0693359375,10932.12026816148,0.4955754028782863,0.06061769331690536,5092.6025390625,5070.0377760151605,5069.012526141723,
blugrb1,XC483735.ogg,3367.009943181818,6679.082881320607,-1.592625765759151,0.647609857684694,3391.4794921875,3366.0853238856985,3365.1374681151296,
blugrb1,XC487219.ogg,3853.3100328947367,52742.1119024879,0.28468810762850905,-0.8840295158249254,3779.0771484375,3846.8805390453745,3840.5092122375545,
blugrb1,XC489429.ogg,3459.66796875,10649.157285690308,1.399966733407239,0.673810511858544,3434.5458984375,3458.416575998958,3457.195805699747,
blugrb1,XC490508.ogg,3789.84375,2550.2336025238037,1.11901355435757,-0.6914600550964187,3768.310546875,3789.593550183823,3789.345495852704,
blugrb1,XC490518.ogg,3559.311810661765,2058.4271892028696,0.09053364457900319,-1.250637706878594,3520.6787109375,3559.0398364543516,3558.768055028751,
blugrb1,XC490521.ogg,4200.631009615385,281662.60111790436,-0.4246340004758812,-1.740464389181981,3585.2783203125,4168.431863951894,4135.298109031771,
blugrb1,XC492384.ogg,3485.5078125,19665.845287257227,-0.7064537128302029,-1.2730500332836912,3585.2783203125,3482.7272362289114,3479.8948776781517,
blugrb1,XC495252.ogg,2982.3486328125,2028.5949110984802,0.5473746866809313,-1.1304761904761904,2939.2822265625,2982.03631169269,2981.7256288932854,
blugrb1,XC503186.ogg,3641.1482527449325,57437.17158968384,-0.7053899959452689,-0.8530316502432522,3240.7470703125,3633.2111390030796,3625.016339612057,
blugrb1,XC503187.ogg,3084.990234375,38466.575503349304,0.3307591540005057,0.25108397338666055,3014.6484375,3079.220909456261,3073.493847978433,
blugrb1,XC503189.ogg,,
blugrb1,XC503190.ogg,,
blugrb1,XC503191.ogg,4970.5810546875,38.63990306854248,-0.7071067811865475,-1.5,4974.169921875,4970.578462199016,4970.575868463241,
blugrb1,XC503194.ogg,3631.1232043850805,120401.68867188113,-0.1284260187242279,-1.3926200205028545,3359.1796875,3614.8696073927385,3598.472680225273,
blugrb1,XC511245.ogg,3123.8525390625,9859.54449726985,2.2056690113249044,5.193000420647797,3100.78125,3122.448235085538,3121.1016196484657,
blugrb1,XC511415.ogg,3414.80712890625,2940.4966235160828,-1.7018909174416041,1.0414093082447362,3434.5458984375,3414.442298517037,3414.0713699036496,
blugrb1,XC52312.ogg,4761.14501953125,16285.445300432351,-0.35384565784946825,-0.5302230078334387,4532.7392578125,4759.546202957566,4757.936668646971,
blugrb1,XC52313.ogg,3602.6705228365386,41644.898607180665,-1.9099497390914373,2.9134733987902655,3692.9443359375,3596.9168107354467,3590.7092764400927,
blugrb1,XC538369.ogg,,
blugrb1,XC542225.ogg,3583.9324951171875,105639.56299424171,-0.8672357600451025,-0.2037086466012683,3563.7451171875,3569.278353100533,3553.766686312379,
blugrb1,XC54298.ogg,3092.32177734375,138368.26622486115,-0.011249820597208061,-1.785580594110158,3466.845703125,3070.6215804709036,3048.994180511553,
blugrb1,XC549201.ogg,3111.079738451087,81190.98905282529,0.38481558664160914,-1.368988279712257,2799.31640625,3098.8315182426427,3086.859131590025,
blugrb1,XC551484.ogg,4834.2041015625,4621.332406997681,0.6367637955660488,-0.8916902495497805,4791.1376953125,4833.739198800739,4833.277002944624,
blugrb1,XC551966.ogg,,
blugrb1,XC551967.ogg,3330.9173583984375,1090.887263417244,0.38336708398265107,-1.675323786856972,3369.9462890625,3330.774410197173,3330.631803786765,
blugrb1,XC554790.ogg,3335.3185705236488,42311.564128141144,1.0893201432786674,0.7690100477447515,3229.98046875,3329.385678457949,3323.6803002496586,
blugrb1,XC554999.ogg,3659.1064453125,3641980.7099379026,0.9070491878370089,-0.7146101939148655,2077.9541015625,3268.4758449206674,2968.481412546304,
blugrb1,XC555116.ogg,,
blugrb1,XC557306.ogg,3628.3447265625,321668.27614490804,-0.31171306764050405,-0.5467638519428974,3294.580078125,3584.762417354649,3538.4800378429304,
blugrb1,XC557445.ogg,3004.203227028918,72937.98126229762,1.6956114437321441,2.2393375173454375,3025.4150390625,2993.258851533682,2983.2342338885123,
blugrb1,XC558022.ogg,7138.85498046875,3947.71009683609,0.5703010542494437,-0.8535887021291821,7062.890625,7138.594680252142,7138.335217053721,
blugrb1,XC558242.ogg,3154.6142578125,18116.594552993774,-0.11784014311205362,-0.7743065883713394,3100.78125,3151.921540252384,3149.216622612028,
blugrb1,XC558981.ogg,,
blugrb1,XC559519.ogg,4837.79296875,2662.6405932686544,0.6649063532827075,-0.9079928432689832,4791.1376953125,4837.541830926363,4837.291819732213,
blugrb1,XC562090.ogg,5380.450798483456,40869.13619290061,3.226369075567548,9.6547231279172,5340.234375,5377.030420476069,5373.854870610887,
blugrb1,XC562167.ogg,3540.2180989583335,175823.7784183942,0.965165310842145,-0.5312304604359093,3122.314453125,3517.816492768354,3496.941001716855,
blugrb1,XC562195.ogg,,
blugrb1,XC562962.ogg,,
blugrb1,XC573215.ogg,3199.833984375,2746931.317090988,-1.4781071515512807,0.21948674404094426,3757.5439453125,1741.1655357341656,295.3761356115845,
blugrb1,XC575688.ogg,3461.97509765625,41279.87010449898,-0.876808500129223,-0.3445384222942458,3273.046875,3455.934421692938,3449.6691699213948,
blugrb1,XC576168.ogg,3015.8447265625,9531.176090240479,0.3184139693000059,-1.4940659840613082,3133.0810546875,3014.3615632693954,3012.888351684351,
blugrb1,XC576225.ogg,6036.698913574219,15020.483287592087,-0.7229740875721197,-1.1542968633208728,6126.1962890625,6035.481755702621,6034.252819555102,
blugrb1,XC578118.ogg,3633.2386363636365,110071.42327048561,-0.08051877965528292,-0.7132971919362183,3628.3447265625,3618.1758382258445,3602.920693233538,
blugrb1,XC579140.ogg,3872.663762019231,79644.27097485615,-0.7426043600617135,-1.3298887824669776,4080.5419921875,3862.8136457728006,3852.6268784030585,
blugrb1,XC580355.ogg,3356.103515625,1148.1571197509766,-0.8945441500593851,-0.4831961908284028,3369.9462890625,3355.9560665910976,3355.807786999989,
blugrb1,XC582369.ogg,3510.8284158909573,526662.700949831,1.09091710828864,0.16924604513764852,2842.3828125,3445.148170550828,3386.805850199082,
blugrb1,XC582370.ogg,3959.173029119318,485195.64248215064,-0.602643681616681,-1.4314693669857206,4382.0068359375,3898.723316698133,3834.433526354397,
blugrb1,XC582371.ogg,3401.831993689904,168681.54570964666,1.8023837401568306,3.080143700993024,3186.9140625,3380.6467363606203,3361.7543493403487,
blugrb1,XC582676.ogg,3529.589001885776,86163.47749955856,0.326221007267429,-0.3421591556773089,3369.9462890625,3517.722187128683,3505.9770420364716,
blugrb1,XC582692.ogg,3634.0446920955883,341501.11636376,0.886673649941069,-0.7352575257443488,3197.6806640625,3591.845090457581,3553.1773004767156,
blugrb1,XC586462.ogg,6395.361328125,289.7992730140686,0.0,-1.3,6373.828125,6395.343202471496,6395.325076797447,
blugrb1,XC603246.ogg,3511.634765625,96171.62754535675,1.9550808105822957,2.75883412923607,3359.1796875,3499.7544315930686,3489.02601441493,
blugrb1,XC603248.ogg,3565.8341592817164,82693.74414328158,-0.45549303442834954,-1.1805385079587734,3800.6103515625,3554.0813846395386,3542.020765064344,
blugrb1,XC603249.ogg,5749.365234375,74304.53360080719,-0.9829463948418404,1.0526692947593101,5749.365234375,5743.431229631043,5737.296794856832,
blugrb1,XC614729.ogg,60.5621337890625,713.7882094020429,1.068473745712594,-0.32879459121329235,43.06640625,55.89872457268637,52.25578300090463,
