#filename,mean,variance,skewness,kurtosis,mode,gmean,hmean
blujay,XC108404.ogg,3956.442742598684,4766648.947722034,1.3351635468740939,-0.09690546172350079,2562.451171875,3543.594026613026,3275.394923864118,
blujay,XC109162.ogg,2680.0224609375,33538.6630654335,1.6266624296414225,1.0269355766373875,2562.451171875,2674.4090653353423,2669.1720792284104,
blujay,XC109601.ogg,3369.1180889423076,2632.9824410952056,-0.288251676873369,-0.007193462522538496,3337.646484375,3368.741180985294,3368.3630654811304,
blujay,XC110056.ogg,2818.45703125,1297.6567447185516,0.5231956752737733,-1.3135817596315473,2788.5498046875,2818.2532454573466,2818.0503142457706,
blujay,XC114085.ogg,7.988123739919355,22.93465214390909,-1.1058146711617285,-0.7771739130434803,10.7666015625,0.0,0.0,
blujay,XC116373.ogg,3545.2880859375,1805.0354719161987,1.8274418589024852,1.6923799904609602,3520.6787109375,3545.072778753972,3544.860337251798,
blujay,XC116374.ogg,3434.5458984375,5141.38004359077,-0.2299175328958116,-1.338980785061458,3445.3125,3433.836632127737,3433.1251211307467,
blujay,XC122442.ogg,5481.27685546875,1866.3073182106018,0.5430292819800677,-0.8260169432192117,5426.3671875,5481.1240436228045,5480.9716407999085,
blujay,XC122443.ogg,4731.92138671875,1543123.1689453125,-1.1399020073835433,-0.6789394567991969,5437.1337890625,4551.140486438432,4334.987117968581,
blujay,XC129231.ogg,,
blujay,XC130505.ogg,3460.9730113636365,309.82176824049515,0.516559061403233,-1.271206441760393,3445.3125,3460.932388413769,3460.8918331961513,
blujay,XC133567.ogg,3624.0380859375,2932.7686429023743,0.012651345518638684,-1.4641144214094894,3563.7451171875,3623.7143908314433,3623.3907304354634,
blujay,XC133570.ogg,3046.9482421875,811.4379644393921,0.5951700641394974,-1.5,3025.4150390625,3046.859737916205,3046.7715025031475,
blujay,XC134994.ogg,2437.707098599138,161.6023532275496,-0.4529178730252888,-0.6970869907227919,2444.0185546875,2437.6750449164647,2437.6429410374117,
blujay,XC138073.ogg,2665.5029296875,887.6137733459473,0.937116131890493,0.08730716752060541,2648.583984375,2665.345414588234,2665.188950799672,
blujay,XC138491.ogg,7179.169921875,22096.872568130493,1.4448540854142826,0.49035436397805787,7095.1904296875,7177.810292813575,7176.475846952257,
blujay,XC139505.ogg,4122.53173828125,1503412.9405617714,2.6661138903879453,5.109394483215739,3746.77734375,4010.417662510883,3935.2126437824413,
blujay,XC139930.ogg,3114.032451923077,11460.563962758792,-1.6657538092200013,5.650681908734752,3025.4150390625,3112.1624983521842,3110.207392670642,
blujay,XC140465.ogg,3172.55859375,8268.93925666809,0.3604541923904829,-1.3537181420442366,3122.314453125,3171.371362227039,3170.191868857856,
blujay,XC140831.ogg,3371.561279296875,3041.672159182398,-0.26250707750487196,-0.28606322088947156,3326.8798828125,3371.1314369764973,3370.700261083741,
blujay,XC141032.ogg,3458.612419577206,6832.444036708159,-0.15744761456527973,-1.2775296151708566,3413.0126953125,3457.680207216281,3456.745615563986,
blujay,XC141539.ogg,3844.44580078125,1666862.3631504865,-0.39470505469121303,-1.6981661982701124,2810.0830078125,3614.0328739455076,3370.8885633451814,
blujay,XC142185.ogg,8.074951171875,24.839937686920166,-1.1547005383792515,-0.6666666666666665,10.7666015625,0.0,0.0,
blujay,XC142244.ogg,3061.027644230769,48210.70982859686,-1.2527604301030353,-0.3892991690245613,3154.6142578125,3053.29994638739,3045.1122358406055,
blujay,XC144383.ogg,,
blujay,XC144899.ogg,3078.64990234375,109993.78760071362,-1.6627448054141964,1.3065762231083244,2487.0849609375,3059.380215555152,3037.456115808799,
blujay,XC148726.ogg,,
blujay,XC149302.ogg,,
blujay,XC149303.ogg,2085.3793440193967,276088.4839604641,1.3035704511512656,0.5921644388318903,1711.8896484375,2031.034363895168,1985.607066821694,
blujay,XC149305.ogg,3094.3212890625,34.77591276168823,0.40824829046386296,-1.8333333333333333,3090.0146484375,3094.3167956942193,3094.3123044158556,
blujay,XC149308.ogg,3266.048583984375,7727.268826020391,-1.2838280825081778,0.7199216875691512,3337.646484375,3264.8982227158426,3263.7207864149195,
blujay,XC149309.ogg,2417.7001953125,495.87875604629517,0.995305034663721,0.451720357564513,2400.9521484375,2417.6095534371266,2417.5194236462007,
blujay,XC149311.ogg,2145.9990234375,81228.03143262863,-0.6980116071825967,-0.7254407582161257,2217.919921875,2126.4177943839186,2105.464603384127,
blujay,XC149313.ogg,3415.31982421875,377.6944371370169,0.23932699827087658,-1.2818293241271836,3391.4794921875,3415.268523629937,3415.2172676270657,
blujay,XC149315.ogg,4962.575120192308,5051.424251152918,-0.19367166628268265,-1.3783407299847035,4866.50390625,4962.104433686143,4961.632901709211,
blujay,XC149316.ogg,2642.7112926136365,529274.6388153596,-0.9622397692267595,-0.24583535647586308,3305.3466796875,2525.1664150166853,2378.989280487186,
blujay,XC149318.ogg,1845.3583816002156,451.23131813890484,0.5563114232958659,0.06464355382424358,1841.0888671875,1845.238717070626,1845.1195370364992,
blujay,XC149331.ogg,2265.1273287259614,766638.0285776578,1.5609225693338789,0.43742002868246077,1851.85546875,2144.6654176384495,2060.6427640668335,
blujay,XC149336.ogg,3003.0536358173076,226206.9094639558,-0.7290912865410285,3.6898630093716687,3003.8818359375,2962.5124824260283,2913.2746324731015,
blujay,XC149337.ogg,3237.158203125,38.63990306854248,-0.7071067811865475,-1.5,3240.7470703125,3237.1542213909324,3237.150236716149,
blujay,XC149338.ogg,3290.9912109375,512.8568952733821,-0.21313685898252765,-1.6545318070932633,3262.2802734375,3290.9197176491994,3290.8481579770946,
blujay,XC155439.ogg,3228.7841796875,5837.845355272293,0.5035260380889205,-1.4288536034261352,3186.9140625,3227.9864031632032,3227.1946153381946,
blujay,XC157760.ogg,2953.6376953125,17706.73558115959,0.35891532454307007,-1.752329764465433,2842.3828125,2950.9986290640863,2948.3878367788534,
blujay,XC163419.ogg,3484.7900390625,44312.24083900452,0.8047072856289674,-1.222814147834547,3348.4130859375,3479.6388042169087,3474.6401103375433,
blujay,XC163420.ogg,,
blujay,XC163421.ogg,,
blujay,XC163422.ogg,,
blujay,XC163423.ogg,3066.943359375,124762.72702217102,1.2107961215334124,-0.15972384124492622,2928.515625,3049.5089439263097,3033.4923216119146,
blujay,XC163424.ogg,,
blujay,XC164548.ogg,2877.0751953125,9963.033830418306,1.392562838469294,1.4561792247972365,2885.44921875,2875.487651185563,2873.946226238231,
blujay,XC164549.ogg,3362.255859375,3698.3907222747803,-1.2229457306758464,0.28202049454221356,3402.24609375,3361.777817331045,3361.2930949620218,
blujay,XC164730.ogg,3228.18603515625,134933.95091856227,1.0966068570570409,-0.05067321288546012,3057.71484375,3209.7871154236414,3192.6938057661378,
blujay,XC165019.ogg,,
blujay,XC165317.ogg,3664.951171875,440.4948949813843,-1.304047329369509,0.04224376731301893,3671.4111328125,3664.9028796955527,3664.854371473217,
blujay,XC165319.ogg,3090.0146484375,185.4715347290039,0.649519052838329,-1.1250000000000002,3079.248046875,3089.9896822035657,3089.9647593896543,
blujay,XC165320.ogg,3337.646484375,36671.54094752143,0.5681168499385257,-1.2865845605161643,3154.6142578125,3332.5583003526344,3327.576514353426,
blujay,XC165321.ogg,3381.78955078125,11139.273950928136,0.4082740696522125,0.4583450550867516,3359.1796875,3380.2357790803267,3378.6921422431083,
blujay,XC165322.ogg,2856.37939453125,1649.923861026764,0.7883381048037766,-1.2168881527348914,2831.6162109375,2856.1212750941136,2855.8649853016873,
blujay,XC165323.ogg,2749.072265625,38.63990306854248,0.7071067811865475,-1.5,2745.4833984375,2749.067584489462,2749.0629074315516,
blujay,XC165324.ogg,2761.03515625,959.5575928688049,-0.34006372002753454,-1.321731003107968,2788.5498046875,2760.8803154030625,2760.7251010293553,
blujay,XC165396.ogg,3035.713527513587,10321.89410665761,0.03299516049203584,-1.3977988357386317,3165.380859375,3034.087570947181,3032.462586078027,
blujay,XC167820.ogg,2502.820763221154,404165.9553463643,0.4735090089304725,-1.773219821934078,2024.12109375,2432.642117426794,2369.1787929839375,
blujay,XC168072.ogg,2583.599853515625,130795.91855406761,0.9456771506438134,-1.0842962626623793,2347.119140625,2561.0231281579536,2540.383020169975,
blujay,XC168074.ogg,1684.5245361328125,7287.611718411031,3.957101039908538,15.341197148620854,1647.2900390625,1682.6842234638214,1681.0471223740199,
blujay,XC168076.ogg,3063.8671875,61741.045117378235,-1.2502904055149178,0.13134408130500752,2573.2177734375,3054.617608050773,3044.7339977063652,
blujay,XC168077.ogg,1791.44287109375,1706.5957188606262,-1.2644538970998864,0.36589371040439733,1808.7890625,1790.9841811659314,1790.5165532764213,
blujay,XC168078.ogg,3384.3017578125,1581.9630903356215,0.5490819051269723,-0.43252080856123687,3413.0126953125,3384.0819151224778,3383.8629655753975,
blujay,XC168079.ogg,2080.787417763158,59387.49733724092,1.6667852557712575,1.068456811359157,1948.7548828125,2068.717132465527,2057.9929063609493,
blujay,XC168080.ogg,2648.583984375,16530.150532722473,-2.267163660150949,4.3662408604773315,2659.3505859375,2645.5253063092596,2642.226611645955,
blujay,XC168081.ogg,3410.321044921875,1646.586778489026,0.16029090993565412,-1.64500992,3369.9462890625,3410.1000074788985,3409.8792435724695,
blujay,XC168082.ogg,2724.9755859375,4450.212836265564,0.5127636626231736,-1.414154865040294,2648.583984375,2724.204023843135,2723.4387746122416,
blujay,XC168084.ogg,2017.4954927884614,11679.653777525977,1.0400406182379687,1.439435978772127,1873.388671875,2014.9060700989155,2012.3936647323671,
blujay,XC168085.ogg,1738.037109375,187.67952919006348,0.17120161767270564,-1.4645328719723185,1722.65625,1737.9908679548228,1737.9446649924103,
blujay,XC168086.ogg,2319.1259765625,300056.8792819977,1.5882592956706916,1.6109079247657752,1916.455078125,2270.5048500050852,2230.11049177316,
blujay,XC168090.ogg,2124.788818359375,5555.2995377465295,-0.8362726729321516,-0.44406252153970094,2164.0869140625,2123.521681667269,2122.2292145774804,
blujay,XC168091.ogg,2349.2724609375,168802.28054523468,-1.4929987533976876,0.24095692843868965,2519.384765625,2314.7932119547113,2274.248948674828,
blujay,XC168092.ogg,2341.73583984375,1092.9572582244873,0.18990289740621583,-1.3388429752066116,2304.052734375,2341.5319665059883,2341.328428964628,
blujay,XC168093.ogg,2532.843017578125,28.97992730140686,1.1547005383792515,-0.6666666666666665,2530.1513671875,2532.8387330220507,2532.834454533404,
blujay,XC168094.ogg,2679.08935546875,807.5739741325378,-0.6619277166182533,-1.3773036331585817,2691.650390625,2678.963213783321,2678.8365339676434,
blujay,XC168657.ogg,3438.8525390625,8454.410791397095,-0.7488301057456589,-0.9211086564909476,3509.912109375,3437.7316228415143,3436.5962552733367,
blujay,XC16897.ogg,2517.3660278320312,171487.27080971003,-0.8854323636471652,-1.1375683197324509,2788.5498046875,2481.754407767542,2442.816079882377,
blujay,XC16898.ogg,,
blujay,XC169144.ogg,2545.887169471154,1615.44517828868,0.5121279180424723,-1.3597441198948164,2519.384765625,2545.595787463799,2545.305912659235,
blujay,XC170063.ogg,2565.68115234375,147284.61021643417,0.19938032950992138,-1.9400163342537193,3014.6484375,2538.0812673641735,2511.2879674121505,
blujay,XC170418.ogg,2114.560546875,34.77591276168823,0.40824829046386296,-1.8333333333333333,2110.25390625,2114.55397295572,2114.5474035160223,
blujay,XC172440.ogg,3097.9725713315215,476.5078955488243,-0.3056842361041188,-1.1164339866864033,3111.5478515625,3097.8989029435083,3097.825129898316,
blujay,XC173280.ogg,2625.8084810697114,163765.12333521477,0.5057383721518364,-1.6933755605984062,2325.5859375,2597.1044337397047,2570.04463118969,
blujay,XC173281.ogg,2981.9000244140625,605599.630802222,-0.6830043170761128,-1.2859394154176624,1841.0888671875,2868.079068537743,2741.691423854392,
blujay,XC174959.ogg,3345.18310546875,3659.198820590973,1.3398822523126064,1.127009950465113,3316.11328125,3344.698151890659,3344.2203772744833,
blujay,XC175223.ogg,3314.529957490809,34355.31638363466,0.7207259165426059,-1.1816518315396902,3186.9140625,3309.6234239037285,3304.845329335262,
blujay,XC176358.ogg,14.35546875,31.6144661469893,0.21516574145596762,-0.916666666666667,10.7666015625,0.0,0.0,
blujay,XC177575.ogg,,
blujay,XC179708.ogg,2178.4423828125,77.27980613708496,-0.6260990336999411,-0.9600000000000004,2185.6201171875,2178.427578763272,2178.412751877035,
blujay,XC182686.ogg,2594.7509765625,387063.63701820374,1.571652198911155,0.5176553995936639,2271.7529296875,2537.633717496163,2492.0784296790125,
blujay,XC186308.ogg,3294.994178185096,7664.432834661924,0.20366626697534304,-0.31640150394722166,3273.046875,3293.879001244126,3292.766889880141,
blujay,XC186483.ogg,1035.9343155570652,1944995.2662697898,1.0857166698566736,-0.814996964618075,3305.3466796875,446.52670735560645,282.09194638865455,
blujay,XC188378.ogg,3299.7639973958335,957.4109315872192,0.9805149447315336,2.572441151752538,3305.3466796875,3299.625108724537,3299.487013766226,
blujay,XC194072.ogg,3207.979152513587,43390.62569640842,-0.5887167844964056,-1.2143406301578077,2885.44921875,3201.3312725090345,3194.5142728248284,
blujay,XC201619.ogg,3073.86474609375,34.77591276168823,0.0,-2.0,3068.4814453125,3073.860032166513,3073.8553182464975,
blujay,XC205522.ogg,2538.046875,11239.681597413688,0.23135318844087804,-1.2125044897263937,2433.251953125,2535.9177075667767,2533.801078269769,
blujay,XC211978.ogg,1171.2043762207031,2269907.844373656,0.8104593426705459,-1.3400746191202717,150.732421875,433.54462987180864,241.259420761982,
blujay,XC215244.ogg,,
blujay,XC215532.ogg,1995.1171875,595.0742214918137,0.0059741663417985395,-1.111581872034277,1970.2880859375,1994.9710905982042,1994.8249925329185,
blujay,XC216626.ogg,1645.3324751420455,51927.81446196816,0.5650838312961216,-1.6762450669656368,1475.0244140625,1631.6070722913778,1618.6312573614814,
blujay,XC217064.ogg,,
blujay,XC233380.ogg,33.7353515625,101.79615842884985,0.24472732723502846,-0.9549080343192347,32.2998046875,32.258491608446576,30.810624503179646,
blujay,XC233403.ogg,39.15127840909091,168.61048611727625,0.38243795452661383,-0.42265624999999973,43.06640625,37.16635774735055,35.17800510519802,
blujay,XC233932.ogg,2347.119140625,249320.1105594635,-5.2448703948436377e-17,-1.9995002097562584,1894.921875,2302.4333792278244,2258.5975025639864,
blujay,XC233946.ogg,3345.42236328125,7279.833502629224,-0.3995248875972405,-1.272307595228244,3229.98046875,3344.387603401709,3343.3459144750013,
blujay,XC233947.ogg,3230.877685546875,481877.3529881781,-1.762640641884671,1.1541930262012094,3542.2119140625,3137.790893707762,3015.768946191538,
blujay,XC234317.ogg,3156.40869140625,75976.58758813684,1.6186591633843506,1.7775466577298893,2993.115234375,3146.231092441886,3136.846673177261,
blujay,XC234669.ogg,53.461745689655174,533.915902006215,1.2587785860540825,0.7580142411850503,32.2998046875,49.52178343997675,46.395366733114436,
blujay,XC237819.ogg,,
blujay,XC239860.ogg,2080.107421875,106397.21014625148,1.569597287870117,0.571469645873854,1937.98828125,2058.99520594994,2040.8492220430292,
blujay,XC241150.ogg,0.0,0.0,0.0,-3.0,0.0,0.0,0.0,
blujay,XC276999.ogg,3383.94287109375,6982.230484485626,-0.30044018624990654,-1.0220947927707813,3423.779296875,3383.0096300337373,3382.0717852659122,
blujay,XC277115.ogg,,
blujay,XC277334.ogg,3219.47021484375,52833.87429103619,-0.9098751991695695,-0.17626769503731365,3402.24609375,3211.0658923359074,3202.2569645051367,
blujay,XC277339.ogg,3417.9066051136365,6152.175112204119,0.3288370071728685,0.4368826770913312,3402.24609375,3417.0917898820576,3416.2801635028945,
blujay,XC278597.ogg,,
blujay,XC278825.ogg,2305.7091346153848,181198.85313969394,0.9257452212841648,-0.9791277727860983,1981.0546875,2272.6875978318617,2243.1368710413517,
blujay,XC282293.ogg,3649.8779296875,173.87956380844116,0.9128709291752769,-0.5,3639.111328125,3649.8589110321186,3649.839929653527,
blujay,XC282294.ogg,2676.968661221591,122.2426024350253,-0.3841972514008205,-0.8564209274672892,2680.8837890625,2676.947883401348,2676.9270844374987,
blujay,XC282295.ogg,1832.90625,2206862.8086984158,-0.40712379265270093,-1.8325671128771652,53.8330078125,583.890290741476,118.56803991416467,
blujay,XC282296.ogg,3067.3481188322367,1119.2014029151514,0.3974535434398732,-1.377975318080804,3046.9482421875,3067.175758194975,3067.0038813983047,
blujay,XC286399.ogg,3582.1116727941176,7386.472058646818,-1.6033326203478755,1.6342552810831465,3574.51171875,3581.1160200684562,3580.094475512363,
blujay,XC287329.ogg,3793.4326171875,216.3834571838379,0.38180177416060623,-1.5000000000000002,3779.0771484375,3793.4088711213926,3793.385146470057,
blujay,XC288988.ogg,3310.37109375,2134.0266466140747,1.4477096773384823,1.3790763200426932,3273.046875,3310.074068845011,3309.780807028625,
blujay,XC291602.ogg,,
blujay,XC291922.ogg,2254.833984375,800188.2326602936,0.9459345111909394,-1.1012751236442941,1711.8896484375,2127.683220255025,2028.9727570801124,
blujay,XC295314.ogg,2991.32080078125,479672.2439744256,-0.7246735391739605,-0.5823653054532469,3165.380859375,2905.1118390533084,2805.7779019498626,
blujay,XC295477.ogg,,
blujay,XC296398.ogg,3275.738525390625,122498.1527030468,1.7501044486433965,1.1295930832715433,3122.314453125,3260.366357209108,3246.646496329185,
blujay,XC298969.ogg,1764.9251302083333,373.8493185776931,-0.3340000449314579,-0.4862371861304364,1776.4892578125,1764.8228859336598,1764.7203854415245,
blujay,XC301390.ogg,25.83984375,56.671857833862305,1.3979162339514497,0.611570247933884,21.533203125,25.028215662626273,24.37721108490566,
blujay,XC302451.ogg,,
blujay,XC306355.ogg,,
blujay,XC307817.ogg,3133.798828125,58977.74004936218,-2.00490378943632,2.2954221237476107,3273.046875,3123.9994367398335,3113.094388207677,
blujay,XC307820.ogg,13.458251953125,28.97992730140686,1.1547005383792515,-0.6666666666666665,10.7666015625,12.803719182524413,12.3046875,
blujay,XC30891.ogg,390.2236566310976,486473.17534830514,1.35494700501306,-0.16324208728246115,21.533203125,60.85984073664833,29.677939605172803,
blujay,XC30892.ogg,40.9130859375,81.14379644393921,0.3436215967445456,-1.153061224489796,32.2998046875,40.137021471615874,39.39000571646341,
blujay,XC309484.ogg,2969.78759765625,158.42360258102417,-0.48756686638394087,-1.0101130279595483,2971.58203125,2969.7653423320285,2969.743058891317,
blujay,XC309485.ogg,3154.6142578125,678735.6573343277,0.20063516582097835,-1.7317785396153156,2540.91796875,3053.6193887523336,2957.259905125441,
blujay,XC310198.ogg,3558.36181640625,695.5182552337646,0.3740878118331298,-1.564625850340136,3531.4453125,3558.276448488716,3558.1912286877186,
blujay,XC310243.ogg,3322.3648563508063,2548.4885746432888,0.04833348030896299,-0.3182923046331876,3305.3466796875,3321.9937812822973,3321.6227864292437,
blujay,XC310840.ogg,48.93909801136363,54.79840798811479,0.8000483599402359,-0.4511834319526611,43.06640625,48.46039322490466,48.01322318412162,
blujay,XC311563.ogg,6264.8162841796875,14984.69240963459,-1.1413242412182116,-0.6710825868558477,6319.9951171875,6263.754956137499,6262.6787801905,
blujay,XC311958.ogg,3477.6123046875,811.4379644393921,0.5951700641394974,-1.5,3456.0791015625,3477.534732046785,3477.4573657986334,
blujay,XC311959.ogg,802.11181640625,193.1995153427124,0.0,-1.3599999999999999,785.9619140625,802.0214809697603,801.9311426850294,
blujay,XC312995.ogg,3026.6573392427886,995.3044570409335,-0.37833263285136737,-0.9383710653941679,3003.8818359375,3026.4988195632454,3026.339882822728,
blujay,XC313063.ogg,0.0,0.0,0.0,-3.0,0.0,0.0,0.0,
blujay,XC313064.ogg,0.0,0.0,0.0,-3.0,0.0,0.0,0.0,
blujay,XC315101.ogg,3583.000769981971,245237.62995908165,1.053767547813897,-0.07646348442336715,3477.6123046875,3552.006688096785,3523.490910804162,
blujay,XC315605.ogg,3019.5423473011365,144421.2042526765,-0.5587001452862406,-1.6750166327468512,2540.91796875,2996.686746635319,2972.928397748891,
blujay,XC318767.ogg,3542.9296875,181174.0749640898,-0.38415251687578067,-1.3723086022610307,3692.9443359375,3516.956125334967,3490.183552385856,
blujay,XC319275.ogg,,
blujay,XC32024.ogg,3371.6026893028848,9850.20298224229,-1.0498015273170325,-0.01057771313812772,3176.1474609375,3370.226207006057,3368.821336744904,
blujay,XC321551.ogg,3822.1435546875,1132303.7195205688,0.47924655245843556,-1.7491384529352894,3036.181640625,3693.980750307563,3579.4445294231427,
blujay,XC321552.ogg,4805.4931640625,1560729.3271317203,-0.753391835736642,-0.6964367101813562,2734.716796875,4620.466402644807,4405.658434798071,
blujay,XC321638.ogg,3413.909912109375,72.88890806111422,-0.14018086215550815,-1.2550442734794598,3413.0126953125,3413.9001242088084,3413.890334104837,
blujay,XC321909.ogg,,
blujay,XC325694.ogg,3114.239501953125,5170.019030570984,-0.24688350098442416,-1.7435165262388814,3036.181640625,3113.4583077955326,3112.6743461874626,
blujay,XC325696.ogg,3444.659978693182,11135.09797575799,-2.5851347604660866,7.826299079708193,3456.0791015625,3443.0031202978194,3441.249594068087,
blujay,XC325697.ogg,2957.6751708984375,295363.21352453943,-3.096408195111931,15.287186840090978,2659.3505859375,2747.720089541117,1231.7442160567773,
blujay,XC331890.ogg,3159.99755859375,38.63990306854248,0.0,-2.0,3154.6142578125,3159.992973155345,3159.9883877235943,
blujay,XC332243.ogg,3760.6201171875,1225.4369258880615,1.4532378502534884,0.6603968833698559,3746.77734375,3760.481612639149,3760.3442521192865,
blujay,XC334411.ogg,1501.58203125,808173.4446287155,-0.706474953719155,-1.4998819308969074,269.1650390625,1069.6223438118022,651.6883299146292,
blujay,XC334841.ogg,,
blujay,XC336252.ogg,272.54279641544116,738350.5423265345,3.267343382458642,9.049829257428136,32.2998046875,38.509169736389914,28.138777395475618,
blujay,XC336744.ogg,,
blujay,XC336991.ogg,,
blujay,XC336992.ogg,,
blujay,XC336994.ogg,,
blujay,XC337036.ogg,,
blujay,XC342555.ogg,3110.394287109375,7147.002071142197,0.035378890156993976,-1.364299659649592,2993.115234375,3109.2866790664684,3108.1796633788545,
blujay,XC351864.ogg,234.7119140625,1360.1245880126953,-0.36298002169473687,-1.370609504132231,183.0322265625,231.97389686612888,229.13382788598176,
blujay,XC356493.ogg,,
blujay,XC356764.ogg,99.052734375,81.14379644393921,-0.3436215967445456,-1.153061224489796,96.8994140625,98.71738504317878,98.3750396573604,
blujay,XC357972.ogg,,
blujay,XC357973.ogg,,
blujay,XC357974.ogg,,
blujay,XC357975.ogg,,
blujay,XC357977.ogg,1390.3907486155063,534189.9252170017,2.284984871842562,3.8547226032579065,979.7607421875,1273.7947558556368,1203.3042316426468,
blujay,XC370249.ogg,39.4775390625,401.8549919128418,-1.508585654909108,0.7366863905325429,43.06640625,0.0,0.0,
blujay,XC370941.ogg,5.0666360294117645,30.684628907371973,0.11785113019775795,-1.9861111111111114,0.0,0.0,0.0,
blujay,XC372912.ogg,,
blujay,XC373454.ogg,2562.451171875,405.71898221969604,-0.48595432244043496,-1.3010204081632653,2573.2177734375,2562.380630644241,2562.3099196816024,
blujay,XC37650.ogg,3398.933293269231,1495.0670187289898,-0.6942798545536564,-0.5471050436940841,3413.0126953125,3398.729228382857,3398.5241131350353,
blujay,XC381585.ogg,3197.6806640625,328949.22280311584,0.050443083026096444,-0.49438799159201485,2917.7490234375,3147.9577986822446,3096.1210950800987,
blujay,XC381588.ogg,3326.8798828125,13931.441415439953,0.5902382388784184,-1.472469851529224,3208.447265625,3324.9851392621376,3323.115979024359,
blujay,XC381591.ogg,3451.1851917613635,3010.9015378085046,0.36151514537200014,-0.8374139999999959,3413.0126953125,3450.7702828194037,3450.356866574616,
blujay,XC381889.ogg,,
blujay,XC381890.ogg,,
blujay,XC382347.ogg,28.7109375,30.911922454833984,-0.7071067811865475,-1.5,32.2998046875,28.216478389797953,27.685546875,
blujay,XC382356.ogg,26.91650390625,127.51168012619019,0.0,-0.9421487603305785,21.533203125,24.6493643049814,22.1484375,
blujay,XC383966.ogg,4097.4193676097975,745863.0900205793,0.8387542890620294,-1.214046557291815,3606.8115234375,4017.108322515034,3946.0418388766775,
blujay,XC385026.ogg,3380.712890625,63.2289322939786,0.0,-1.0000000000000002,3380.712890625,3380.7043184573895,3380.695746268054,
blujay,XC385658.ogg,5208.8818359375,3971490.38118124,-1.4929721431954446,0.24063398600225883,1647.2900390625,4693.9890963847265,3958.815344202342,
blujay,XC385659.ogg,3498.5788445723683,1203.9380324514289,1.1127359260009624,0.045096405527160766,3466.845703125,3498.416987617723,3498.256274906478,
blujay,XC385660.ogg,3332.26318359375,690089.3488526344,-0.3995187451048119,-1.8267524208702228,2357.8857421875,3231.093951378865,3126.278685192722,
blujay,XC385661.ogg,2050.623497596154,5595.355194348555,1.6094363514083236,1.112819902329596,2013.3544921875,2049.4088550960064,2048.2377987941663,
blujay,XC388596.ogg,3493.2728160511365,4575.6670670075855,-0.11431223176215621,-0.8386370440213002,3380.712890625,3492.6764223608184,3492.0790562722173,
blujay,XC388611.ogg,1957.72705078125,65.68783521652222,0.2282688235636075,-0.8927335640138407,1959.521484375,1957.713078198172,1957.6991135349797,
blujay,XC389235.ogg,3389.4856770833335,4084.2707799031177,0.024756758031766204,-0.7750413261009155,3337.646484375,3388.905505032937,3388.3253625637676,
blujay,XC390596.ogg,2824.8870849609375,461.74684166908264,-0.5375048567043337,-0.4886118940494737,2842.3828125,2824.8102581769435,2824.733224898717,
blujay,XC390940.ogg,2039.0286959134614,164.96266310031595,-0.17595172258311065,-0.46542488434380935,2034.8876953125,2038.9913283613093,2038.9539328729818,
blujay,XC390941.ogg,3165.380859375,173.87956380844116,-0.9128709291752769,-0.5,3165.380859375,3165.3588365876926,3165.3367636689813,
blujay,XC391728.ogg,3787.6904296875,3500.7752180099487,-1.476136813625302,0.2203960352616119,3811.376953125,3787.3155459917757,3786.935452256961,
blujay,XC391964.ogg,,
blujay,XC392232.ogg,,
blujay,XC394311.ogg,135.1806640625,28.86889309718691,-0.22360679774997896,-1.95,139.9658203125,135.07412683793288,134.96704101562503,
blujay,XC395464.ogg,2950.048828125,77.27980613708496,0.0,-1.0000000000000002,2950.048828125,2950.039004534362,2950.029180911008,
blujay,XC405007.ogg,2668.5221354166665,22129.105512912458,1.6530011571679883,1.2596248064845454,2605.517578125,2664.7495236199525,2661.188045836342,
blujay,XC413285.ogg,2732.025146484375,234.47395725683734,-0.3341878312606549,-0.5643226865294784,2723.9501953125,2731.985762249877,2731.9463299199047,
blujay,XC415427.ogg,3579.1259765625,5674.545764923096,-0.2886549652076368,-1.8616907523202473,3639.111328125,3578.4438644833053,3577.7592988305823,
blujay,XC416746.ogg,3344.1064453125,1275.1168012619019,-0.17204833398247643,-1.2718663911845731,3316.11328125,3343.923188027013,3343.739706460307,
blujay,XC418322.ogg,,
blujay,XC421264.ogg,3235.36376953125,127.51168012619019,0.0,-0.9421487603305785,3229.98046875,3235.3473477961365,3235.3309259680195,
blujay,XC421950.ogg,2741.63818359375,37283.472625108865,-0.9059195459555418,-1.1141295282427974,2831.6162109375,2735.0438113100868,2728.179196443633,
blujay,XC425570.ogg,,
blujay,XC433419.ogg,47.373046875,92.73576736450195,-0.84375,-0.921875,53.8330078125,46.483293670435806,45.492682658450704,
blujay,XC436044.ogg,4.946816934121622,36.02909880715447,0.648174783096408,-0.6804242806133152,0.0,0.0,0.0,
blujay,XC436435.ogg,2493.4470436789775,497678.1878959049,2.249753367702496,3.3259971646611595,2217.919921875,2424.2270362179097,2374.880864405358,
blujay,XC438594.ogg,,
blujay,XC438595.ogg,,
blujay,XC445790.ogg,513.92578125,1034.4454050064087,1.5981768691620726,2.019688052767239,484.4970703125,513.0400721505855,512.2046411160336,
blujay,XC445799.ogg,3480.303955078125,28.97992730140686,1.1547005383792515,-0.6666666666666665,3477.6123046875,3480.3008357287085,3480.2977195945946,
blujay,XC452140.ogg,,
blujay,XC453939.ogg,3588.6782997532896,10549.371430748388,0.8308558631384905,-0.35949956264011584,3477.6123046875,3587.306212907513,3585.954438267019,
blujay,XC454294.ogg,2434.293882308468,4979.561701897652,-0.020118961261456847,-0.7706568442092046,2487.0849609375,2433.303002747482,2432.3111465369975,
blujay,XC454295.ogg,3033.489990234375,161881.87390565872,-0.5106959824621751,-1.7308950681168795,2551.6845703125,3009.003380860684,2983.630676540875,
blujay,XC456864.ogg,,
blujay,XC456916.ogg,100.1762058423913,426.10802198116016,0.14847124323934532,-1.2329448491155046,86.1328125,98.12775820495219,96.09096942980429,
blujay,XC460879.ogg,,
blujay,XC460880.ogg,,
blujay,XC460882.ogg,,
blujay,XC463860.ogg,3170.76416015625,38.63990306854248,0.0,-2.0,3165.380859375,3170.759590288121,3170.7550204265704,
blujay,XC464020.ogg,3852.9052734375,3291633.982658386,2.041170149717892,2.1665114824999954,3165.380859375,3613.3091595129204,3465.4217229609426,
blujay,XC468380.ogg,150.732421875,6671.823263168335,-0.20392091244451566,-1.6246589943501144,226.0986328125,123.17174635378917,93.76535668591674,
blujay,XC468936.ogg,,
blujay,XC472251.ogg,,
blujay,XC474990.ogg,2842.3828125,15540.486015379429,1.551227372329607,0.6722001075847226,2767.0166015625,2839.8430077903427,2837.4116652584003,
blujay,XC475008.ogg,3133.0810546875,15301.401615142822,1.145583157737338,-0.6212964524652835,3068.4814453125,3131.0020352476336,3128.9808187381523,
blujay,XC475010.ogg,2343.5302734375,38.63990306854248,-0.7071067811865475,-1.5,2347.119140625,2343.5247718454625,2343.5192646424466,
blujay,XC475108.ogg,2578.60107421875,32940.517365932465,1.2451116764473558,-0.3526782359902625,2476.318359375,2572.8237746975115,2567.3640063976827,
blujay,XC475144.ogg,,
blujay,XC476525.ogg,3293.0419921875,2991.832494735718,-0.5527632173221848,-1.1289232172764534,3348.4130859375,3292.6503510805037,3292.256468759923,
blujay,XC481413.ogg,864.6049167798913,1944705.237906441,1.0885252258986986,-0.8135517544481892,43.06640625,146.96411732612273,62.08955667850364,
blujay,XC482489.ogg,3400.2273559570312,30250.69711357355,-1.1360159988166239,-0.010824028360816751,3036.181640625,3395.886802154252,3391.3727909726776,
blujay,XC492590.ogg,4569.6533203125,264.95933532714844,-0.4784159653873395,-1.0872395833333333,4575.8056640625,4569.628444395729,4569.60354222914,
blujay,XC493888.ogg,51.6796875,289.7992730140686,0.33565855667130945,-0.8366666666666669,43.06640625,48.94080132474945,46.170845989891774,
blujay,XC494688.ogg,5670.0439453125,9570.87554882482,-1.2217353332037277,0.8895160803536797,5738.5986328125,5669.196460456435,5668.336677565294,
blujay,XC497032.ogg,3546.697998046875,2496.6646459969606,-0.16910291359964694,-1.647868415416777,3585.2783203125,3546.3748428358244,3546.0512055510367,
blujay,XC497792.ogg,4116.8792724609375,1572763.42459023,-0.5847547185836943,-1.5510263743667343,4995.703125,3921.9381036925447,3708.9255683743854,
blujay,XC499798.ogg,3211.8118286132812,7259.954787790775,0.9876768377025451,-0.4492041531218023,3133.0810546875,3210.7694965704195,3209.7443802457356,
blujay,XC504828.ogg,3324.7265625,4987.859487533569,0.6943138434075835,1.7731901080935222,3294.580078125,3324.0324916147692,3323.344146619898,
blujay,XC504942.ogg,2385.7810280539775,1174848.0091582646,-1.6296677443554446,0.6889698580820607,2917.7490234375,1674.2275732626624,650.7815001269871,
blujay,XC505209.ogg,3669.2578125,8427.362859249115,-0.9606625494953989,-0.6781775456029844,3725.244140625,3668.325515065589,3667.379659429477,
blujay,XC505791.ogg,59.21630859375,38.63990306854248,0.0,-2.0,53.8330078125,58.971105434516154,58.72691761363637,
blujay,XC509346.ogg,50.033030790441174,115.06735840264489,-0.4192444267323485,-0.7908641975308646,53.8330078125,48.839393323525734,47.54083806818182,
blujay,XC509555.ogg,344.53125,931046.028028835,2.931010552703352,6.592610777669844,53.8330078125,74.5380749857563,54.74951734426747,
blujay,XC511955.ogg,66.4995978860294,191.77893067107482,0.5719708185597864,-0.16862222222222156,64.599609375,65.18891883091614,63.919236548988366,
blujay,XC511958.ogg,848.76708984375,1507671.0578799248,0.8146502146703766,-1.1983111227271026,64.599609375,226.26090801812433,102.8325715469603,
blujay,XC511960.ogg,749.0763346354166,1624759.522895768,1.3381549740224647,-0.20493681756508542,64.599609375,167.29526132016338,90.48012821337072,
blujay,XC513339.ogg,4541.9677734375,466527.1496772766,-0.5954586536880303,-1.1365263049242762,3380.712890625,4488.650751114868,4431.862780614004,
blujay,XC521284.ogg,2312.127685546875,28.97992730140686,-1.1547005383792515,-0.666666666666667,2314.8193359375,2312.122978029284,2312.118263200117,
blujay,XC524420.ogg,1090.431390806686,1448670.838423206,0.8121787139080445,-0.8252153219733493,118.4326171875,445.23514309555037,209.9844011943412,
blujay,XC525893.ogg,3542.2119140625,861.1178398132324,0.0,-1.8520710059171597,3509.912109375,3542.1055549869775,3541.999198160149,
blujay,XC530848.ogg,2054.8828125,55.19986152648926,0.13416407864998736,-0.6100000000000003,2056.4208984375,2054.8713032059113,2054.859797244418,
blujay,XC53397.ogg,835.1806640625,2800900.419858786,1.4494695995470137,0.17921137182019153,0.0,0.0,0.0,
blujay,XC53693.ogg,1171.76513671875,1084941.736513918,-0.29816052128779125,-1.8639604075716862,0.0,0.0,0.0,
blujay,XC542143.ogg,6.15234375,33.119916915893555,-0.28867513459481287,-1.9166666666666667,10.7666015625,0.0,0.0,
blujay,XC545363.ogg,,
blujay,XC545364.ogg,,
blujay,XC545367.ogg,,
blujay,XC549775.ogg,1933.4331805889424,94.3408094919645,-0.06706665570808472,-0.7217884441522138,1937.98828125,1933.4097160450817,1933.3862458904337,
blujay,XC551080.ogg,,
blujay,XC551083.ogg,,
blujay,XC551087.ogg,,
blujay,XC553237.ogg,,
blujay,XC555073.ogg,,
blujay,XC558249.ogg,2872.529296875,135707.20356702805,1.4991992569176256,0.2489323995563235,2702.4169921875,2855.5062505386823,2840.2799820234222,
blujay,XC558335.ogg,301.46484375,1970.6350564956665,0.1346683285771328,-1.797993079584775,258.3984375,298.51065875999274,295.61059258890856,
blujay,XC559474.ogg,3675.0,2367.5722425634212,-0.38175665588669044,-1.5547992850161574,3714.4775390625,3674.70374927463,3674.4065483960558,
blujay,XC562363.ogg,2736.0626220703125,406907.9496007074,0.14592691229439586,0.9673150673820774,2917.7490234375,2658.632455788269,2575.8169112391042,
blujay,XC562454.ogg,3993.511962890625,4477.837857874957,-0.09838350975114168,-0.556298642439609,3886.7431640625,3992.9973742905077,3992.482120327327,
blujay,XC564002.ogg,1855.6003736413043,59.105306274806075,-0.5965116191214819,-0.8025058590229222,1862.6220703125,1855.5851151286158,1855.5698318919292,
blujay,XC565432.ogg,0.9787819602272727,10.538155382329766,2.846049894151541,6.100000000000001,0.0,0.0,0.0,
blujay,XC570216.ogg,1344.1687950721155,1174690.385374656,-0.4736139768387213,-1.7746915469764142,0.0,0.0,0.0,
blujay,XC571792.ogg,3301.885986328125,1331.389993429184,-0.6831625480958216,-0.2450297660350218,3316.11328125,3301.6905892355494,3301.4942021014294,
blujay,XC572588.ogg,3283.8134765625,7158.0420434474945,-0.5229651692638252,-0.89689226179744,3348.4130859375,3282.8360049368434,3281.849969304006,
blujay,XC573211.ogg,5901.17431640625,7069.8142647743225,1.2935175282111484,0.022057530320914065,5867.7978515625,5900.641362869956,5900.11454657508,
blujay,XC57384.ogg,0.0,0.0,0.0,-3.0,0.0,0.0,0.0,
blujay,XC574496.ogg,3295.118408203125,3922.6619491451665,-1.9452881255774794,2.8016488708843807,3337.646484375,3294.538825146057,3293.9447753889403,
blujay,XC578730.ogg,,
blujay,XC579402.ogg,2271.7529296875,245888.88716697693,1.787790275279699,1.1981024407071397,2067.1875,2234.877321433299,2205.242633726092,
blujay,XC580991.ogg,11.165364583333334,93.46232964442325,0.5776214228964921,-0.34287480178301655,10.7666015625,0.0,0.0,
blujay,XC581341.ogg,6276.654052734375,735487.8896039266,-4.911742748178684,22.449861830078774,6524.560546875,6159.9263612855475,5917.36521953737,
blujay,XC585129.ogg,7034.718590879593,2203.9582509832203,-0.7012142289384965,-1.2623043982484783,7073.6572265625,7034.5619520299715,7034.404825152573,
blujay,XC586549.ogg,4140.172400841346,2804785.8531887718,1.4297587428112757,0.22042334880491188,3240.7470703125,3902.8349401251344,3733.3848483190727,
blujay,XC587334.ogg,7752.962493896484,67228.64030289554,-0.3354202393520695,-0.8004921074978815,7708.88671875,7748.727437365684,7744.458143887707,
blujay,XC587488.ogg,3460.7602326766305,5551.775163812599,-0.17811345073262685,-1.0224256002122405,3413.0126953125,3459.9908305025933,3459.219341293278,
blujay,XC588404.ogg,2640.8935546875,27.59993076324463,0.9486832980505138,-1.1,2637.8173828125,2640.8890809018712,2640.884612327398,
blujay,XC588415.ogg,3186.587801846591,1493440.5963055114,1.9022356528106923,3.8219861103904353,2336.3525390625,3015.8575277363702,2887.1975242455724,
blujay,XC589307.ogg,3287.40234375,309.11922454833984,-0.2795084971874737,-1.365,3305.3466796875,3287.363127801768,3287.323876081919,
blujay,XC589528.ogg,,
blujay,XC589550.ogg,2400.1239483173076,1902.2721510667063,0.6999318668722347,-0.9017370605468691,2357.8857421875,2399.761038193336,2399.4010430219687,
blujay,XC590063.ogg,,
blujay,XC592148.ogg,4478.90625,2856338.9146327972,0.9404363358923927,-1.103351768631285,3348.4130859375,4248.496574543603,4066.861497797843,
blujay,XC592213.ogg,,
blujay,XC59939.ogg,0.0,0.0,0.0,-3.0,0.0,0.0,0.0,
blujay,XC59940.ogg,6758.025801809211,289890.1106809315,0.49242456008486296,-1.1738657830049979,6244.62890625,6738.148638923137,6718.756213182616,
blujay,XC600531.ogg,3161.7919921875,38.63990306854248,-0.7071067811865475,-1.5,3165.380859375,3161.7879154706184,3161.7838356711645,
blujay,XC600532.ogg,2983.963623046875,193211.00562967753,0.407496045220809,-1.8321695441597685,2627.05078125,2954.212383118026,2925.8491454302316,
blujay,XC600534.ogg,2619.873046875,557.5186014175415,-1.6184656677552653,2.703117341437113,2616.2841796875,2619.7727855569956,2619.671558720255,
blujay,XC600535.ogg,3643.026455965909,1513.2791129025547,-0.1755345676543933,-1.3585575065370397,3682.177734375,3642.8374058625022,3642.648127987311,
blujay,XC600537.ogg,2226.153205422794,804.6191580155316,0.812426603994799,-0.5134053612467708,2217.919921875,2225.984229660534,2225.8163674221655,
blujay,XC605642.ogg,1852.5283813476562,115.43671041727066,-0.9564663462200984,0.018942245408868796,1851.85546875,1852.499066341352,1852.4696453289337,
blujay,XC615045.ogg,2231.7626953125,298.079252243042,0.81256704552614,-0.9084362139917697,2217.919921875,2231.7056741150077,2231.6488732842254,
blujay,XC616934.ogg,3666.1733266469596,36355.098848297,0.8684653692172771,1.198365829666444,3649.8779296875,3661.4060074521726,3656.7536082754177,
blujay,XC62769.ogg,,
blujay,XC62787.ogg,,
blujay,XC67162.ogg,3337.646484375,1274553.7626743317,0.7715404612647452,0.39151532630406605,3036.181640625,3161.750515896439,2986.74704632661,
blujay,XC70304.ogg,3390.4541015625,22649.607181549072,-0.4975160256936025,-1.0886188568553847,3531.4453125,3387.22284922147,3383.9431977158224,
blujay,XC70942.ogg,0.0,0.0,0.0,-3.0,0.0,0.0,0.0,
blujay,XC81291.ogg,2985.4248046875,187369.56073687627,0.9508387215342949,-1.0891648226460142,2723.9501953125,2958.5189196646525,2933.9753243092914,
blujay,XC86755.ogg,3321.1799172794117,3191.2014063666857,0.45143017130774427,0.6088206593257097,3337.646484375,3320.7157673136962,3320.253701029345,
blujay,XC86756.ogg,2788.5498046875,115.91970920562744,0.0,-1.5,2777.783203125,2788.535947988575,2788.522091289654,
