#filename,mean,variance,skewness,kurtosis,mode,gmean,hmean
bncfly,XC113984.ogg,1167.099609375,1720227.876663208,0.3496542320739154,-1.8080173479838242,0.0,0.0,0.0,
bncfly,XC114060.ogg,1965.3941761363637,849800.8018393407,-1.6437360900376514,0.712715373064325,2379.4189453125,1140.2940982416076,204.4079115486096,
bncfly,XC121270.ogg,,
bncfly,XC122965.ogg,2213.3056640625,1243.270727304312,1.2689846371533335,1.2237469766191875,2174.853515625,2213.0481386486395,2212.7938396953336,
bncfly,XC122966.ogg,2401.669921875,25659.103631973267,-0.5409865804033943,-0.9191871666977143,2573.2177734375,2396.550685475032,2391.3018416413547,
bncfly,XC122967.ogg,2431.535538383152,234125.84326380052,-4.057578706784185,15.72920372658675,2497.8515625,2283.8701717004224,1795.425218139785,
bncfly,XC122970.ogg,2564.7315979003906,3494.5873920692175,0.15934600939035193,0.6655048235005383,2551.6845703125,2564.053779393212,2563.376847578338,
bncfly,XC122972.ogg,2370.1904296875,5464.7862911224365,-0.4139178549547056,-1.6748913376186105,2422.4853515625,2369.194080722008,2368.19000322211,
bncfly,XC122974.ogg,2443.1903545673076,32141.503616479727,0.8102321698888086,-0.37848276234009814,2314.8193359375,2437.078892572732,2431.179336997292,
bncfly,XC122976.ogg,2545.5322265625,15194.771638730677,0.08900468393729344,-1.3163294491121236,2648.583984375,2542.6230169536575,2539.720814911791,
bncfly,XC122977.ogg,2720.10498046875,10924.052596092224,-0.039354352060054686,-1.8215619175107647,2842.3828125,2718.165818434718,2716.2256252587085,
bncfly,XC122979.ogg,2583.984375,154.55961227416992,0.7015607600201139,-0.8125,2573.2177734375,2583.958793213219,2583.933264485545,
bncfly,XC122980.ogg,2603.21044921875,8260.234663119683,-1.2494896515891591,1.8139465545581954,2562.451171875,2601.692079733287,2600.1262733902677,
bncfly,XC122981.ogg,2628.9507697610293,4712.647589690546,-0.533713378671759,-1.4072726286015078,2691.650390625,2628.099288698147,2627.2401510953096,
bncfly,XC122983.ogg,2321.670809659091,21507.639915192103,-0.4860461201010803,0.5358351462387274,2347.119140625,2317.024327979749,2312.247535203881,
bncfly,XC122984.ogg,2558.536044034091,52.69077691164885,0.5091168824542782,-0.676000000000025,2551.6845703125,2558.52669160662,2558.517347717777,
bncfly,XC122985.ogg,2484.991455078125,54620.17098069191,0.2735243856764788,-0.5817910068408763,2422.4853515625,2474.402910022713,2463.918153733444,
bncfly,XC122986.ogg,2411.71875,10237.540634054887,0.05972686838412265,-0.5226055196534838,2336.3525390625,2409.7023638463875,2407.6859569586773,
bncfly,XC122987.ogg,2587.752685546875,10789.989563979601,-0.419394684808567,-0.9235578203938086,2659.3505859375,2585.748005577086,2583.7198996341212,
bncfly,XC122988.ogg,2590.7843338815787,19849.724942132045,-0.5403686860081278,-0.8750121533168387,2691.650390625,2586.9382220571783,2583.0114545887423,
bncfly,XC122989.ogg,2659.3505859375,173.87956380844116,0.9128709291752769,-0.5,2648.583984375,2659.3245023280797,2659.2984887979405,
bncfly,XC122990.ogg,2593.4051513671875,411.9289666414261,-0.7673015656220883,-0.9076033433499151,2605.517578125,2593.335396922422,2593.265380033251,
bncfly,XC122991.ogg,2648.583984375,77.27980613708496,0.0,-1.0000000000000002,2648.583984375,2648.5730426389446,2648.562100857683,
bncfly,XC123049.ogg,2491.000088778409,28839.80886502699,-0.06423091457440516,-1.531492239343644,2325.5859375,2485.287436472084,2479.5592856288213,
bncfly,XC123050.ogg,2516.534782858456,30663.76539517956,-0.46942802152454227,-0.19374200469077607,2519.384765625,2510.365252410149,2504.0192140599634,
bncfly,XC123051.ogg,2420.947265625,22860.385729716374,0.3963572209876491,-1.0079826015436257,2368.65234375,2416.6214268534727,2412.357993151201,
bncfly,XC123052.ogg,2613.592529296875,28.97992730140686,-1.1547005383792515,-0.666666666666667,2616.2841796875,2613.588365515755,2613.584196013932,
bncfly,XC123053.ogg,2567.3858642578125,4384.579000913579,0.2658594260955461,-0.4973260215217512,2573.2177734375,2566.570690896784,2565.7586713139067,
bncfly,XC123054.ogg,2247.8271484375,457.61767555685606,-0.054494869724322076,-1.010547782991974,2217.919921875,2247.7309739617353,2247.6347631874787,
bncfly,XC123055.ogg,2388.773533555328,38510.364377107784,-0.518837761553549,-1.2300696521543202,2282.51953125,2380.5851270016096,2372.1560521611004,
bncfly,XC123056.ogg,2584.6177045036766,992.1363346716936,0.18738566793763076,-1.588518971197792,2562.451171875,2584.437318924546,2584.2572023614075,
bncfly,XC123057.ogg,2327.2423377403848,41109.88456469315,0.5165510980544613,-1.309198760243265,2121.0205078125,2319.2921910144914,2311.5664812914206,
bncfly,XC123058.ogg,2368.65234375,15561.34278124029,-0.40259555835531574,2.9024266110910117,2282.51953125,2365.394433221013,2362.0483162550704,
bncfly,XC123059.ogg,2575.37109375,9757.127523422241,0.3088512416102898,-1.4822756666846415,2616.2841796875,2573.6153444934534,2571.8730539137564,
bncfly,XC123060.ogg,2540.91796875,77.27980613708496,0.0,-1.0000000000000002,2540.91796875,2540.9065633749415,2540.8951579486898,
bncfly,XC123061.ogg,2363.26904296875,1821.5954303741455,-0.5001337161545505,-0.17123966942148794,2347.119140625,2362.929806842539,2362.588539664603,
bncfly,XC123062.ogg,2493.06640625,727.71817445755,-0.8786998907777761,-0.6064492129375831,2497.8515625,2492.935886090151,2492.8045783853067,
bncfly,XC123063.ogg,2193.695068359375,18107.185485688122,-1.7321415232789972,1.4588217496929232,2271.7529296875,2189.6263138558793,2185.256222728817,
bncfly,XC123064.ogg,1958.0364358836207,15530.956901352982,1.8981187150749117,3.8903499087757822,1862.6220703125,1954.4685707603048,1951.1373943694737,
bncfly,XC123065.ogg,2157.806396484375,503.1587377838467,-0.7785699448521048,-0.3138620014994382,2174.853515625,2157.6940610850384,2157.581121493563,
bncfly,XC123106.ogg,2586.676025390625,389.15902376174927,-0.8379478234985431,-0.7270258035310091,2594.7509765625,2586.6099392913384,2586.5435882657753,
bncfly,XC123108.ogg,2596.904296875,3317.8796768188477,0.3559346454264634,-1.162103121021565,2583.984375,2596.3320654981394,2595.7626180601014,
bncfly,XC123110.ogg,2674.423828125,12612.064361572266,1.476633555415331,0.21800406168901354,2616.2841796875,2672.603823297313,2670.849237753846,
bncfly,XC123112.ogg,2731.1279296875,38.63990306854248,-0.7071067811865475,-1.5,2734.716796875,2731.1232095595283,2731.1184853001646,
bncfly,XC123113.ogg,2401.6250610351562,38276.204980909824,-0.14394304153178814,-1.5749842739161322,2174.853515625,2394.076030307036,2386.4749233483344,
bncfly,XC123114.ogg,2590.835848721591,446.81778821078206,0.11889088739702075,-1.684340512637951,2573.2177734375,2590.757503821121,2590.6792081245417,
bncfly,XC123115.ogg,2179.16015625,5113.715171813965,-0.8534313156902752,1.1594833082767328,2207.1533203125,2178.043220190394,2176.903473172181,
bncfly,XC123116.ogg,2595.52001953125,8342.785900685845,-2.051297244668482,4.512322939916231,2605.517578125,2593.8691972779025,2592.1306042781935,
bncfly,XC123117.ogg,2429.6630859375,33215.45513776632,-1.3304341428264141,0.20609179766677244,2444.0185546875,2422.5969369824556,2415.03181536883,
bncfly,XC123118.ogg,2106.6650390625,77.27980613708496,0.6260990336999411,-0.9600000000000004,2099.4873046875,2106.649778411775,2106.634541945213,
bncfly,XC123119.ogg,2277.13623046875,289.7992730140686,0.0,-1.051851851851852,2260.986328125,2277.078959225577,2277.02168669127,
bncfly,XC123120.ogg,2265.070211476293,9955.961231527659,0.12095864398906316,-1.379217080542264,2142.5537109375,2262.9534942148407,2260.843776634768,
bncfly,XC123121.ogg,2136.3204152960525,30980.3896514993,0.984288236770091,3.010171917402804,1862.6220703125,2129.70569922711,2123.289639327945,
bncfly,XC123123.ogg,2598.33984375,587.3265266418457,-1.3746130948448825,0.4445983379501395,2605.517578125,2598.244915707211,2598.1492392963273,
bncfly,XC123126.ogg,2627.05078125,77.27980613708496,0.0,-1.2500000000000002,2627.05078125,2627.038173912588,2627.0255665449254,
bncfly,XC123138.ogg,2650.440294989224,7005.433460761758,-2.2021519155738036,3.821958475619871,2680.8837890625,2649.1019883584486,2647.6982960475566,
bncfly,XC123139.ogg,2375.5908203125,20866.367291320454,-0.34758979174444066,-1.4042914322620303,2228.6865234375,2371.2279014748024,2366.8034719114307,
bncfly,XC123140.ogg,2432.925692471591,20811.100520870903,0.4990606495063569,-0.2353730944611141,2239.453125,2428.8439632596055,2424.82729007388,
bncfly,XC123141.ogg,2516.2181181066176,10719.163698308608,0.5298203929218797,-0.48077486591447416,2400.9521484375,2514.238615853194,2512.2845055824373,
bncfly,XC123142.ogg,2138.96484375,1051.0053634643555,-0.37272018847495286,-1.4883217993079583,2099.4873046875,2138.759385894832,2138.553223811304,
bncfly,XC123143.ogg,2643.20068359375,38.63990306854248,0.0,-2.0,2637.8173828125,2643.1952016117107,2643.1897196410387,
bncfly,XC123148.ogg,2611.850873161765,21793.757681460942,-1.0549642519368552,-0.3781698505639426,2691.650390625,2607.759196541821,2603.5014608641845,
bncfly,XC123151.ogg,2610.90087890625,418.5989499092102,-0.46082785532557496,-0.920710059171598,2594.7509765625,2610.828563627806,2610.756081227235,
bncfly,XC123153.ogg,2104.1015625,1269.596815109253,-0.28826561680820134,-1.6807750472589793,2131.787109375,2103.8421607859696,2103.581991464219,
bncfly,XC123154.ogg,3805.5042613636365,1515.3867439790206,-1.6382434914498936,2.386728399240968,3789.84375,3805.3212861615707,3805.1363140086964,
bncfly,XC123155.ogg,5714.129083806818,4298073.085557331,-1.1450759982152081,-0.174146075904285,5383.30078125,5180.700757400118,4439.84613673013,
bncfly,XC123157.ogg,2511.516864483173,2221.5566424223093,-0.4212963067772523,0.0628516306578617,2530.1513671875,2511.0892170774996,2510.6591448548597,
bncfly,XC123158.ogg,2448.3251953125,262.75134086608887,-1.1366979505639139,0.6320645905420994,2454.78515625,2448.2766689724767,2448.227908647186,
bncfly,XC123160.ogg,2459.912109375,8225.88336467743,-0.33098703032788407,-0.8841942772140934,2379.4189453125,2458.305375367068,2456.684621375866,
bncfly,XC123161.ogg,2241.162109375,2169.5919767502814,0.24158989598318736,-0.6276417470706819,2260.986328125,2240.6871538599285,2240.2136073207507,
bncfly,XC123162.ogg,2612.6953125,3601.238965988159,-0.7015145263049973,-1.4699110317007125,2648.583984375,2612.115230708567,2611.5295105393147,
bncfly,XC123281.ogg,2528.6964210304054,104927.70110433167,-0.41756185744536045,-1.4014813111165803,2734.716796875,2507.6007038806615,2485.7472741312463,
bncfly,XC123283.ogg,2604.1717529296875,478.1688004732132,-2.0080343937083858,2.480800584696688,2616.2841796875,2604.090563507779,2604.0085092774866,
bncfly,XC123284.ogg,2469.140625,78949.049949646,0.7024375860633111,-1.4999979303734712,2831.6162109375,2456.40047768673,2444.305676930182,
bncfly,XC123285.ogg,2031.298828125,1377.3988976198084,-1.3497039114729557,1.3263405548475644,2024.12109375,2030.9733046425088,2030.6423667813551,
bncfly,XC123287.ogg,2579.19921875,177.0995557308197,0.9187912223639344,-0.2028099173553719,2573.2177734375,2579.1687912807383,2579.1384538155426,
bncfly,XC123288.ogg,2239.453125,309.11922454833984,0.7441175562369161,-0.26562499999999956,2228.6865234375,2239.394177692435,2239.3354398805473,
bncfly,XC123290.ogg,2411.71875,115.91970920562744,0.0,-1.5,2400.9521484375,2411.7027281650476,2411.686706330094,
bncfly,XC123292.ogg,2361.9873046875,40704.92988824844,-0.3201359895792097,-1.4886759472311997,2110.25390625,2353.6049364688365,2345.076641262215,
bncfly,XC123293.ogg,2381.0753455528848,13518.021473517785,1.183887900008846,-0.4997608092397079,2314.8193359375,2378.4431437031767,2375.908166092925,
bncfly,XC123294.ogg,2554.8248291015625,17916.94505383139,-0.5916474615199905,0.1994005836877255,2551.6845703125,2551.383584185293,2547.857168257316,
bncfly,XC123295.ogg,2395.047883064516,12518.082145721683,0.4462721803000737,-0.7632849528665684,2314.8193359375,2392.5489816386794,2390.081044109361,
bncfly,XC123296.ogg,2512.20703125,37162.49501003938,-0.0813923870113064,-0.9017463176500291,2594.7509765625,2505.162962843514,2498.0705309080395,
bncfly,XC123298.ogg,2147.4476207386365,8100.328770550814,1.4141804636904343,0.7676035143497253,2088.720703125,2145.712201671919,2144.040014052456,
bncfly,XC123300.ogg,2467.08984375,58135.644931059614,0.22766824546655384,-1.1275032666610603,2185.6201171875,2456.241568456018,2445.518158803959,
bncfly,XC123301.ogg,2517.07763671875,15179.749612624828,1.3136281549833198,-0.14133997466380555,2465.5517578125,2514.3864272326064,2511.8029229465837,
bncfly,XC123305.ogg,2819.952392578125,357465.3032681216,0.3655866809636412,-1.0250220767052685,1948.7548828125,2760.392913792271,2702.559120022943,
bncfly,XC123307.ogg,2522.321111505682,17946.478616107597,-0.9952624667491219,-0.9610561238862396,2605.517578125,2518.971541584633,2515.508687523618,
bncfly,XC123308.ogg,2381.982421875,14152.69249677658,0.3577824306524235,-0.9703387484768755,2411.71875,2379.1810009519,2376.4091015364784,
bncfly,XC123318.ogg,2536.611328125,4538.90061378479,-0.3530082769355919,-1.046324151819017,2433.251953125,2535.8009649957044,2534.9855865599575,
bncfly,XC123319.ogg,2573.2177734375,3651.4708399772644,-1.4703209083081825,0.21050642479213888,2594.7509765625,2572.638125290328,2572.046348576581,
bncfly,XC123320.ogg,2475.1220703125,5229.266881942749,-0.09744607516645468,-1.7888154741682643,2400.9521484375,2474.1811447719183,2473.2387485198265,
bncfly,XC123321.ogg,2226.533203125,1877.8992891311646,-0.3004115226337449,-1.6933013260173753,2250.2197265625,2226.194618003722,2225.854876873452,
bncfly,XC123323.ogg,2539.3798828125,55.19986152648926,0.13416407864998736,-0.6100000000000003,2540.91796875,2539.370568918234,2539.3612572204306,
bncfly,XC123327.ogg,6705.439453125,2360944.445371628,-2.6096196336220103,4.9302196821269,2357.8857421875,6428.679727675684,5963.794981402319,
bncfly,XC123332.ogg,2119.0629438920455,230074.93601942604,-2.6664152288109655,5.570803116876009,2250.2197265625,2021.363300218896,1846.0008479148964,
bncfly,XC123335.ogg,2484.0087890625,24293.459057807922,-0.6125954214485353,-1.418936128261114,2271.7529296875,2479.7098543608563,2475.3102768925173,
bncfly,XC123342.ogg,2360.0390625,2364.7620677948,0.9225374671243359,-0.5498170219431269,2314.8193359375,2359.5934187343514,2359.153036881274,
bncfly,XC123345.ogg,2470.6183938419117,11193.174060015754,0.5964074750714958,-0.8156119102004498,2422.4853515625,2468.453448790094,2466.322803319318,
bncfly,XC123346.ogg,2719.516888786765,8912.179995985593,0.4026916541047553,-1.5581873053928346,2637.8173828125,2717.987851894602,2716.4728598247066,
bncfly,XC123348.ogg,2692.8466796875,7605.620920658112,0.6870494797549745,-0.7653854316259205,2637.8173828125,2691.607967013007,2690.385975639887,
bncfly,XC123349.ogg,2341.9698963994565,44743.63321136579,0.15857000487357037,0.2313121346436673,1948.7548828125,2332.8215020915677,2323.637071912111,
bncfly,XC123350.ogg,1961.31591796875,689339.3834612586,-1.1522230948843877,-0.6684800495826231,581.396484375,1696.8331088561004,1356.242863309479,
bncfly,XC123353.ogg,2096.47265625,12360.132193565369,-0.5125702336630996,-1.1245331724058893,1948.7548828125,2093.5870992156324,2090.648559581149,
bncfly,XC123416.ogg,2491.2259615384614,13012.730433390692,-0.39745164538848227,-1.491467653271134,2465.5517578125,2488.7846240004847,2486.315138201374,
bncfly,XC123417.ogg,2294.3115234375,54817.32648611069,0.6347548320447571,-1.0200337587266926,2121.0205078125,2283.33755986138,2272.797230643374,
bncfly,XC123418.ogg,2405.950927734375,2773.4919515523043,0.9376813441670053,6.7792070620927145,2368.65234375,2405.3913244216465,2404.8373120960186,
bncfly,XC123419.ogg,3762.92724609375,18523.287650416878,-0.4437292873013245,-0.7923655701201411,3746.77734375,3760.576000870375,3758.198445839783,
bncfly,XC123420.ogg,2748.419744318182,14909.382234920156,0.19589395872399284,-1.4573674445573925,2702.4169921875,2745.965300798582,2743.5242365300955,
bncfly,XC123421.ogg,5124.503580729167,21101.68039798737,-2.192506388892825,3.3443338033537495,4737.3046875,5122.435560458135,5120.278882841485,
bncfly,XC123422.ogg,6547.072531960227,12715.338284319098,1.3832657150875751,0.3119030068586106,6459.9609375,6546.202782707502,6545.345982726328,
bncfly,XC123423.ogg,4405.33447265625,92943.01775368777,-1.1578617819190709,0.5281301602726565,4618.8720703125,4395.096989915949,4384.2606714252615,
bncfly,XC123424.ogg,2174.2201861213234,15380.6702398202,-0.13776769364843736,-1.2559656322387904,2304.052734375,2170.867630645172,2167.4949909180486,
bncfly,XC123425.ogg,2273.758473115809,63507.31369761026,-0.05155795323797901,-1.1874273173661536,2142.5537109375,2259.762770214045,2245.6542292436106,
bncfly,XC123426.ogg,1961.31591796875,3603.7391950102415,1.2412739660329433,0.23967262445524673,1948.7548828125,1960.4686026595261,1959.6413790513634,
bncfly,XC123427.ogg,2303.3241673519738,13097.514129426492,0.11055567582954483,1.1861212447734557,2282.51953125,2300.5000460257106,2297.667967543756,
bncfly,XC123428.ogg,2552.7099609375,5261.650800704956,-0.16676765350303357,1.093847078964882,2573.2177734375,2551.724036368787,2550.7330845711394,
bncfly,XC123429.ogg,1861.54541015625,3411.903440952301,-0.28129698623894084,-1.7397116029596413,1798.0224609375,1860.715749636467,1859.8816654349487,
bncfly,XC123430.ogg,2453.759765625,43665.85046052933,-1.229994253111431,-0.2331964298570801,2594.7509765625,2444.6327462558684,2434.8427658284,
bncfly,XC123431.ogg,2380.615234375,27051.152139902115,-1.0219219801776616,-0.008844853991044399,2293.2861328125,2375.3109180200604,2369.744449249804,
bncfly,XC123432.ogg,790.2685546875,121334.4476222992,2.617258526989159,4.948566877270683,656.7626953125,748.3637416802575,723.7228270901045,
bncfly,XC123433.ogg,1935.8349609375,1566.2040710449219,-0.12961234306667427,-1.0760690789473684,1927.2216796875,1935.4701762141824,1935.104722158242,
bncfly,XC123434.ogg,2566.366299715909,238.16231164065275,0.6075010518631557,-1.0013705066958907,2551.6845703125,2566.3242141927612,2566.282225937057,
bncfly,XC123435.ogg,2504.6515213815787,2707.504786943134,-0.18980788983101274,-0.9830799027785573,2519.384765625,2504.1380034965064,2503.6230671012986,
bncfly,XC123436.ogg,2277.13623046875,57.95985460281372,0.0,-2.0,2271.7529296875,2277.1298672201656,2277.123503989362,
bncfly,XC123437.ogg,2313.52734375,67139.92277383804,-0.017361430902903784,-1.6722364957347953,1948.7548828125,2299.508630122315,2285.499136859313,
bncfly,XC123487.ogg,2563.4299538352275,15729.250723665411,-0.9983080049980554,0.12645667260643778,2583.984375,2560.5458156616014,2557.564504375792,
bncfly,XC123488.ogg,2453.9569561298076,6674.300180031702,0.2804142763610006,-1.6801858002355177,2368.65234375,2452.7086475349406,2451.4680792629165,
bncfly,XC123489.ogg,2508.6181640625,12224.260243502531,1.5119647055737828,0.545707491082045,2454.78515625,2506.474070603482,2504.417431774926,
bncfly,XC123490.ogg,2570.770818536932,8687.705478884956,-1.5671458019403757,1.7535270709119235,2637.8173828125,2569.0935985322567,2567.34941400875,
bncfly,XC123491.ogg,2766.298828125,6068.672776222229,-0.2819285590033975,-1.6354503021791469,2842.3828125,2765.2694926721097,2764.2350235006124,
bncfly,XC123492.ogg,3293.682861328125,1244713.3448042653,-0.13091759038762973,-1.683503384301552,3940.576171875,3107.51843998458,2922.426751094379,
bncfly,XC123493.ogg,2347.119140625,115.91970920562744,0.0,-1.5,2336.3525390625,2347.1026778160103,2347.0862150070184,
bncfly,XC123494.ogg,2623.4619140625,2210.20245552063,-1.5695619264748473,0.8297716269744244,2637.8173828125,2623.1047132028743,2622.741277796773,
bncfly,XC123495.ogg,2481.4453125,423508.24159383774,3.0292467834530736,7.761924393970784,2282.51953125,2426.1201984153763,2388.6131910726535,
bncfly,XC123496.ogg,1983.2080078125,197.06350564956665,0.3631734744194305,-1.3719723183391002,1970.2880859375,1983.1683214318682,1983.1286957767443,
bncfly,XC123497.ogg,2238.37646484375,12335.077266944083,0.4515254776842002,0.23293840730850235,2196.38671875,2235.788759751472,2233.228727812612,
bncfly,XC123498.ogg,1884.1552734375,8747.47959467081,-0.67623241147059,-0.6154784950761725,1970.2880859375,1881.8655360117257,1879.5215654745791,
bncfly,XC123507.ogg,2504.132080078125,23298.983370715923,1.0580263883994578,0.1861185707771682,2400.9521484375,2500.0249549305768,2496.070808843296,
bncfly,XC123508.ogg,2514.2578125,10602.237403392792,-0.7203734166429212,-0.6294117019133907,2616.2841796875,2512.208098534852,2510.11682990728,
bncfly,XC123509.ogg,2365.3162136883802,241290.48991371208,-4.46306050857574,18.186746778588056,2487.0849609375,2103.836286149811,885.191200765886,
bncfly,XC123510.ogg,2390.185546875,1941.6551291942596,0.06962521639013947,-1.6336600579193585,2347.119140625,2389.824748841168,2389.4642567822025,
bncfly,XC123511.ogg,2613.592529296875,34186.65423989296,-1.152074157642222,-0.6686357106990362,2702.4169921875,2608.438315135284,2603.0370880020655,
bncfly,XC123512.ogg,2592.59765625,91657.71406888962,-0.40760016745986577,-1.8329729190751045,2260.986328125,2577.999451362332,2563.056872191671,
bncfly,XC123518.ogg,2816.1392211914062,1015193.4183016419,1.154509581994085,-0.6667331419744822,2250.2197265625,2679.1620014242535,2574.7207338372136,
bncfly,XC123519.ogg,2379.4189453125,41035.577058792114,0.9525821604333355,-1.0776570163958843,2260.986328125,2372.367747556691,2365.6678815813048,
bncfly,XC123521.ogg,2307.1630859375,20178.577016700398,0.19116307228372625,-1.107961859915504,2347.119140625,2302.9095435378467,2298.6831404465206,
bncfly,XC123523.ogg,2381.21337890625,27389.695428568742,1.89991953601573,6.853613481078991,2444.0185546875,2376.0343711068167,2371.172524080962,
bncfly,XC123524.ogg,2576.3844209558824,11009.099347451154,2.7728904869416615,20.074015228347584,2573.2177734375,2574.4120829411454,2572.534749285272,
bncfly,XC123525.ogg,2386.5966796875,1101.2372374534607,-1.0263335462630394,-0.4009695290858728,2400.9521484375,2386.3897244606765,2386.1808903107494,
bncfly,XC123526.ogg,2517.8466796875,18605.233327202175,2.574131325728377,8.369984071799022,2530.1513671875,2514.4920824398723,2511.3909706901777,
bncfly,XC123527.ogg,2446.9793701171875,10605.092934690989,1.7030914616600787,4.49278455684552,2411.71875,2444.95485070016,2443.011558615066,
bncfly,XC123528.ogg,3437.237548828125,2815100.4780828953,1.1545735644986965,-0.666763852678697,2605.517578125,3196.836445504478,3024.443576362317,
bncfly,XC123533.ogg,2621.66748046875,38.63990306854248,0.0,-2.0,2616.2841796875,2621.6619534600673,2621.6564264630388,
bncfly,XC123534.ogg,2171.2646484375,927.3576736450195,-1.57421875,1.5087890625,2185.6201171875,2171.072121557789,2170.876857082505,
bncfly,XC123536.ogg,2500.282730594758,7470.713646181169,0.6707029133738601,0.7733430207740373,2487.0849609375,2498.8563074777944,2497.4483135324213,
bncfly,XC123538.ogg,2580.5921580693494,14566.846471535016,-0.20396269829395403,-0.15577375103787316,2347.119140625,2577.7836488744483,2574.9491562721005,
bncfly,XC123557.ogg,2502.5326936141305,1420.8182539393308,0.6351029801547948,-0.7479858730074422,2487.0849609375,2502.262802734467,2501.9945621622674,
bncfly,XC123559.ogg,2776.3338529146636,30730.21874775713,-0.7526018512232207,-0.36052743796154907,2799.31640625,2770.7109601901325,2764.8901287317562,
bncfly,XC123560.ogg,2692.917049632353,28268.214380916426,-2.2083447711028623,3.115031682043176,2745.4833984375,2687.478457637114,2681.4999624960296,
bncfly,XC123561.ogg,2513.587364783654,1754.846059359037,-1.3162554308188048,1.1931399960341018,2508.6181640625,2513.246735102072,2512.9010412069692,
bncfly,XC123562.ogg,2939.2822265625,77.27980613708496,0.0,-1.0000000000000002,2939.2822265625,2939.27236698765,2939.262507379727,
bncfly,XC124613.ogg,2341.73583984375,18098.930597305298,0.0024351669783701873,-1.7404168924353924,2196.38671875,2338.109033987681,2334.485357272817,
bncfly,XC124614.ogg,,
bncfly,XC124615.ogg,,
bncfly,XC124621.ogg,6.05621337890625,30.428923666477203,-0.2519763153394848,-1.9365079365079365,10.7666015625,0.0,0.0,
bncfly,XC125838.ogg,2583.984375,231.83941841125488,0.0,-0.9600000000000004,2583.984375,2583.9469901338434,2583.909604683529,
bncfly,XC125839.ogg,2442.751895680147,346.05442601091715,0.33580485820753203,-0.6104855735397439,2444.0185546875,2442.6853362559136,2442.618883879515,
bncfly,XC133470.ogg,2728.7353515625,2089.585346334121,-0.6929444333723864,0.20248301335530705,2723.9501953125,2728.3708859377075,2728.0035323484253,
bncfly,XC135427.ogg,273.9501953125,502428.2196164131,2.474598435308669,4.124221348509827,32.2998046875,58.56328422000661,41.439962184175535,
bncfly,XC136123.ogg,2415.3076171875,8709.434151649475,2.0875834873338732,5.497386289109217,2325.5859375,2413.671778063511,2412.1112671664578,
bncfly,XC147687.ogg,,
bncfly,XC150281.ogg,,
bncfly,XC154098.ogg,49.0478515625,90.15977382659912,-0.1765833205492804,-0.5242346938775508,53.8330078125,48.18294746820639,47.2680068597561,
bncfly,XC156976.ogg,,
bncfly,XC166232.ogg,3297.65625,43610.34393310547,-3.0648650073201633,9.407617657931974,3326.8798828125,3290.286155718494,3281.732723326121,
bncfly,XC169841.ogg,13.213556463068182,131.7269422791221,0.7431877861751511,0.27422040816326465,10.7666015625,0.0,0.0,
bncfly,XC170240.ogg,1215.9530639648438,1250008.1092491746,-0.0027807723162020562,-1.9911185075949556,118.4326171875,0.0,0.0,
bncfly,XC170374.ogg,819.7298916903409,1482362.4231869522,0.7864011918153476,-1.3740973289118745,10.7666015625,0.0,0.0,
bncfly,XC170378.ogg,4.533305921052632,29.827293596769625,0.3198010745334156,-1.8977272727272723,0.0,0.0,0.0,
bncfly,XC1708.ogg,1269.8923211348683,1296890.0476945075,0.15535881863679485,-1.7967520728756383,43.06640625,492.3926913020007,118.46400517466985,
bncfly,XC173350.ogg,2424.5361328125,401.3029932975769,-0.23631483465676686,-1.0307826060632437,2422.4853515625,2424.457211087143,2424.3781868192514,
bncfly,XC185194.ogg,34.991455078125,106.25973343849182,-0.49338220021815865,-1.371900826446281,43.06640625,33.70128417052343,32.2998046875,
bncfly,XC191947.ogg,,
bncfly,XC195662.ogg,19.3798828125,23.18394184112549,-1.5,0.25,21.533203125,18.74574211003861,17.9443359375,
bncfly,XC197676.ogg,0.0,0.0,0.0,-3.0,0.0,0.0,0.0,
bncfly,XC204953.ogg,629.0771484375,1643001.7983913422,2.0282090392907324,2.1378136215246153,139.9658203125,206.92247563270126,132.83191765040203,
bncfly,XC206952.ogg,2802.1077473958335,9323.44532929934,-2.173247233689741,6.082892215044273,2810.0830078125,2800.418493989639,2798.6345177780495,
bncfly,XC206954.ogg,2989.5263671875,502.31873989105225,0.5280049792181878,-1.4999999999999998,2971.58203125,2989.4704780935094,2989.4147096797556,
bncfly,XC207035.ogg,2653.1982421875,1377.5432109832764,-0.18297221182072063,-1.015605064985422,2637.8173828125,2652.94745840594,2652.6962319699483,
bncfly,XC211404.ogg,12.56103515625,65.68783521652222,-0.2282688235636075,-0.8927335640138407,10.7666015625,0.0,0.0,
bncfly,XC211407.ogg,,
bncfly,XC211718.ogg,,
bncfly,XC233650.ogg,,
bncfly,XC240259.ogg,,
bncfly,XC241778.ogg,3.076171875,25.476859166071964,0.9486832980505138,-1.1,0.0,0.0,0.0,
bncfly,XC244837.ogg,,
bncfly,XC244838.ogg,2239.453125,231.83941841125488,0.0,-1.2500000000000002,2228.6865234375,2239.408756037594,2239.364386635626,
bncfly,XC244892.ogg,2330.2001953125,4979.027509689331,-1.7911772614567192,1.6618735896087031,2347.119140625,2329.2522164620686,2328.271155505862,
bncfly,XC244934.ogg,2756.25,48963.19717168808,0.17137954816392062,-1.9115064162718192,2530.1513671875,2747.670448160535,2739.191010435755,
bncfly,XC244977.ogg,2274.184097782258,12156.060378050943,-1.70444839331199,2.895012976109519,2347.119140625,2271.392386715158,2268.425084955858,
bncfly,XC247711.ogg,1656.1841881793478,1178731.1666897638,-0.6425932959078952,-1.5676448402716774,2465.5517578125,1001.7302965350465,456.9741043130649,
bncfly,XC252693.ogg,3146.539306640625,208.6554765701294,0.3849001794597505,-0.5349794238683128,3143.84765625,3146.5082574207318,3146.4772430650582,
bncfly,XC257116.ogg,546.1979792668269,534543.4084681364,1.8479181401945937,1.5347374408221999,226.0986328125,316.3366565481234,233.73803760888543,
bncfly,XC263393.ogg,,
bncfly,XC263394.ogg,23.32763671875,19.31995153427124,1.788854381999832,1.2000000000000002,21.533203125,23.038658131091086,22.799862132352942,
bncfly,XC264111.ogg,2.691650390625,28.97992730140686,1.1547005383792515,-0.6666666666666665,0.0,0.0,0.0,
bncfly,XC2646.ogg,2609.2444786658652,8206.580397715936,-1.6513500300363277,2.0705063627940588,2670.1171875,2607.6713854684945,2606.034693609951,
bncfly,XC264733.ogg,2600.936045545213,21257.379865558145,0.042530179506766005,0.5705931538260143,2713.18359375,2596.9249262470616,2592.8976297168824,
bncfly,XC264735.ogg,2311.4547729492188,1386.6895213723183,0.4421805222366089,0.3690965068113483,2304.052734375,2311.1747559107357,2310.8959055423475,
bncfly,XC264736.ogg,2260.21728515625,2362.341766174023,-2.1434198302894956,4.725567598754378,2260.986328125,2259.7168594636764,2259.200668445593,
bncfly,XC268563.ogg,2354.296875,115.91970920562744,-0.08838834764831843,-0.9375,2347.119140625,2354.2749857854137,2354.253090781199,
bncfly,XC268662.ogg,2450.2300555889424,6335.457953122945,-0.2553076983920883,-1.346452103934101,2357.8857421875,2448.9794669279495,2447.721921655775,
bncfly,XC268663.ogg,2597.584292763158,23194.49498677152,-0.07568946241392387,-1.5928284715746444,2400.9521484375,2593.2178273354234,2588.840122892885,
bncfly,XC268664.ogg,2423.8311767578125,478.1688004732132,-0.17944137135266405,-1.0885478158205435,2433.251953125,2423.744776110019,2423.6582857926674,
bncfly,XC268666.ogg,2358.31640625,3540.187919139862,0.5707239295239939,-1.0442488170795146,2314.8193359375,2357.6023172624864,2356.8948107319366,
bncfly,XC268667.ogg,2572.61962890625,234069.28549350146,2.1268971244702857,5.2746669133002815,2250.2197265625,2535.528299303495,2504.236356788151,
bncfly,XC268670.ogg,2411.71875,7199.224045402126,-0.8069505889099543,-0.2622809537489239,2347.119140625,2410.272713391785,2408.79829638553,
bncfly,XC268673.ogg,2415.179443359375,13782.025426626205,-0.8858288046533745,0.7489345619394108,2368.65234375,2412.3395224268766,2409.40598240123,
bncfly,XC268675.ogg,2485.1849724264707,12157.31196225008,0.5294788667990447,-0.43106310697294514,2433.251953125,2482.8430906016956,2480.5333604587854,
bncfly,XC268679.ogg,2506.31103515625,2517.750607087062,1.8963490388912496,2.7355803317362524,2487.0849609375,2505.8555698792456,2505.4107858365996,
bncfly,XC280207.ogg,,
bncfly,XC284193.ogg,2511.596160239362,16630.457004499483,-2.246822542596509,5.374740059289984,2540.91796875,2508.070819473638,2504.2266248252513,
bncfly,XC284195.ogg,2497.8515625,4829.98788356781,0.21686227887763238,-1.2812479999999997,2433.251953125,2497.0256095359337,2496.202633923626,
bncfly,XC285324.ogg,2628.6543176529253,8845.070577351502,-0.37450088615472865,0.06673519409780582,2605.517578125,2626.990376132395,2625.308402740882,
bncfly,XC285327.ogg,2447.4185341282896,7522.57902371256,-0.5159127549663993,-1.1273956489218167,2454.78515625,2445.9440863489513,2444.4516988378286,
bncfly,XC285333.ogg,2731.640625,1341.356635093689,0.8400170585676194,-0.3252806990804249,2691.650390625,2731.431605620204,2731.2240119124835,
bncfly,XC285334.ogg,2781.01318359375,20609.236299991608,1.4731196205852481,0.21816372087018987,2702.4169921875,2777.8286208656946,2774.791660041924,
bncfly,XC288720.ogg,,
bncfly,XC288817.ogg,2742.4072265625,1457.2763442993164,0.011374392292559802,-1.146823347107438,2756.25,2742.1794865179118,2741.951755597606,
bncfly,XC288823.ogg,2854.3798828125,1709.9618280635161,-0.9638853114566411,1.2297532551421684,2820.849609375,2854.0861244302755,2853.7895270344393,
bncfly,XC288917.ogg,,
bncfly,XC288940.ogg,27.9931640625,228.52742671966553,-0.051284158662572916,-0.8724007561436675,21.533203125,0.0,0.0,
bncfly,XC288942.ogg,10.668723366477273,41.46619122459851,2.328923518077903,11.24998710283878,10.7666015625,0.0,0.0,
bncfly,XC289042.ogg,2347.119140625,17130.357027053833,0.03950892041591103,-1.9282944202611794,2228.6865234375,2343.836791893647,2340.562959784358,
bncfly,XC293819.ogg,,
bncfly,XC294966.ogg,,
bncfly,XC295349.ogg,2454.78515625,3387.431502342224,-0.32302467859804485,-1.1566959186919,2508.6181640625,2454.128018986101,2453.46750815292,
bncfly,XC301359.ogg,2146.026808215726,566309.4108489251,-2.0707734805031843,2.5253513365746354,2487.0849609375,1811.5843712202059,1155.2164029351527,
bncfly,XC301361.ogg,2711.2002724095396,200490.0625729629,-5.858621440818413,32.56652749801233,2767.0166015625,2475.370102816102,858.673684751347,
bncfly,XC301362.ogg,2425.8499145507812,16749.91498142481,-2.073974333257617,3.87998128350109,2508.6181640625,2422.3505330199177,2418.563483884511,
bncfly,XC311976.ogg,,
bncfly,XC312920.ogg,1128.18603515625,1544142.8802334345,0.2891731472521715,-1.913746118946823,53.8330078125,370.00711782632476,144.15662476422216,
bncfly,XC313640.ogg,2646.533203125,656.3263535499573,-1.0007368330553044,0.5518893048911351,2648.583984375,2646.4143497877017,2646.294730088655,
bncfly,XC313886.ogg,,
bncfly,XC317096.ogg,,
bncfly,XC317719.ogg,2286.18017578125,101387.68326044083,-1.0141315243914468,-0.401162635865985,2497.8515625,2261.8709492254375,2234.891227667081,
bncfly,XC317720.ogg,2619.3603515625,720.9951143998367,-0.8626707035430307,1.072631697236825,2616.2841796875,2619.2318053832832,2619.1025002554256,
bncfly,XC318495.ogg,2697.03369140625,2815.192937850952,0.4900076223668469,-1.2094117647058824,2637.8173828125,2696.5796710345167,2696.128352028143,
bncfly,XC319087.ogg,55.62744140625,343.8951373100281,-1.0480877914669628,0.07650549173084142,53.8330078125,51.936625947177866,46.940892625432525,
bncfly,XC319088.ogg,2034.8876953125,1445024.1830348969,-1.1457778855480996,-0.6736744085093305,21.533203125,808.0141882718576,84.12326942994103,
bncfly,XC319445.ogg,2459.4662873641305,23455.20516063856,1.112671771259594,1.0807352825584502,2508.6181640625,2454.9860784998955,2450.6798517065336,
bncfly,XC32317.ogg,6978.9111328125,1008.5014700889587,-1.3933319214743294,0.10879904875148627,6987.5244140625,6978.853110230122,6978.794867569462,
bncfly,XC32318.ogg,2656.1839384191176,46393.45420634045,-0.266302983411376,-1.1084975036833054,2519.384765625,2647.8115506670815,2639.299140598483,
bncfly,XC323276.ogg,2533.740234375,91839.32161331177,-0.7063036057059098,-1.5000000000000002,2142.5537109375,2517.760483120908,2501.0103219206007,
bncfly,XC323907.ogg,899.01123046875,1780839.7166132927,0.7075831158284146,-1.4985356377315064,32.2998046875,153.9209547119808,54.983955571916184,
bncfly,XC325901.ogg,,
bncfly,XC328130.ogg,2333.36181640625,8698.145238792195,-0.4238609159383598,-1.7287373447769914,2400.9521484375,2331.581126107049,2329.7817482024825,
bncfly,XC329234.ogg,,
bncfly,XC329549.ogg,,
bncfly,XC331350.ogg,2421.1395263671875,1718.2292380640583,0.2517633417314936,-0.7011524330391765,2444.0185546875,2420.796661356551,2420.4546920567964,
bncfly,XC335639.ogg,2429.336825284091,3980.4118329828434,-0.7282127331803436,-0.6364506779638992,2368.65234375,2428.5447048056476,2427.742484043597,
bncfly,XC337550.ogg,2670.1171875,289.7992730140686,0.0,-1.3,2648.583984375,2670.0737729369453,2670.0303580915356,
bncfly,XC341481.ogg,,
bncfly,XC344805.ogg,,
bncfly,XC344853.ogg,81.826171875,498.454749584198,0.9704949588309458,-0.5173066522444567,64.599609375,79.6627481071002,77.78217235144645,
bncfly,XC345736.ogg,2719.464111328125,136.11784035509282,0.001036412037293547,-1.187013527575442,2713.18359375,2719.4411700958526,2719.4182288071415,
bncfly,XC349738.ogg,2392.578125,341.31914377212524,0.1101476220343261,-1.0330188679245285,2368.65234375,2392.514753115775,2392.4514135693676,
bncfly,XC368501.ogg,2595.5485026041665,34543.41283211341,0.4541981823328234,-0.22707555690555647,2465.5517578125,2589.2422096350215,2583.0336641586223,
bncfly,XC369873.ogg,,
bncfly,XC373237.ogg,2323.6859489889707,61455.34524584517,-0.09338379650094866,-1.4686314543053847,2045.654296875,2311.0894122175027,2298.408501798207,
bncfly,XC374022.ogg,,
bncfly,XC374443.ogg,2398.9583333333335,1391.358509659767,-0.15517674294553074,-0.7713076898069016,2390.185546875,2398.6714036921744,2398.383964957441,
bncfly,XC377334.ogg,2602.2407863451085,4420.068911884142,-0.27287549567019453,-1.6264876963056947,2648.583984375,2601.424513328623,2600.604611807615,
bncfly,XC378047.ogg,2394.03076171875,3720.258359725659,-0.9556843494672973,0.021293080184203728,2336.3525390625,2393.297416565692,2392.552076224182,
bncfly,XC378410.ogg,21.85946377840909,90.45250036499716,0.21772906696613095,0.19099938731265897,21.533203125,0.0,0.0,
bncfly,XC378411.ogg,2902.898538523707,13665.391926107739,-1.4687605229538157,2.7133194931374405,2853.1494140625,2900.5277423935345,2898.051738308326,
bncfly,XC380720.ogg,43.06640625,77.27980613708496,0.0,-1.0000000000000002,43.06640625,42.37712133926049,41.67716733870968,
bncfly,XC383462.ogg,9169.876846729085,995425.3315175284,-5.769963924774269,33.599445403872345,9302.34375,9066.550306785004,8856.443807473785,
bncfly,XC383464.ogg,52.13301809210526,31.962956613754752,-1.6447858190954499,4.086376917458002,53.8330078125,51.77755502243742,51.35533799686191,
bncfly,XC384630.ogg,2953.27880859375,1134.7251534461975,1.19864493903902,-0.07635786905036435,2939.2822265625,2953.1073779775675,2952.9374140424643,
bncfly,XC384631.ogg,2771.5717022235576,19139.690267014827,0.025908374464170592,-1.685311816879559,2713.18359375,2768.1847454861804,2764.8021536396664,
bncfly,XC384632.ogg,,
bncfly,XC384639.ogg,2768.5546875,2904.361944932204,0.2102838516044778,-0.03539242843951973,2767.0166015625,2768.0686978216804,2767.583740330834,
bncfly,XC385423.ogg,68.1884765625,54.5504513908835,-0.5,-0.75,64.599609375,67.79319535712197,67.38038726200331,
bncfly,XC387807.ogg,3473.3056640625,155946.7847943306,-1.498606440142818,0.2481422655070724,3649.8779296875,3453.2201698689328,3430.927428104945,
bncfly,XC404304.ogg,81.005859375,888.1657719612122,0.14779606988786387,-1.171177238351241,53.8330078125,75.46175898219832,69.78881256889854,
bncfly,XC404568.ogg,,
bncfly,XC415273.ogg,127.5244140625,1501.4529607512734,1.1099303871124648,2.0465784026887315,129.19921875,122.23273711776504,117.17650704459874,
bncfly,XC415390.ogg,2539.651309742647,722.7934809292063,-0.08590382037355425,-1.0768595363118574,2540.91796875,2539.5172898813225,2539.3831852710814,
bncfly,XC415585.ogg,2682.67822265625,2755.025088787079,-0.6891274353368565,-0.7488772918883724,2594.7509765625,2682.246685963046,2681.8115318827195,
bncfly,XC415586.ogg,2459.6790660511365,1005.34002347426,0.04805523344156304,-1.2161900241287933,2444.0185546875,2459.493335687768,2459.3076705148737,
bncfly,XC415587.ogg,2563.2486979166665,5545.651729290301,-1.0502128276812956,-0.17390785963211464,2583.984375,2562.1851830113255,2561.099694164816,
bncfly,XC415588.ogg,2631.1917818509614,3874.393357680394,1.035781085848479,-0.28942812636421644,2583.984375,2630.52246329651,2629.8634043602415,
bncfly,XC418818.ogg,2.1533203125,23.18394184112549,1.5,0.25,0.0,0.0,0.0,
bncfly,XC419236.ogg,,
bncfly,XC419589.ogg,2446.710205078125,2917591.440975666,-0.5163602987392862,-1.7332881699481575,387.59765625,1577.9277944669086,872.3335509125056,
bncfly,XC427608.ogg,2327.63671875,45459.29396152496,-0.16816526929672737,-1.6210799907490998,2121.0205078125,2318.2087218874976,2308.6938405869946,
bncfly,XC427609.ogg,2320.80078125,4966.398450461301,0.6030135759814261,0.2879620527642297,2314.8193359375,2319.7659174943465,2318.742019948284,
bncfly,XC427610.ogg,2439.1246448863635,263.45388455824417,0.2762565763923337,-1.4503999999999908,2422.4853515625,2439.0756050183218,2439.0266224278485,
bncfly,XC427611.ogg,1923.99169921875,707892.0927643776,-1.8302413285705246,1.391001110470767,21.533203125,1083.4093767301258,128.23529003410945,
bncfly,XC427612.ogg,2954.7592163085938,1138114.194944501,0.8530611142300145,-1.109678809827456,2314.8193359375,2793.945853548844,2664.015460362087,
bncfly,XC427613.ogg,2394.3265474759614,2201.663847569819,0.3126865298176483,-0.6772090613571065,2422.4853515625,2393.8743632038713,2393.423885398124,
bncfly,XC428559.ogg,4.6142578125,33.119916915893555,0.28867513459481287,-1.9166666666666667,0.0,0.0,0.0,
bncfly,XC430796.ogg,2311.3740234375,771636.1594855785,-2.1131116250252053,2.8815966175867542,2820.849609375,1578.3400757093802,291.2228015529326,
bncfly,XC437001.ogg,,
bncfly,XC438057.ogg,1609.0087890625,667729.7249436378,-0.21934363684017325,-1.9458446300366667,742.8955078125,1395.3920038530434,1196.3816439462378,
bncfly,XC441500.ogg,2035.5210248161766,8961.61634255858,0.12327707043084063,-1.185835952888925,1970.2880859375,2033.4540774724783,2031.3933292277588,
bncfly,XC441501.ogg,2476.318359375,3871.7182874679565,2.5950215006728006,5.280271791745848,2465.5517578125,2475.6356332856108,2474.9797961383715,
bncfly,XC441502.ogg,2437.2185958059213,23212.413348649672,0.20135348873026568,-1.6196413079266456,2250.2197265625,2432.736748870873,2428.2936311421972,
bncfly,XC441505.ogg,2601.9287109375,19651.150703430176,0.38042311555902414,-0.8075519189496276,2497.8515625,2598.442976766951,2594.997777391413,
bncfly,XC441506.ogg,2766.298828125,551172.8253364563,-1.0534612948012563,-0.8867010253126537,3219.2138671875,2648.972541513816,2510.375772423995,
bncfly,XC441507.ogg,2304.9140625,6471.410965919495,-0.552529891690333,-0.9017208667986347,2368.65234375,2303.5481024280693,2302.1641508903945,
bncfly,XC441508.ogg,2405.7373046875,38024.695200078626,2.0482603839296334,4.347573029767681,2228.6865234375,2398.9432613683334,2392.74077970515,
bncfly,XC441509.ogg,1374.5361328125,12364.768981933594,0.20475160732732967,-1.2731156249999998,1507.32421875,1370.8131552157602,1367.1226436982834,
bncfly,XC441510.ogg,1833.013916015625,1846.4353680610657,0.9711419643990865,-0.7826017012206159,1798.0224609375,1832.5792918976251,1832.1507760100255,
bncfly,XC441511.ogg,2014.5733527417453,202951.604376597,-1.457359892386115,0.5881740884038078,2196.38671875,1948.6705968494227,1863.840161509154,
bncfly,XC441512.ogg,2737.163751775568,9052.024564959785,-0.41470330180993625,-1.4274590690711824,2637.8173828125,2735.5695502209805,2733.960382598161,
bncfly,XC441513.ogg,2359.353915127841,5567.40785186941,1.2438509654946923,1.3014696012406084,2293.2861328125,2358.2546084139794,2357.1813814783595,
bncfly,XC441514.ogg,2136.09375,66865.8002614975,1.1389134121129256,-0.2534727014467357,1927.2216796875,2122.588456394205,2110.1693835930555,
bncfly,XC441515.ogg,2403.994883661685,89380.08778250735,-0.8247215684394874,0.8451901627125147,2379.4189453125,2384.033837827761,2362.0278711101846,
bncfly,XC441516.ogg,3350.4318237304688,231193.64903122187,-0.39715321974233614,-1.669301137233932,2670.1171875,3316.601951363969,3281.6830764312335,
bncfly,XC441517.ogg,2364.80712890625,1170.024757201855,0.9066955422053065,-0.3648756330067635,2347.119140625,2364.579304904321,2364.3533666681633,
bncfly,XC441518.ogg,2455.86181640625,326518.7729001045,2.656698626982953,5.080620630782947,2293.2861328125,2412.0662458027896,2380.3776687699615,
bncfly,XC441519.ogg,2248.06640625,1793.9574307408825,0.8500147374570528,1.001558523263462,2217.919921875,2247.684528803823,2247.3063811117245,
bncfly,XC441520.ogg,1985.6689453125,16030.03978729248,0.7263915494708976,-0.3963110870159139,1862.6220703125,1982.296233201373,1979.0106277062828,
bncfly,XC441521.ogg,2461.2451171875,10901.604652404785,0.5422351442426235,-1.1050216908887547,2411.71875,2459.2787157913335,2457.3400052917136,
bncfly,XC441611.ogg,1985.6689453125,16030.03978729248,0.7263915494708976,-0.3963110870159139,1862.6220703125,1982.296233201373,1979.0106277062828,
bncfly,XC441612.ogg,2248.06640625,1793.9574307408825,0.8500147374570528,1.001558523263462,2217.919921875,2247.684528803823,2247.3063811117245,
bncfly,XC441613.ogg,2461.2451171875,10901.604652404785,0.5422351442426235,-1.1050216908887547,2411.71875,2459.2787157913335,2457.3400052917136,
bncfly,XC443817.ogg,2926.9775390625,9408.509731292725,0.7161098695398632,-0.7156638998859397,2842.3828125,2925.4504023916625,2923.9461381288756,
bncfly,XC444447.ogg,1999.896240234375,1307435.7201871665,-1.1486996607355207,-0.67104686958784,64.599609375,1036.5107735504357,231.51064562798564,
bncfly,XC453254.ogg,4329.7119140625,1408722.5461006165,-0.6773883230701054,-0.8195575980596073,4834.2041015625,4140.267388393542,3920.799693361074,
bncfly,XC453998.ogg,,
bncfly,XC454931.ogg,,
bncfly,XC459340.ogg,,
bncfly,XC461235.ogg,,
bncfly,XC469645.ogg,,
bncfly,XC471118.ogg,2336.6558236135565,4020.664618048869,0.022032606749341155,-1.215841130171686,2271.7529296875,2335.8075344734766,2334.959402805063,
bncfly,XC472279.ogg,2219.2657470703125,504586.86138437665,-1.6737522260191766,0.97811244805572,2562.451171875,2020.382321965962,1707.610805752095,
bncfly,XC472529.ogg,,
bncfly,XC472532.ogg,,
bncfly,XC48295.ogg,,
bncfly,XC484766.ogg,2487.0849609375,0.0,0.0,-3.0,2487.0849609375,2487.0849609375,2487.0849609375,
bncfly,XC493179.ogg,,
bncfly,XC493207.ogg,,
bncfly,XC493219.ogg,,
bncfly,XC497676.ogg,2370.5678740893404,3725.0587399020515,0.5432192869304835,0.17296467237342128,2347.119140625,2369.7935951399754,2369.0257553320853,
bncfly,XC500057.ogg,2309.43603515625,19507.631063461304,0.01930794886135576,-1.9100659804393505,2185.6201171875,2305.7397122973757,2302.0509417016283,
bncfly,XC500059.ogg,3393.1358924278848,1792250.9716795038,0.5146452695264221,-1.6824664382394066,2357.8857421875,3169.8059754522537,2983.303571324551,
bncfly,XC503050.ogg,2680.8837890625,15007.7383518219,0.18256536590939287,-1.6050246011787777,2540.91796875,2678.271559375928,2675.6739981080887,
bncfly,XC503051.ogg,2524.76806640625,32592.758238315582,-0.27187330826779144,-1.2131317429435575,2293.2861328125,2518.870087164175,2512.8937890714574,
bncfly,XC503052.ogg,2482.629815463362,3109.2749587420763,-0.3819011466605277,-0.7799779917886664,2433.251953125,2482.021546954058,2481.4096592038127,
bncfly,XC503053.ogg,2350.564453125,10352.789229154587,0.6678799624534129,0.07135739905827299,2314.8193359375,2348.485639920606,2346.441312025001,
bncfly,XC503054.ogg,2625.435791015625,9996.854711520044,-0.24701977542260287,-1.0886529444940503,2594.7509765625,2623.6142990338353,2621.780717024647,
bncfly,XC503056.ogg,2577.7798927436443,21949.610349589937,0.4543179225365405,-0.0771381367683408,2540.91796875,2573.6510279613854,2569.5763688671655,
bncfly,XC503057.ogg,2377.880859375,8517.338633537292,1.9144529351198178,1.887390800508558,2325.5859375,2376.412078540909,2375.0074870179405,
bncfly,XC503058.ogg,2327.7392578125,353548.2437610626,0.007214680992549531,2.1668909119133453,2088.720703125,2235.4758480424593,2102.9593780572236,
bncfly,XC503059.ogg,2424.638671875,9427.322877080816,0.0707350688260708,-1.3589628707648027,2347.119140625,2422.793592910318,2420.9514787502835,
bncfly,XC503466.ogg,2616.349431818182,7047.772670400116,-2.035910141559034,10.606268146967533,2616.2841796875,2614.942195429058,2613.4559909280742,
bncfly,XC506231.ogg,2206.3251201923076,169167.8734742678,-4.684043673309235,20.347938582453295,2250.2197265625,2083.215839461306,1642.6901284831936,
bncfly,XC51007.ogg,2376.3427734375,3514.023184776306,-0.041083645849904094,-0.48319565860457425,2379.4189453125,2375.6377176465066,2374.9317770988723,
bncfly,XC51008.ogg,2467.08984375,209.75947380065918,0.6158001277578237,-1.2832409972299168,2454.78515625,2467.053485957094,2467.0172092354906,
bncfly,XC51009.ogg,2468.243408203125,1198.9103257656097,-0.15520774001193902,-0.9443427007852119,2433.251953125,2468.0088463800093,2467.7739258416755,
bncfly,XC51010.ogg,2554.7607421875,2878.885085766132,-0.4276633666230227,-1.1498096953559405,2583.984375,2554.2343867952527,2553.7049363166834,
bncfly,XC511139.ogg,7089.80712890625,38.63990306854248,0.0,-2.0,7084.423828125,7089.805085131936,7089.8030413582,
bncfly,XC511231.ogg,,
bncfly,XC533285.ogg,1688.56201171875,933961.2330794334,-0.7048644842318151,-1.499631225737414,2325.5859375,1331.1529029583944,957.8971498339133,
bncfly,XC533287.ogg,2058.0159505208335,19507.53670472365,2.3569139529027567,3.767322419364584,2002.587890625,2053.8741239866067,2050.120137740872,
bncfly,XC539674.ogg,31.103515625,70.83982229232788,0.17816579452322398,-1.146694214876033,32.2998046875,30.07924794020979,29.06982421875,
bncfly,XC543056.ogg,2548.992919921875,14299.524128437042,0.0432218435633443,-1.9009498315020574,2680.8837890625,2546.5402952419436,2544.092675071277,
bncfly,XC543057.ogg,2360.0390625,81.14379644393921,-0.3436215967445456,-1.153061224489796,2357.8857421875,2360.0252986778664,2360.01152404402,
bncfly,XC5544.ogg,2502.935791015625,5911.813169717789,-0.32043487191600467,-1.1738745421146624,2583.984375,2501.7794753743037,2500.6153617050118,
bncfly,XC556774.ogg,2654.736328125,1037.757396697998,0.4073565294399756,-1.2156235853327295,2616.2841796875,2654.569293811597,2654.4027646632744,
bncfly,XC557610.ogg,2577.06298828125,8631.418347358704,-0.690166491938449,-0.7778089770756047,2616.2841796875,2575.420040308122,2573.749303200696,
bncfly,XC559538.ogg,2443.42041015625,2938.526746104745,-0.8741186476659354,0.2963189490015372,2444.0185546875,2442.844986175557,2442.2619295252707,
bncfly,XC562136.ogg,,
bncfly,XC565168.ogg,2376.934344951923,4118.121977035816,-1.1312642783728875,2.260814727885503,2347.119140625,2376.1177310684934,2375.283312126833,
bncfly,XC568551.ogg,2333.039738581731,4876.058537226457,-1.693832789480795,1.261869179089473,2336.3525390625,2332.0422204413,2331.0110369438153,
bncfly,XC56969.ogg,,
bncfly,XC56971.ogg,0.0,0.0,0.0,-3.0,0.0,0.0,0.0,
bncfly,XC571149.ogg,,
bncfly,XC573076.ogg,2267.7154541015625,18843.16273033619,0.5185892336722392,-1.7191749254497777,2164.0869140625,2264.146933012799,2260.65195387489,
bncfly,XC573251.ogg,2898.9942981350805,5772.55222874303,0.5568336163546398,-0.37712477673642786,2906.982421875,2898.039358548719,2897.0929463332136,
bncfly,XC577369.ogg,2451.3851768092104,3710.1085876163684,0.9268892212043366,-0.86016266956277,2411.71875,2450.678647143161,2449.9825696773155,
bncfly,XC583841.ogg,2365.456008911133,11079.273456707597,1.2934703096734568,1.2272723750611743,2304.052734375,2363.2307226505877,2361.082239829122,
bncfly,XC583842.ogg,2449.40185546875,12169.251072406769,-0.47386329371993674,-0.9370517226679835,2454.78515625,2446.9761492530374,2444.51427216089,
bncfly,XC583843.ogg,2570.684455422794,18757.684121237085,-1.231693803334988,0.022450751174692307,2670.1171875,2567.092368105011,2563.339027866066,
bncfly,XC583844.ogg,2609.432705965909,21010.97420128909,-0.02242898922523727,-1.132871984403532,2594.7509765625,2605.7628356467335,2602.0864304111874,
bncfly,XC583845.ogg,2490.673828125,38171.67836077073,0.7296800651679382,-1.3261427389279667,2379.4189453125,2483.6820584220995,2476.9516415118374,
bncfly,XC583846.ogg,2363.7584339488635,4111.988230185076,1.602339875262322,0.6654090044638092,2336.3525390625,2362.988751673348,2362.2398219113584,
bncfly,XC583847.ogg,2707.80029296875,34.77591276168823,0.0,-2.0,2702.4169921875,2707.7949417698446,2707.789590581511,
bncfly,XC583848.ogg,2482.1910511363635,3805.7795437899504,1.620417137560887,1.9546509473642173,2465.5517578125,2481.4775586769847,2480.7818642972115,
bncfly,XC583849.ogg,2603.21044921875,23204.960249937496,0.4530998031420042,-0.827931142529716,2551.6845703125,2599.131953480699,2595.1163363759683,
bncfly,XC586389.ogg,2349.42626953125,1162.2079935940828,-0.2398561868389877,-0.29686515074230213,2347.119140625,2349.182733196508,2348.9385767941335,
bncfly,XC589729.ogg,6.625600961538462,68.36290542895978,0.7479321373786376,-0.8086011342155008,0.0,0.0,0.0,
bncfly,XC591269.ogg,2388.329236260776,196409.958323528,1.9740973911146955,2.14344575667044,2099.4873046875,2355.8595589055803,2329.5559931300636,
bncfly,XC599243.ogg,2246.630859375,38.63990306854248,-0.7071067811865475,-1.5,2250.2197265625,2246.6251202402163,2246.6193749999998,
bncfly,XC613656.ogg,2216.4649757179054,3826.3947254902605,2.3320186524388062,9.766685244091775,2228.6865234375,2215.6575108786506,2214.8797294508504,
bncfly,XC78176.ogg,,
bncfly,XC78177.ogg,936.6943359375,989693.4972703457,0.5005980354309693,-1.5009545235193875,0.0,0.0,0.0,
bncfly,XC78178.ogg,2223.30322265625,167.0607573845807,-0.4198250728862974,-0.747188671386922,2228.6865234375,2223.2676824002247,2223.232085174482,
bncfly,XC82289.ogg,2908.5205078125,1049.646597642165,0.8071568722826431,0.0008719012159486006,2885.44921875,2908.353897240969,2908.188226168173,
bncfly,XC82298.ogg,2446.359120244565,4689.02096446795,-0.309929013557372,-1.6026403212320501,2347.119140625,2445.436923630277,2444.509614550146,
bncfly,XC82299.ogg,2481.163330078125,457.2727476295672,0.5513411208290738,0.07298350111993734,2476.318359375,2481.076051070982,2480.98903276555,
bncfly,XC82300.ogg,2274.98291015625,1959.8425318454874,0.15686152992655863,-1.029374474222723,2228.6865234375,2274.5672516695104,2274.152354887938,
