#filename,mean,variance,skewness,kurtosis,mode,gmean,hmean
botgra,XC109023.ogg,3511.926006070144,173846.91871047803,0.7535020263477538,-0.21437358006877627,3036.181640625,3488.47220563107,3466.132211241497,
botgra,XC109024.ogg,3417.4282116836375,263351.93711986905,0.8706514190527048,-0.6210105028774984,3133.0810546875,3381.758526480332,3348.819164060845,
botgra,XC109025.ogg,3092.38330078125,23587.48437166214,-2.1954482539292406,4.537675364428303,3154.6142578125,3088.3408079570245,3083.9644524791975,
botgra,XC113924.ogg,3203.06396484375,33241.99847010679,1.043428015363973,1.1194734071371073,3251.513671875,3198.1647003125095,3193.427196444532,
botgra,XC129853.ogg,,
botgra,XC130516.ogg,3115.13671875,36495.38844823837,0.020998814573968322,-1.356707969938803,2971.58203125,3109.551146746388,3103.9674062100385,
botgra,XC130517.ogg,2728.564453125,414948.39906692505,2.0343975060566204,2.151380983320059,2465.5517578125,2677.5390653452646,2638.294356613663,
botgra,XC130519.ogg,3448.388671875,233800.11749267578,0.793088626435945,-1.1056953562663887,3079.248046875,3418.074579119048,3389.9012485691555,
botgra,XC130521.ogg,3095.1416015625,6023.408889770508,0.34621628515462727,-1.4746477636205613,3014.6484375,3094.219847681165,3093.303314432094,
botgra,XC130523.ogg,2996.1298828125,20851.25089287758,2.1082875153789624,4.2011072433912116,2853.1494140625,2992.988594616882,2990.0322690305957,
botgra,XC130524.ogg,3877.2188626802886,5956.668011041787,-0.5525662398654096,-0.18984020266468704,3951.3427734375,3876.474599619022,3875.7246364310527,
botgra,XC134012.ogg,3697.007204451651,1228527.0045224053,-0.5029316513208759,-1.5058605021011333,2217.919921875,3507.86316253127,3302.8351797111945,
botgra,XC137832.ogg,3653.75390625,4017.3907220363617,0.2896288105275287,-1.5087668729102048,3606.8115234375,3653.2277917203123,3652.7034106176284,
botgra,XC137833.ogg,3758.441162109375,473.3388125896454,0.71074526866542,-0.7246773899305041,3736.0107421875,3758.38358954001,3758.3261671938694,
botgra,XC137990.ogg,3231.88847409019,46735.734054501365,-0.5205629395633021,-0.9784699791439606,3359.1796875,3224.559355651704,3217.047299828946,
botgra,XC139432.ogg,3081.04248046875,158.42360258102417,0.48756686638394087,-1.0101130279595474,3068.4814453125,3081.0210817048032,3080.999708765987,
botgra,XC141449.ogg,2949.1875,74535.60022115707,1.0447458153681772,-0.5212808261774153,2831.6162109375,2937.7355062789384,2926.967199573211,
botgra,XC143806.ogg,3020.109757133152,117104.8968207196,-2.751894195995841,8.558296680259792,3057.71484375,2995.016522809082,2961.421094950539,
botgra,XC143807.ogg,1798.0224609375,115.91970920562744,0.0,-1.5,1787.255859375,1798.0009704579609,1797.9794799784258,
botgra,XC153450.ogg,2596.821476862981,1632.3278436293972,-1.2786047547786017,1.1843238312610245,2605.517578125,2596.5152084907204,2596.204813823313,
botgra,XC153451.ogg,3515.2206420898438,476031.17055591795,0.6058759325708771,-0.5701051224480933,2745.4833984375,3451.2144797056067,3390.8545285027403,
botgra,XC158834.ogg,,
botgra,XC158835.ogg,4698.2757568359375,14851.246744394302,-0.42289930036798984,-0.5340007201560728,4640.4052734375,4696.782609347743,4695.278035998648,
botgra,XC163058.ogg,1878.4553079044117,259516.95368570444,0.3822435712744188,-0.6666936059240611,1765.72265625,1813.684390944397,1749.3513840265946,
botgra,XC163059.ogg,2699.6083135190215,29983.342966072178,1.9596333266610368,2.47669970013967,2616.2841796875,2694.686019157351,2690.1289433131133,
botgra,XC163208.ogg,3131.3445060483873,33872.48689897599,0.4477274326865649,-0.6681233141260172,2885.44921875,3126.185350003676,3121.1031057707614,
botgra,XC164233.ogg,1899.4769756610576,84344.785460142,0.982191638601402,-0.633418495372553,1647.2900390625,1879.848322347457,1861.9809060167258,
botgra,XC166080.ogg,3572.589111328125,352808.5349500179,0.09313189179939535,-1.6534793659957951,2950.048828125,3524.925269135876,3477.949094530328,
botgra,XC166082.ogg,3442.376154119318,8348.326693881641,0.42497650796786324,0.33839946420289424,3413.0126953125,3441.2807133933643,3440.191876549362,
botgra,XC169153.ogg,2667.724609375,920.9176898002625,0.20408983321152074,-1.3605922049977992,2648.583984375,2667.571397825366,2667.4184077162513,
botgra,XC169154.ogg,2497.8515625,9015.977382659912,-0.19465151637731554,-1.547183673469388,2347.119140625,2496.2186577935563,2494.5782139098123,
botgra,XC169155.ogg,3702.3651123046875,894.5137560367584,0.11382602453428861,-0.6320596728071695,3703.7109375,3702.2519202333983,3702.138789381612,
botgra,XC173328.ogg,3601.0693359375,7913.4521484375,0.9594424112282144,-0.9310234614780972,3531.4453125,3600.0590309362874,3599.0640539371066,
botgra,XC173334.ogg,4187.490234375,8635.46633720398,-0.029254527523564586,-1.2548011002410382,4048.2421875,4186.527193233581,4185.563640219624,
botgra,XC173339.ogg,2593.484317555147,128263.45353442078,-0.6430130058376133,-0.18500753258216207,2465.5517578125,2568.2852988331806,2540.9948016244603,
botgra,XC173340.ogg,2620.5908203125,28277.08780138116,1.1187057887573908,-0.681929575757656,2519.384765625,2615.687561732807,2611.007921702711,
botgra,XC173342.ogg,2878.1880223473836,124744.62660246118,0.8083838731752696,-0.6692625855905989,2637.8173828125,2858.1512570402074,2839.2749019778103,
botgra,XC173346.ogg,3693.9231178977275,446445.6595988436,0.4591777800006383,-1.6346499868501234,3025.4150390625,3637.7884543251994,3585.043800269013,
botgra,XC173349.ogg,3190.5029296875,350822.2181146795,-0.7396891388428873,0.13431164655898886,3251.513671875,3133.0553005551424,3067.7482272955926,
botgra,XC173354.ogg,2910.3469848632812,113102.37727314234,-1.6056154482373177,1.6313965332115634,2853.1494140625,2889.354994957833,2865.2156910157782,
botgra,XC177189.ogg,2877.581317608173,24774.89526546919,-3.70588166229967,14.653300844671584,2885.44921875,2872.7663126017933,2867.1370837099466,
botgra,XC177582.ogg,3520.140380859375,3117.325022032386,0.28717290784088206,-0.9083253669962978,3456.0791015625,3519.720901420788,3519.3026082135784,
botgra,XC177624.ogg,,
botgra,XC177625.ogg,3512.98828125,5055.755317211151,-0.014615012729823778,-1.425818563603224,3456.0791015625,3512.302690677047,3511.6169476251375,
botgra,XC177956.ogg,3620.7682291666665,711870.1998545573,-0.4736246817120416,-1.698288712369948,4382.0068359375,3516.8479319957637,3407.503777611073,
botgra,XC178981.ogg,,
botgra,XC181517.ogg,2672.8857421875,59366.86660261715,1.4485856780981432,1.3530629294540324,2530.1513671875,2662.89268670835,2653.642876147132,
botgra,XC192064.ogg,3049.858134501689,247067.71750707884,-1.1373824653242144,0.7579038539642382,3111.5478515625,3003.5289834249693,2949.348604758917,
botgra,XC192066.ogg,3309.8617061491937,2818.967896123086,0.28958697675710565,-0.5748771354199977,3283.8134765625,3309.4507571236454,3309.0409709938244,
botgra,XC192067.ogg,2583.984375,231.83941841125488,0.816496580927726,-1.0000000000000002,2573.2177734375,2583.9508221766832,2583.917362377787,
botgra,XC197271.ogg,3018.9050009084303,51001.807755335816,-0.3776720136618606,1.6228306467906446,2885.44921875,3010.25107292434,3001.2370363750942,
botgra,XC254941.ogg,83.9794921875,582.9105377197266,-0.13533070173011866,-1.1430139462809918,86.1328125,80.45283781092459,76.71321229137035,
botgra,XC254943.ogg,,
botgra,XC297868.ogg,,
botgra,XC316267.ogg,1057.9356317934783,1731863.8227461828,0.5302601275843661,-1.585176472920833,21.533203125,190.41193504173495,52.169423181308986,
botgra,XC317042.ogg,3173.825252757353,1234.840384651633,-0.08473195287934922,-0.7398305489384849,3165.380859375,3173.634393780773,3173.4433990933567,
botgra,XC317157.ogg,2893.1396484375,327917.7496983455,-1.3615677576067988,-0.09627973581295723,3111.5478515625,2828.2329190978203,2750.651510642295,
botgra,XC317165.ogg,3208.9599609375,11481.571197509766,0.506449411658114,-0.6318453425480772,3111.5478515625,3207.2732697937718,3205.6038375159446,
botgra,XC330661.ogg,2978.16162109375,2115.7241042922524,-1.577333013094742,3.9893427929556173,2971.58203125,2977.8205992614903,2977.4738448039925,
botgra,XC350022.ogg,3794.694636418269,13805.42875253237,1.264697802876538,2.632768541173527,3768.310546875,3792.9380723270774,3791.2214959118064,
botgra,XC357043.ogg,3264.711441532258,12239.674594527132,0.0124321278100146,-1.1863543840188806,3165.380859375,3262.8662710123613,3261.0209367392386,
botgra,XC357411.ogg,3543.826904296875,460745.4737195602,-1.1539853593099925,-0.43475952718464184,3962.109375,3467.971637740332,3379.358425015389,
botgra,XC371593.ogg,,
botgra,XC383675.ogg,171.39265730574326,6539.020353072398,0.4019324574875136,-0.6578947115597917,64.599609375,151.5299690303906,131.40181697552623,
botgra,XC383676.ogg,2487.0849609375,57.95985460281372,0.0,-0.5,2487.0849609375,2487.07563913467,2487.0663172619584,
botgra,XC387122.ogg,3743.572019620706,78248.82593052708,-0.5915909923264937,2.5129839090822594,3843.6767578125,3732.7301264661446,3721.290827954017,
botgra,XC387123.ogg,2606.59423828125,2329.3760513004504,0.41089471616881657,-1.4127302477498302,2562.451171875,2606.171779871924,2605.7514078359864,
botgra,XC387127.ogg,,
botgra,XC413130.ogg,2652.9885031960225,415.7553206790577,-0.13592233980586008,-0.5887664446548024,2648.583984375,2652.913653871452,2652.8387498069196,
botgra,XC413137.ogg,3953.0556418678975,62024.82550485694,-2.5308297471675547,5.994987604174277,4102.0751953125,3944.431182698301,3934.7113194884782,
botgra,XC416742.ogg,3445.780613111413,5274.117678521651,-0.7247262528452126,-0.31473935244136886,3445.3125,3445.040946423062,3444.293602993884,
botgra,XC448729.ogg,874.40185546875,2866037.742610161,1.3921428284094606,-0.06114303697718659,21.533203125,0.0,0.0,
botgra,XC451475.ogg,2653.96728515625,2393.1810932774697,-0.3647585888296532,-1.19453125,2702.4169921875,2653.528484147281,2653.0877108694217,
botgra,XC451863.ogg,3602.9983520507812,85408.11053378151,-0.1093617954432694,-1.2322397946694286,3369.9462890625,3591.27589896392,3579.4627677539866,
botgra,XC455267.ogg,2487.553074048913,542.4859118555846,0.466277321997305,-0.031346300903941415,2476.318359375,2487.449061030084,2487.3453322068544,
botgra,XC460776.ogg,2985.040283203125,179547.029591125,0.9868554141640647,-0.8122628066999455,2637.8173828125,2958.4495959340056,2934.161364484881,
botgra,XC460873.ogg,,
botgra,XC469904.ogg,3915.0054931640625,9150.727044629015,-0.6872621797817338,-1.303427720619384,3962.109375,3913.8728472102375,3912.7277980628046,
botgra,XC496489.ogg,,
botgra,XC502113.ogg,1431.9580078125,12896.067649126053,1.1490983410914757,-0.4444363085469005,1356.591796875,1428.1637037490525,1424.5772040464033,
botgra,XC502114.ogg,8394.3603515625,38.63990306854248,-0.7071067811865475,-1.5,8397.94921875,8394.358816765254,8394.357281530689,
botgra,XC527916.ogg,3420.1904296875,292022.2039082471,0.3395828591213867,-1.625491945962808,3014.6484375,3380.865741697193,3343.000717116478,
botgra,XC570944.ogg,2888.762019230769,22767.076733020636,0.45224111772413106,-0.1490637474998988,2756.25,2884.9304768277066,2881.145224234108,
botgra,XC64532.ogg,3124.365234375,3144665.455341339,-1.2167239772431933,-0.49953987353359075,4155.908203125,1301.6222091821624,132.31243782292705,
