#filename,mean,variance,skewness,kurtosis,mode,gmean,hmean
brbsol1,XC11568.ogg,,
brbsol1,XC125641.ogg,3106.16455078125,38.63990306854248,0.0,-2.0,3100.78125,3106.159885872391,3106.155220970537,
brbsol1,XC125642.ogg,3107.2412109375,34.77591276168823,-0.40824829046386296,-1.8333333333333333,3111.5478515625,3107.236732107524,3107.232251213592,
brbsol1,XC125643.ogg,3325.341796875,76871.32716178894,-0.2884188932229102,-1.9151142992971468,3025.4150390625,3315.26955111112,3305.075983655069,
brbsol1,XC125645.ogg,4636.81640625,38.63990306854248,-0.7071067811865475,-1.5,4640.4052734375,4636.8136270540435,4636.810846424768,
brbsol1,XC125646.ogg,3957.802734375,498.454749584198,-1.2864700617061375,-0.030557057869117443,3962.109375,3957.7521378696247,3957.7013214718113,
brbsol1,XC125647.ogg,3981.25,341.31914377212524,1.779208059448585,2.3407796368814537,3972.8759765625,3981.2120930255296,3981.174381014178,
brbsol1,XC125648.ogg,2698.828125,38.63990306854248,-0.7071067811865475,-1.5,2702.4169921875,2698.823348330898,2698.8185674309257,
brbsol1,XC125649.ogg,2936.2060546875,24563.93837928772,0.9413352858706369,-1.10296684762025,2842.3828125,2932.726072807834,2929.353873144784,
brbsol1,XC125650.ogg,3989.02587890625,72449.81825351715,-1.1547005383792515,-0.6666666666666665,4123.6083984375,3981.8856165905677,3974.4185142682704,
brbsol1,XC125651.ogg,3604.658203125,81.14379644393921,0.3436215967445456,-1.153061224489796,3596.044921875,3604.6492033789846,3604.6402082279533,
brbsol1,XC135312.ogg,3371.74072265625,65.68783521652222,-0.2282688235636075,-0.8927335640138407,3369.9462890625,3371.7326024657445,3371.724479540782,
brbsol1,XC135317.ogg,,
brbsol1,XC138130.ogg,3432.1533203125,999627.1723508835,-1.3355874878786078,-0.21504909953133966,1668.8232421875,3252.665504009526,3023.2307154807722,
brbsol1,XC146285.ogg,0.0,0.0,0.0,-3.0,0.0,0.0,0.0,
brbsol1,XC150151.ogg,1507.32421875,2586045.064687729,0.1609506756483912,-1.8474070914118212,0.0,0.0,0.0,
brbsol1,XC154271.ogg,4126.300048828125,91402.69070863724,-0.12004338220895155,-1.7982043930732339,3897.509765625,4116.539180096974,4106.738106795145,
brbsol1,XC158398.ogg,4691.3671875,206907.84895420074,-1.054839784096117,-0.8571935385651646,3919.04296875,4669.262022174687,4645.675990879847,
brbsol1,XC158402.ogg,3122.314453125,77.27980613708496,0.0,-1.0000000000000002,3122.314453125,3122.305171530543,3122.295889908494,
brbsol1,XC163533.ogg,0.0,0.0,0.0,-3.0,0.0,0.0,0.0,
brbsol1,XC165769.ogg,3792.328350360577,666792.4596025393,0.9913416661074882,-0.5025326197544273,3208.447265625,3719.580499245157,3655.5243196493816,
brbsol1,XC168021.ogg,2181.851806640625,4332947.862855698,-0.025908347272112223,-1.7475851710165278,0.0,0.0,0.0,
brbsol1,XC169394.ogg,2853.1494140625,92.73576736450195,0.0,-1.5,2842.3828125,2853.135871103167,2853.122328143839,
brbsol1,XC169818.ogg,3034.6435546875,3764.6305561065674,-1.4954813519744135,0.7544031269080942,3057.71484375,3034.1016546372903,3033.5493951416806,
brbsol1,XC181951.ogg,2833.5161994485293,758047.9499235511,-0.3076467850610407,4.429083360885019,2670.1171875,2593.960452481031,2030.1274604690407,
brbsol1,XC200281.ogg,,
brbsol1,XC201018.ogg,2562.451171875,77.27980613708496,0.0,-1.0000000000000002,2562.451171875,2562.4398623447028,2562.4285527644943,
brbsol1,XC213528.ogg,3121.4862530048076,115078.54823882763,0.3049542935520655,-1.661981480783698,2713.18359375,3104.7561165179163,3088.411299438113,
brbsol1,XC233014.ogg,,
brbsol1,XC233068.ogg,3279.19921875,78008.44430923462,0.7951725947970585,-1.2172209765929407,3079.248046875,3269.3925319067207,3259.9948592318533,
brbsol1,XC245822.ogg,3689.35546875,38.63990306854248,-0.7071067811865475,-1.5,3692.9443359375,3689.35197536674,3689.348479719449,
brbsol1,XC247985.ogg,2570.526123046875,119967.23905205727,1.1539542008447992,-0.6672332260191545,2400.9521484375,2554.4052070297917,2539.676928392253,
brbsol1,XC252184.ogg,2652.890625,4903.403699398041,1.4778827833509567,0.2205539627449995,2616.2841796875,2652.1679507699287,2651.461789398158,
brbsol1,XC252187.ogg,3601.2650923295455,285648.77660775726,0.4954193444285414,0.2418109642821289,2939.2822265625,3563.6832145079056,3526.8718784790162,
brbsol1,XC252939.ogg,3218.3856670673076,185383.85187204066,0.630898969935517,-0.6479460285427576,2820.849609375,3192.8917243295814,3168.5740499668154,
brbsol1,XC252950.ogg,3970.342658547794,495057.2792835095,-0.7512060963934358,-0.9182341031575216,4543.505859375,3904.854470839056,3832.8571459504383,
brbsol1,XC253882.ogg,3759.2439350328946,980812.929021685,-3.0732065931519585,9.216564519703383,4209.7412109375,0.0,0.0,
brbsol1,XC277526.ogg,3248.822021484375,183.53953957557678,-0.6520236646847545,-0.9030470914127422,3251.513671875,3248.8008026886973,3248.779550471138,
brbsol1,XC278093.ogg,3318.804931640625,135054.74120378494,0.5639042240193664,-0.04433848791176853,3402.24609375,3301.4801039394324,3284.610337764408,
brbsol1,XC279249.ogg,,
brbsol1,XC282230.ogg,,
brbsol1,XC283551.ogg,1210.166015625,2288826.9302845,1.499673080156104,0.24956359502164682,473.73046875,751.5519397322129,597.1436852212707,
brbsol1,XC284859.ogg,2602.646484375,637.006402015686,0.4696693860852273,-1.2655446056066009,2583.984375,2602.532595067643,2602.4190385131847,
brbsol1,XC284860.ogg,4147.5341796875,598197.2193717957,0.45415394242887247,-1.3873481647384036,5264.8681640625,4085.866286168676,4027.487925397159,
brbsol1,XC288161.ogg,4893.42041015625,38.63990306854248,0.0,-2.0,4888.037109375,4893.417449043806,4893.414487933169,
brbsol1,XC289193.ogg,,
brbsol1,XC289817.ogg,43.48588423295455,199.63069538180335,0.17403581547854616,-1.1967235637439753,32.2998046875,41.13597152175343,38.769835712197974,
brbsol1,XC289837.ogg,4158.0615234375,312.9832148551941,1.1642636431747204,-0.1872427983539091,4145.1416015625,4158.031503299364,4158.001571525448,
brbsol1,XC290274.ogg,3579.7495249155404,802522.5900476044,-3.4512847582382626,11.266051611910152,3585.2783203125,2855.3727884168898,362.1445938293452,
brbsol1,XC290275.ogg,3332.26318359375,259853.34813594818,4.329878909060028e-17,-1.9994052929063997,2885.44921875,3302.890685193504,3273.776782324428,
brbsol1,XC291666.ogg,2797.1630859375,81.14379644393921,0.3436215967445456,-1.153061224489796,2788.5498046875,2797.1514898018772,2797.1399012897514,
brbsol1,XC291667.ogg,3373.861416903409,219882.8273144635,0.1298260239143833,-1.837030517748574,2950.048828125,3344.4083953040786,3315.468329154101,
brbsol1,XC291668.ogg,3178.680778952206,40811.408797607706,-0.5390351993812227,0.9153901797190853,3229.98046875,3172.463525448954,3166.052365272208,
brbsol1,XC291669.ogg,3421.47216796875,155121.58932594152,-1.1569254421294872,0.003222230125960124,3649.8779296875,3398.228291715723,3372.680715159116,
brbsol1,XC291670.ogg,4535.1318359375,179553.18957567215,0.2538913914848933,-1.8894788673620664,4177.44140625,4517.757908899984,4500.698280011602,
brbsol1,XC295608.ogg,4198.974609375,173.87956380844116,0.9128709291752769,-0.5,4188.2080078125,4198.958073556895,4198.941565923194,
brbsol1,XC295610.ogg,4292.28515625,47990.75961112976,1.3263099059595567,-0.2233172740320657,4166.6748046875,4287.515092757167,4282.942611023807,
brbsol1,XC297637.ogg,,
brbsol1,XC298191.ogg,3096.474609375,432415.29124975204,0.40794050874209536,-1.8328866016305554,2605.517578125,3042.8970397023577,2992.7879187287895,
brbsol1,XC298932.ogg,,
brbsol1,XC299970.ogg,,
brbsol1,XC302870.ogg,3707.7484130859375,75743.17999184132,-0.9772072574059693,-0.7730108535163915,3273.046875,3698.366298823406,3688.546571540564,
brbsol1,XC304652.ogg,3430.95703125,140501.40754036282,-0.9148426154296865,-1.0878427914850595,3671.4111328125,3409.873299997421,3387.4088557028635,
brbsol1,XC305680.ogg,3987.2314453125,68052.59728431702,-1.7689940300365672,1.1631422817913313,4102.0751953125,3979.567331704322,3971.326071839352,
brbsol1,XC305825.ogg,3165.380859375,124497.76768684387,0.7802096562282901,-1.0391350434108149,2906.982421875,3151.281054683401,3137.8650856150143,
brbsol1,XC307077.ogg,3296.37451171875,26959.06037092209,-1.3367974000547198,0.355272485740068,3402.24609375,3292.8179349719207,3289.1089881465577,
brbsol1,XC307078.ogg,93.310546875,38.63990306854248,-0.7071067811865475,-1.5,96.8994140625,93.16875886312017,93.02343750000001,
brbsol1,XC308109.ogg,5033.38623046875,3929.6781420707703,-0.14651935649160452,-1.7544052000939774,5092.6025390625,5033.0605523876375,5032.734523659776,
brbsol1,XC313130.ogg,3606.1386108398438,1232635.608829558,0.2603712397739267,-1.7230670956199317,2583.984375,3449.2558690730934,3304.288858494503,
brbsol1,XC31663.ogg,3499.1455078125,158539.5222902298,-1.631112459324143,3.6537611001241537,3445.3125,3474.7357217567155,3445.9229125399806,
brbsol1,XC322413.ogg,2888.43994140625,47101.66301797418,1.3797888914130394,1.2851269441942055,2777.783203125,2881.189429682294,2874.3640319936344,
brbsol1,XC323644.ogg,3096.474609375,34.77591276168823,-0.40824829046386296,-1.8333333333333333,3100.78125,3096.4701149646526,3096.4656184759915,
brbsol1,XC331977.ogg,3055.5615234375,81.14379644393921,0.3436215967445456,-1.153061224489796,3046.9482421875,3055.5509073644316,3055.5402976823416,
brbsol1,XC334934.ogg,3408.3984375,17807.475328445435,-0.28755858311912413,-1.9100247754508566,3262.2802734375,3406.142885379966,3403.8730067744746,
brbsol1,XC334935.ogg,,
brbsol1,XC334936.ogg,3080.32470703125,14617.47533082962,2.3351417596230966,4.151361181062695,3068.4814453125,3078.303952663134,3076.3919287488357,
brbsol1,XC334937.ogg,3042.514935661765,296581.4283534008,1.3127217795258446,2.1407816677149043,2562.451171875,3001.2737715491976,2963.918931015301,
brbsol1,XC334938.ogg,3940.576171875,1004.6374797821045,0.0,-1.5700197238658775,3908.2763671875,3940.461442686336,3940.3467139653817,
brbsol1,XC334941.ogg,3725.244140625,26929.04013853807,-1.3652906846070847,-0.084062979693873,3789.84375,3721.7504667800404,3718.118035552805,
brbsol1,XC334942.ogg,3064.1748046875,90915.8279299736,1.23409676848072,-0.01994803540325485,2982.3486328125,3053.063813857043,3042.6915126287745,
brbsol1,XC334943.ogg,200.2587890625,6521.311640739441,1.0005280328237156,-0.9109850473089618,150.732421875,187.72914989996943,178.1380265397499,
brbsol1,XC334944.ogg,3929.8095703125,5083.907246589661,-1.435728021793692,0.16992753238761127,3972.8759765625,3929.1954709743873,3928.570924507887,
brbsol1,XC334946.ogg,3944.1650390625,38.63990306854248,0.7071067811865475,-1.5,3940.576171875,3944.1617754655,3944.158513849432,
brbsol1,XC334947.ogg,3476.07421875,550.3001579871544,1.3929582873697548,0.8433641975308648,3456.0791015625,3476.0011560343,3475.928530015629,
brbsol1,XC334948.ogg,2989.88525390625,1108.9652180671692,0.010924570077765108,-1.9050128082166835,2960.8154296875,2989.7183536819325,2989.55147384648,
brbsol1,XC334949.ogg,3344.82421875,38.63990306854248,-0.7071067811865475,-1.5,3348.4130859375,3344.8203652752445,3344.816509046053,
brbsol1,XC341232.ogg,4092.07763671875,2594.181184585278,0.21161879635458955,-1.4521316684960557,4037.4755859375,4091.783777803384,4091.4904150382554,
brbsol1,XC341243.ogg,3217.8680419921875,300338.30657601357,0.23964001977609808,-1.380707596856324,2648.583984375,3174.659759842246,3132.568099584989,
brbsol1,XC347887.ogg,,
brbsol1,XC350173.ogg,3090.0146484375,61338.08612823486,1.9891700041465,2.3891490840559966,2960.8154296875,3082.0893640509207,3074.8678934191125,
brbsol1,XC353501.ogg,4091.30859375,361454.2132616043,0.7051268855893228,-0.3017173698767328,3574.51171875,4052.030992486123,4014.700130646801,
brbsol1,XC353504.ogg,3579.5361328125,18611.185312271118,0.6326937095035274,-1.0731416014693496,3456.0791015625,3577.1452018156783,3574.790641793076,
brbsol1,XC353508.ogg,3369.3129595588234,233599.52281941386,0.022377894447916036,-0.47009932026935886,2530.1513671875,3336.0878417338677,3302.2320176328153,
brbsol1,XC353509.ogg,4596.849476207386,299530.75769272714,-0.5449699728956905,-1.6714045527264931,3886.7431640625,4564.243551175787,4530.413462862149,
brbsol1,XC353510.ogg,3453.0029296875,368343.15598011017,-0.1418339391910262,-1.1359141490841655,3746.77734375,3405.7121384355173,3357.277457972098,
brbsol1,XC353512.ogg,3507.9545454545455,56379.131295464256,2.797251432488812,5.935892167350858,3413.0126953125,3501.417411302054,3495.5731441029593,
brbsol1,XC353514.ogg,2695.2392578125,38.63990306854248,0.7071067811865475,-1.5,2691.650390625,2695.234483261656,2695.2297129529593,
brbsol1,XC353515.ogg,3163.58642578125,23759.67639684677,-0.468914673152685,-1.4225791076857806,2971.58203125,3160.4101797579588,3157.190021633367,
brbsol1,XC360550.ogg,,
brbsol1,XC367435.ogg,,
brbsol1,XC401084.ogg,3778.47900390625,447265.5909376986,-0.6570209339289221,-1.4759690871926103,4220.5078125,3717.364974769556,3652.09070539028,
brbsol1,XC401085.ogg,4112.168884277344,105664.19593244791,2.2348099883453934,3.0609380242250968,4005.17578125,4101.327525083699,4091.590919764958,
brbsol1,XC405844.ogg,3395.5169677734375,52956.67715370655,1.844007886477378,2.3369171315036157,3348.4130859375,3389.166052766773,3383.255613244798,
brbsol1,XC406585.ogg,3146.0009765625,312.9832148551941,-0.34776706224699444,-1.4218106995884772,3154.6142578125,3145.961135192616,3145.9212473386333,
brbsol1,XC443906.ogg,,
brbsol1,XC449159.ogg,3654.6630859375,138788.09183835983,-0.568683908817319,-1.0915405973454362,3585.2783203125,3637.048567838642,3618.7442070003967,
brbsol1,XC449161.ogg,3227.288818359375,60461.788326501846,1.15323206322235,-0.667818963794867,3100.78125,3220.5938759446017,3214.2313699406136,
brbsol1,XC449162.ogg,3154.6142578125,153864.09401893616,0.8571177018476062,-1.162482363503672,2885.44921875,3134.920647290597,3116.5137543603087,
brbsol1,XC449166.ogg,3782.666015625,95873.3274936676,0.11949002761488951,-1.8629093393962124,3509.912109375,3772.1498658102782,3761.7181481532753,
brbsol1,XC450520.ogg,3085.400390625,32374.71878528595,1.9426927531903193,1.9314160687070325,3003.8818359375,3081.191460660385,3077.256893678804,
brbsol1,XC459578.ogg,,
brbsol1,XC500477.ogg,3353.79638671875,186995.050907135,-0.5943785973883512,-1.5590941533471638,3660.64453125,3328.048394873932,3301.160071337008,
brbsol1,XC500479.ogg,3511.2579345703125,27537.140920758247,-1.0132800095955437,-0.37905768435338016,3617.578125,3507.716730404298,3504.0647265494663,
brbsol1,XC500480.ogg,4151.993075284091,334086.9248238477,0.83801783408121,-0.35443452198491343,3596.044921875,4117.53149595996,4085.187365544751,
brbsol1,XC500481.ogg,3742.470703125,52606.940031051636,-2.661787578283281,5.095865006659361,3811.376953125,3735.3985661634542,3727.5026517649558,
brbsol1,XC500482.ogg,3250.43701171875,339012.34155893326,1.4286489888884457,0.15137665082601437,2896.2158203125,3209.6563082126863,3174.699265711407,
brbsol1,XC500483.ogg,3225.1953125,80480.47810792923,1.3314935848581788,-0.2194610710731575,3068.4814453125,3214.843099805487,3205.218975775172,
brbsol1,XC500484.ogg,3319.7021484375,38.63990306854248,0.7071067811865475,-1.5,3316.11328125,3319.698271372851,3319.694397104482,
brbsol1,XC500485.ogg,4285.107421875,173.87956380844116,0.0,-0.75,4285.107421875,4285.089387233693,4285.071352478529,
brbsol1,XC500486.ogg,3757.9925537109375,166465.53240716457,0.6943210805727104,0.05118584721341568,3703.7109375,3737.5170663187628,3717.715184377829,
brbsol1,XC500487.ogg,2283.3477313701924,1291122.6380329865,-0.036694733902811534,-1.8641119651775406,3531.4453125,1997.6420452179384,1739.3128411091584,
brbsol1,XC500488.ogg,3776.923828125,1739746.1796998978,0.40821432231305455,-1.8333149353058602,2810.0830078125,3603.228451940024,3450.0950532546044,
brbsol1,XC502314.ogg,2723.9501953125,4820521.107316017,-0.47377118516798655,-1.77464013291951,43.06640625,812.4634147391514,136.00281874538555,
brbsol1,XC502315.ogg,3685.7666015625,510162.64021396637,0.5449935637847905,-0.6697545288167297,3585.2783203125,3626.611403262412,3570.016228879793,
brbsol1,XC557132.ogg,865.3656005859375,2318358.9942008257,1.1546634226347525,-0.6666571427593535,43.06640625,126.702465591209,55.937829985525134,
brbsol1,XC558350.ogg,3725.244140625,83786.76581382751,-0.39742256699599254,-1.629721959948537,3962.109375,3715.674940328967,3705.936058899133,
brbsol1,XC575331.ogg,4374.23095703125,803593.6852938989,-0.4923981092392502,-0.6264592229426964,5512.5,4277.833590714301,4171.831302579727,
brbsol1,XC576161.ogg,6363.0615234375,77.27980613708496,0.0,-1.0000000000000002,6363.0615234375,6363.0569690326265,6363.052414624492,
brbsol1,XC579569.ogg,2753.558349609375,13968.324959278107,-0.273544667108152,-1.6349995379429643,2853.1494140625,2751.3211486495916,2749.0681542663815,
brbsol1,XC597917.ogg,2680.8837890625,34827.43263244629,0.004183144947594136,-1.979481416967193,2508.6181640625,2675.032258730984,2669.1940582156944,
brbsol1,XC606556.ogg,2943.3197021484375,137909.26404297352,-0.026261503077956667,-1.9606229698842788,2627.05078125,2922.699605295192,2902.1685569121423,
brbsol1,XC609735.ogg,4092.6544189453125,1056804.7989159822,0.4344277210801034,-1.6849857386979987,3423.779296875,3985.0619807607386,3885.9465413395665,
brbsol1,XC609736.ogg,3771.8994140625,38.63990306854248,0.7071067811865475,-1.5,3768.310546875,3771.896001508787,3771.8925911210786,
brbsol1,XC615067.ogg,,
brbsol1,XC615815.ogg,4664.091796875,838017.0657634735,-0.872166155817177,-1.238297091726249,3337.646484375,4572.263509576409,4471.02531204479,
brbsol1,XC615816.ogg,,
brbsol1,XC615817.ogg,3213.83056640625,598.9184975624084,1.4360946449347147,1.5074575095386749,3197.6806640625,3213.747277293419,3213.6645552674995,
brbsol1,XC617459.ogg,10.7666015625,57.95985460281372,0.0,-0.8333333333333335,10.7666015625,0.0,0.0,
brbsol1,XC618035.ogg,4256.396484375,192967.67592430115,0.7063422649069013,-1.4999999133922661,3972.8759765625,4238.2674488711955,4220.973458067762,
brbsol1,XC618036.ogg,4288.33740234375,1883413.2032990456,-2.486720341772409,4.474231614715218,4801.904296875,3730.809645113813,2452.6577484435934,
brbsol1,XC65650.ogg,3905.426384420956,540904.609084448,0.5914976191797879,-1.15454183558954,3014.6484375,3841.750050831888,3782.290704068364,
brbsol1,XC67082.ogg,3120.9686279296875,246.3293820619583,-0.06933013843070505,-1.2319751429983758,3100.78125,3120.9340892781997,3120.899542915013,
brbsol1,XC70866.ogg,26.91650390625,38.63990306854248,0.0,-2.0,21.533203125,26.37268009197709,25.83984375,
brbsol1,XC70867.ogg,,
brbsol1,XC70868.ogg,,
brbsol1,XC70869.ogg,3656.6778885690787,762.6296658264963,0.42225542232046326,-1.0921114074073934,3628.3447265625,3656.579298591176,3656.480910878916,
brbsol1,XC8804.ogg,,
brbsol1,XC9062.ogg,,
brbsol1,XC9677.ogg,,
brbsol1,XC9678.ogg,48.44970703125,38.63990306854248,0.0,-2.0,43.06640625,48.1497059608109,47.8515625,
