#filename,mean,variance,skewness,kurtosis,mode,gmean,hmean
brncre,XC113820.ogg,6.15234375,29.223456102259018,-0.28867513459481287,-1.9166666666666667,10.7666015625,0.0,0.0,
brncre,XC113827.ogg,7.039701021634615,40.38831497209643,0.2512179198937302,-0.6792601338055873,10.7666015625,0.0,0.0,
brncre,XC121043.ogg,7809.87744140625,60154.71149682999,0.6602252751800071,-1.116180270933903,7601.220703125,7806.152468023912,7802.477801738755,
brncre,XC121044.ogg,7683.7646484375,38.63990306854248,-0.7071067811865475,-1.5,7687.353515625,7683.762971657725,7683.761294356017,
brncre,XC121046.ogg,7669.1331129807695,7291.052479010362,2.293639680682588,4.328590090522004,7622.75390625,7668.701337937076,7668.276457417381,
brncre,XC122640.ogg,6079.541015625,277366.88420176506,-1.3273558138861958,-0.22436011856725857,6363.0615234375,6057.625057803938,6034.051718395143,
brncre,XC122641.ogg,6629.534912109375,57.95985460281372,0.32396954829362334,-0.7755102040816326,6632.2265625,6629.531088073628,6629.527264922077,
brncre,XC125472.ogg,,
brncre,XC125844.ogg,6212.3291015625,229160.38513183594,0.4020565070055443,-0.7740130709056858,5717.0654296875,6195.983735713569,6179.910689759124,
brncre,XC131549.ogg,6452.42431640625,361.9270920753479,-0.7336927945037951,-0.7809678195564902,6459.9609375,6452.3990404621845,6452.373729841732,
brncre,XC132930.ogg,,
brncre,XC134505.ogg,5761.788236177885,126272.23092776079,3.0750987240875696,7.693478008474514,5641.69921875,5752.7457149971,5744.66434412293,
brncre,XC139448.ogg,,
brncre,XC146600.ogg,7492.78564453125,3039.059042930603,0.5494921134622858,-1.0038571563852674,7461.2548828125,7492.590598323766,7492.396064668925,
brncre,XC146601.ogg,6454.57763671875,38.63990306854248,0.0,-2.0,6449.1943359375,6454.575391805605,6454.5731468932445,
brncre,XC153402.ogg,6476.11083984375,38608.99114608765,2.0996733662565013,2.795027695495067,6373.828125,6473.425159413207,6470.84478282049,
brncre,XC153403.ogg,7138.2568359375,231.83941841125488,0.0,-1.2500000000000002,7127.490234375,7138.24291657382,7138.228997196571,
brncre,XC155442.ogg,7467.4072265625,33.119916915893555,-0.28867513459481287,-1.9166666666666667,7472.021484375,7467.405325474077,7467.403424125076,
brncre,XC161897.ogg,7024.4384765625,2366.8002165280855,0.819940862454724,-0.7476539353286809,6976.7578125,7024.282605699037,7024.127300334672,
brncre,XC162159.ogg,227.0486270680147,1500706.1636941957,5.569777490743716,29.025210250418866,21.533203125,0.0,0.0,
brncre,XC164262.ogg,,
brncre,XC164263.ogg,,
brncre,XC169156.ogg,6433.8134765625,419.51894760131836,-0.7460050879631778,-0.0022506925207745887,6427.6611328125,6433.785490152867,6433.757462414944,
brncre,XC169404.ogg,5891.12548828125,139818.48925352097,1.7821841645816576,1.1880752086014006,5717.0654296875,5881.861413549652,5873.197892598229,
brncre,XC172626.ogg,,
brncre,XC179203.ogg,6616.07666015625,185835.85381507874,-0.7446092552461326,-1.2607769682239047,6912.158203125,6603.385821510723,6590.31149457405,
brncre,XC182422.ogg,6867.861328125,435801.99757744285,-1.6731463915537366,2.242588492124227,7138.2568359375,6832.967753515556,6793.415608932453,
brncre,XC188782.ogg,6999.119215745192,22497.34048659985,0.3900825053188807,-1.6856080225225598,6858.3251953125,6997.643378260765,6996.175598633188,
brncre,XC188783.ogg,6032.8857421875,156058.84051322937,-0.7099403587716061,-1.4893184520569416,6287.6953125,6021.781810984418,6010.373101837234,
brncre,XC188784.ogg,6459.9609375,3176.200032234192,0.4255920266728589,-0.8306516063722089,6427.6611328125,6459.737963579753,6459.515506877661,
brncre,XC188785.ogg,6437.0819091796875,56968.741089105606,-3.5763783059600063,10.895879239267941,6503.02734375,6432.538121572494,6427.561234227371,
brncre,XC189630.ogg,7256.689453125,1816.0754442214966,0.6462147665878705,-1.3021729289271164,7224.3896484375,7256.574226039344,7256.459278987988,
brncre,XC195023.ogg,,
brncre,XC195199.ogg,,
brncre,XC195803.ogg,,
brncre,XC195827.ogg,,
brncre,XC195828.ogg,,
brncre,XC196856.ogg,194.43215762867646,12091.448491110521,-0.61679771473891,-1.6043988718968827,269.1650390625,149.58469229968935,104.55920369031054,
brncre,XC198792.ogg,7250.537109375,574.0785598754883,1.2780772550045243,0.7728365384615388,7245.9228515625,7250.503264150167,7250.469506664848,
brncre,XC204417.ogg,,
brncre,XC208941.ogg,1291.1639873798076,11446.328208996702,1.142656515645703,-0.45544497340258294,1227.392578125,1287.2964112965844,1283.6522066951293,
brncre,XC209341.ogg,7172.35107421875,65.68783521652222,-0.2282688235636075,-0.8927335640138407,7170.556640625,7172.347257583031,7172.343440345798,
brncre,XC211292.ogg,7460.05859375,1157.681801739861,-0.7697924596618853,-0.8849058413968915,7482.7880859375,7459.985144551307,7459.911527768769,
brncre,XC211301.ogg,4591.5966796875,49213.98854255676,1.8778044996940508,1.9854508605695704,4478.90625,4586.864605465721,4582.390607277307,
brncre,XC211302.ogg,6045.860877403846,69859.99361184926,-0.1766108221951606,-1.193209709246476,6201.5625,6040.270873844309,6034.649916760245,
brncre,XC211303.ogg,6672.06298828125,15148.129999637604,0.43794129347081834,-1.3838712744382686,6836.7919921875,6671.04636374405,6670.034922894255,
brncre,XC211304.ogg,4491.2109375,827.9979228973389,0.8544783984006461,-1.132666666666667,4478.90625,4491.132191325788,4491.0537111112435,
brncre,XC211305.ogg,8426.66015625,137524.93500709534,0.16951032060348575,-1.875144239460617,8850.146484375,8419.076401392544,8411.534361340497,
brncre,XC211310.ogg,7525.8544921875,77.27980613708496,0.0,-1.0000000000000002,7525.8544921875,7525.850641468684,7525.846790747886,
brncre,XC211311.ogg,6145.3369140625,37483.73655711903,1.585435084441891,0.881253206826734,6072.36328125,6142.5454390874365,6139.841109272489,
brncre,XC211313.ogg,5264.8681640625,1321542.6447987556,1.4999384115358756,0.24991759581354556,4748.0712890625,5179.979387680068,5109.554962543824,
brncre,XC211314.ogg,7788.808030348558,1763.5846220529995,1.4850086536493798,3.7512638441212687,7795.01953125,7788.699732343985,7788.591988471583,
brncre,XC211317.ogg,6690.3662109375,186610.85987091064,-1.2500159341928692,0.13079366646023738,6912.158203125,6676.598394329021,6662.0571450059,
brncre,XC211321.ogg,,
brncre,XC212529.ogg,6787.744140625,553.8386106491089,-0.530073312462251,-1.3208153055705787,6804.4921875,6787.707834544311,6787.671486504105,
brncre,XC212539.ogg,6067.578125,820280.0622582436,-1.271820857701546,-0.2787154197442465,6459.9609375,5998.684993162242,5920.870830098903,
brncre,XC244350.ogg,7004.163707386364,2813.687487082048,-1.3444777183273127,0.24201742204270582,6901.3916015625,7003.979914023667,7003.79492207004,
brncre,XC244351.ogg,5826.120684223791,671374.0494789615,0.1199372874965553,-1.6846690760606462,4963.4033203125,5770.556745124668,5715.828521328619,
brncre,XC247832.ogg,6223.095703125,115.91970920562744,0.0,-1.5,6212.3291015625,6223.089494006031,6223.083284887048,
brncre,XC248099.ogg,42.29736328125,7.973313331604004,-3.328201177351375,9.076923076923082,43.06640625,42.19047718165645,42.06486191860464,
brncre,XC251806.ogg,6221.439302884615,408594.68269806635,-0.7903120556072131,-0.8149269329227864,6707.5927734375,6189.2577764606485,6155.224997926295,
brncre,XC256184.ogg,,
brncre,XC256195.ogg,6564.935302734375,286159.3941450119,-0.26744205941227894,-1.6543734559791035,5921.630859375,6544.1600842823955,6523.11954171789,
brncre,XC267982.ogg,5843.074544270833,275869.42283006816,-0.6859541552602125,-0.9736409209868464,6373.828125,5819.2778138229705,5794.4628056396,
brncre,XC267983.ogg,,
brncre,XC267984.ogg,3167.451359675481,53397.43318649439,-0.17612791334318562,-1.0877886259552318,2993.115234375,3159.2476053763976,3150.955813962593,
brncre,XC267985.ogg,6374.725341796875,187970.52846006726,0.4501069084075977,-1.245100651435831,6158.49609375,6360.840133267251,6347.220181386822,
brncre,XC267986.ogg,6443.81103515625,127.51168012619019,0.0,-0.9421487603305785,6438.427734375,6443.8027900397565,6443.7945449115,
brncre,XC267987.ogg,7004.7509765625,34.77591276168823,-0.40824829046386296,-1.8333333333333333,7009.0576171875,7004.748990307955,7004.747003646794,
brncre,XC269950.ogg,6650.951086956522,39446.6064994043,-0.8405813444508453,-0.8839445219625572,6826.025390625,6648.066085321572,6645.133103511348,
brncre,XC27716.ogg,5852.476149338942,563927.8063856638,-1.2950331108249271,0.132886548820339,5964.697265625,5799.931780528347,5740.851686275158,
brncre,XC282600.ogg,,
brncre,XC284485.ogg,7669.8577880859375,161837.4380171299,0.003233338856126134,-1.988337832945038,7267.4560546875,7659.961504911368,7650.078781013908,
brncre,XC291499.ogg,35.888671875,262.75134086608887,0.9273420957271555,-0.33217993079584796,21.533203125,33.2274947900254,31.0078125,
brncre,XC296496.ogg,,
brncre,XC296928.ogg,838.76953125,129550.7630109787,0.24057749513398297,-1.7743422352006706,462.9638671875,765.6740023962233,700.8500131275941,
brncre,XC301855.ogg,,
brncre,XC302551.ogg,5857.03125,0.0,0.0,-3.0,5857.03125,5857.03125,5857.03125,
brncre,XC304673.ogg,,
brncre,XC304675.ogg,,
brncre,XC306438.ogg,6477.64892578125,231493.57004807546,-0.22139643626341488,-1.535103516746522,6912.158203125,6460.837904453136,6443.851068977908,
brncre,XC306514.ogg,6570.563299005682,171470.54148804056,-2.3552632941736524,4.512525570610862,6836.7919921875,6557.407168264891,6542.815321025001,
brncre,XC306584.ogg,5789.461543642241,231797.1619655346,0.5682825330885278,0.9571077196518782,5232.568359375,5770.528120336332,5751.923752423676,
brncre,XC30889.ogg,20.93505859375,33.71520954019883,-0.0666964958206249,0.5855321297815932,21.533203125,20.067934121658237,19.062179815573767,
brncre,XC30890.ogg,30.9539794921875,50.48116368632163,0.12830005981991682,-0.6666666666666665,32.2998046875,30.143654767414873,29.3218085106383,
brncre,XC309043.ogg,5394.0673828125,6598335.319519043,-1.7887808208893776,1.1998684939821862,6438.427734375,3445.554386355074,809.6791187363457,
brncre,XC311562.ogg,5681.1767578125,31700.17647743225,0.7024553322831274,-1.4999967907581442,5566.3330078125,5678.882037799962,5676.618454672288,
brncre,XC311829.ogg,6183.10546875,278061.18481299456,0.5834099773644984,-0.9542292185168817,6147.7294921875,6161.864723093714,6141.261508096255,
brncre,XC314227.ogg,25.1220703125,344.24640915610576,0.23913815340419683,-1.033319450229071,21.533203125,0.0,0.0,
brncre,XC314228.ogg,10.7666015625,77.27980613708496,0.0,-1.0000000000000002,10.7666015625,0.0,0.0,
brncre,XC314301.ogg,6279.620361328125,24.839937686920166,1.1547005383792515,-0.6666666666666665,6276.9287109375,6279.618631722396,6279.616903104926,
brncre,XC315192.ogg,,
brncre,XC320726.ogg,7153.733825683594,28685.78103929758,-0.32092105909103186,-1.786569274438016,7288.9892578125,7151.844607228754,7149.946454941336,
brncre,XC324480.ogg,6852.94189453125,2814.272940158844,-0.8576832806872515,-0.4486696793720446,6858.3251953125,6852.756308340727,6852.56993555985,
brncre,XC324483.ogg,6342.60498046875,701935.3262938951,-0.5360968033568888,-1.0052858237212134,5889.3310546875,6286.849129505942,6228.070283759028,
brncre,XC324484.ogg,,
brncre,XC324486.ogg,,
brncre,XC324487.ogg,2783.16650390625,38.63990306854248,0.0,-2.0,2777.783203125,2783.1612976143592,2783.156091332205,
brncre,XC324489.ogg,6666.483931107955,24130.268194458702,-0.08044110716091582,-1.8788098881991553,6503.02734375,6664.836427542043,6663.187273892244,
brncre,XC324490.ogg,,
brncre,XC324491.ogg,5697.32666015625,192181.4378966456,-0.5044605741072227,-1.5711417929125666,5135.6689453125,5680.708496360636,5663.6876766521045,
brncre,XC327244.ogg,29.608154296875,106.25973343849182,0.49338220021815865,-1.371900826446281,21.533203125,28.33928904843991,27.19983552631579,
brncre,XC328787.ogg,7372.96875,139.10365104675293,-0.8675276172357088,-0.2708333333333326,7375.1220703125,7372.961197054585,7372.953637845346,
brncre,XC337462.ogg,6547.88818359375,6649.927318096161,0.9537845791453647,-0.7895528490557053,6492.2607421875,6547.468036718388,6547.050910715221,
brncre,XC337463.ogg,,
brncre,XC337468.ogg,,
brncre,XC337469.ogg,6516.278545673077,4040.842170898731,0.41268454000994903,-1.313728491195888,6449.1943359375,6515.993061977826,6515.708311797621,
brncre,XC350742.ogg,5196.127554086538,585450.886300894,1.01227659974284,-0.29363652188033695,4629.638671875,5146.212914831891,5100.5596697056735,
brncre,XC350745.ogg,6658.544921875,1191.3970112800598,0.15121576416578045,-1.829298758217677,6696.826171875,6658.46543707172,6658.385992073317,
brncre,XC350750.ogg,6788.244406960227,5623.706134882842,-0.515568966892339,-0.39937243517396137,6707.5927734375,6787.836132460192,6787.426272976034,
brncre,XC350752.ogg,6540.037536621094,20849.608696997166,-0.6587167677651801,-0.5707879624541636,6567.626953125,6538.528460290652,6537.004695952611,
brncre,XC354508.ogg,4160.65280720339,14304876.93417915,0.007257511904878665,-1.9648939347515877,226.0986328125,1587.3778249647912,522.6215739464575,
brncre,XC358286.ogg,,
brncre,XC360225.ogg,7564.8193359375,550.3426194190979,0.8899093591744254,0.3835724827441198,7558.154296875,7564.784754698688,7564.750235066944,
brncre,XC360236.ogg,,
brncre,XC363175.ogg,7656.591796875,73791.17488861084,0.505749565276329,-0.2937730774247216,7428.955078125,7651.993746289351,7647.444121725858,
brncre,XC364281.ogg,24.15210620777027,99.21056193274423,0.1416960868113196,0.042308402585409244,21.533203125,0.0,0.0,
brncre,XC368638.ogg,5.797400841346154,31.209152478438153,-0.15430334996209216,-1.9761904761904756,10.7666015625,0.0,0.0,
brncre,XC373804.ogg,,
brncre,XC373918.ogg,6758.19580078125,78.56780290603638,0.5793144075652342,-1.1357162053211505,6750.6591796875,6758.190571788245,6758.185345306266,
brncre,XC378268.ogg,6373.828125,289.7992730140686,0.0,-1.3,6352.294921875,6373.809938110771,6373.79175120077,
brncre,XC378602.ogg,7067.859825721154,191240.76948716087,0.4723501617185391,-1.773076128558443,6729.1259765625,7055.589989978162,7043.565228580931,
brncre,XC383394.ogg,197.7139559659091,29.50683507052335,0.5669467095138392,-1.6785714285714302,193.798828125,197.6467725211748,197.58026867378047,
brncre,XC384909.ogg,7166.415640024038,24508.101596282082,-0.36867406833251953,-1.481247537327959,6955.224609375,7164.828744784799,7163.233694345599,
brncre,XC389421.ogg,5675.537109375,518.878698348999,0.4841476313547139,-1.280783159800815,5652.4658203125,5675.497974444747,5675.458886387808,
brncre,XC389493.ogg,5882.1533203125,310695.7325935364,1.7880123588878585,1.1984979331506223,5652.4658203125,5862.148347187723,5844.032384184521,
brncre,XC395277.ogg,,
brncre,XC399050.ogg,84.9365234375,563.4985864162445,0.14813908837431522,-1.0394938775510207,53.8330078125,81.91040618327025,78.86698449152915,
brncre,XC401618.ogg,,
brncre,XC406990.ogg,458.0419921875,2403631.6022872925,3.8149228540289175,12.55666805603786,86.1328125,102.74773002022141,82.51718049621877,
brncre,XC409052.ogg,,
brncre,XC409053.ogg,,
brncre,XC412623.ogg,,
brncre,XC412624.ogg,7110.5712890625,6022.856891155243,0.2434150549968157,-1.5682026576061316,7073.6572265625,7110.168618070423,7109.766647363067,
brncre,XC412678.ogg,5.8995077054794525,48.43220727084434,0.7529454769824311,-0.47034100749499874,0.0,0.0,0.0,
brncre,XC420871.ogg,5918.40087890625,665638.0181908607,1.3986320036781235,0.11579601401846906,5394.0673828125,5873.007675101804,5832.621123341921,
brncre,XC425567.ogg,5523.2666015625,29119.030952453613,0.390595433060336,-1.3769371982636212,5447.900390625,5521.0850677180215,5518.919436743418,
brncre,XC431186.ogg,3379.3670654296875,746211.876064539,3.0439996105774823,8.754083881360526,2702.4169921875,3306.764269212623,3254.4192832550298,
brncre,XC435717.ogg,7085.7696533203125,3558.321073651314,0.8283014009857053,-1.0729745671770288,7041.357421875,7085.550895970464,7085.333088228424,
brncre,XC439991.ogg,58.1396484375,34.77591276168823,0.40824829046386296,-1.8333333333333333,53.8330078125,57.905677100496035,57.67822265625,
brncre,XC439993.ogg,5673.9990234375,1239877.209663391,1.4997592533136685,0.24967806531174475,5167.96875,5598.988275936634,5535.612082440827,
brncre,XC440573.ogg,6758.734130859375,15293.121635913849,2.21267760336178,3.001399714897863,6707.5927734375,6757.768413037626,6756.826437737652,
brncre,XC440574.ogg,6635.393210018382,44306.89944063916,0.9287438922691236,1.4594474314832802,6449.1943359375,6632.305215342089,6629.269016780406,
brncre,XC440575.ogg,3576.4692826704545,1906712.7135775306,1.5477401109108868,0.5510951884059097,2788.5498046875,3394.017017817748,3263.072116378122,
brncre,XC440576.ogg,6344.219970703125,6329.216122627258,-0.6171952970296813,0.08428933703658936,6341.5283203125,6343.74990288593,6343.277387728667,
brncre,XC440578.ogg,5315.625,210945.84620915927,0.5896837794457608,-1.642151227654255,4952.63671875,5297.752021655674,5280.497531127438,
brncre,XC440579.ogg,6646.908291903409,48182.554039088165,-1.5486820184912278,0.6607683700422902,6696.826171875,6643.500798238647,6639.978692818438,
brncre,XC440580.ogg,6982.91015625,187.67952919006348,-0.17120161767270564,-1.4645328719723183,6965.9912109375,6982.89863513714,6982.887111635024,
brncre,XC450881.ogg,,
brncre,XC452827.ogg,7393.718927556818,929.4653047214855,-0.07009221737707522,-1.329068135190586,7353.5888671875,7393.661775578158,7393.604612952224,
brncre,XC453931.ogg,7324.8779296875,38.63990306854248,0.7071067811865475,-1.5,7321.2890625,7324.876171874772,7324.874414636386,
brncre,XC462046.ogg,634.7263799649533,159442.93017384026,0.3831677670033268,-1.6024214233589578,269.1650390625,510.70533834355035,413.8691654302741,
brncre,XC464529.ogg,,
brncre,XC468995.ogg,,
brncre,XC470553.ogg,5318.701171875,170832.53145217896,2.2670338286013347,3.1409571537101124,5167.96875,5306.0101409164,5294.572860144936,
brncre,XC472255.ogg,6500.8740234375,428.90292406082153,1.017952296026958,-0.3480642804967129,6492.2607421875,6500.8476837615135,6500.821394870957,
brncre,XC473425.ogg,7807.869991179436,16471.567453876618,-0.9521331198823887,-0.44720687725392727,7579.6875,7806.838454730355,7805.796152800347,
brncre,XC473427.ogg,6436.2744140625,91960.76130867004,-1.62530297869943,1.6519671380930596,6589.16015625,6429.246707278587,6421.841702978468,
brncre,XC482568.ogg,6676.4892578125,91531.49038553238,-0.2227425464615657,-1.9479338740471983,6352.294921875,6670.3543556414015,6664.185878349088,
brncre,XC483172.ogg,,
brncre,XC483175.ogg,,
brncre,XC485996.ogg,,
brncre,XC493365.ogg,6849.173583984375,7605.248079488152,1.1321735711018774,0.10459550481988789,6772.1923828125,6848.650985794071,6848.1332009920125,
brncre,XC495191.ogg,7873.974609375,77.27980613708496,-0.6260990336999411,-0.9600000000000004,7881.15234375,7873.970518220968,7873.966425324999,
brncre,XC495244.ogg,7251.904296875,5335.526615381241,0.370126138613511,-1.6143631250753465,7192.08984375,7251.578053950305,7251.252580698481,
brncre,XC497490.ogg,,
brncre,XC497491.ogg,,
brncre,XC497492.ogg,7110.9814453125,7135.1341009140015,-0.4190379250685251,-0.907161641306065,7073.6572265625,7110.511642891522,7110.0403021915145,
brncre,XC497494.ogg,6747.0703125,19144.31561123241,0.6896431250179416,-1.4901190135510478,6642.9931640625,6745.78131623535,6744.504052552091,
brncre,XC497497.ogg,6515.947265625,33044.84510421753,2.4178083231735914,4.329591372707563,6406.1279296875,6513.757348927062,6511.6561576346885,
brncre,XC501259.ogg,5445.7470703125,81.14379644393921,0.3436215967445456,-1.153061224489796,5437.1337890625,5445.741112164739,5445.735156032526,
brncre,XC501260.ogg,5773.9130859375,220155.8709204197,1.1149080691779263,1.662267590453002,5200.2685546875,5756.482179750001,5739.833942029266,
brncre,XC511292.ogg,6854.2877197265625,73466.582085858,-1.3228910247767403,1.0467949528625686,6815.2587890625,6848.843711136824,6843.1957204466635,
brncre,XC513710.ogg,,
brncre,XC522473.ogg,,
brncre,XC52316.ogg,,
brncre,XC538560.ogg,,
brncre,XC540328.ogg,,
brncre,XC540330.ogg,35.888671875,38.63990306854248,0.7071067811865475,-1.5,32.2998046875,35.55053507721021,35.23615056818182,
brncre,XC550089.ogg,7702.4267578125,92.73576736450195,-0.84375,-0.921875,7708.88671875,7702.421938853769,7702.41711686226,
brncre,XC553388.ogg,,
brncre,XC553391.ogg,,
brncre,XC553400.ogg,,
brncre,XC553404.ogg,,
brncre,XC553405.ogg,,
brncre,XC555119.ogg,,
brncre,XC564800.ogg,,
brncre,XC579305.ogg,7207.3897512335525,5503.813561640288,0.12475071421959272,-0.7813754315749177,7127.490234375,7207.028299653617,7206.667123176689,
brncre,XC579306.ogg,6657.3486328125,349505.65123558044,-0.6216332289323482,-1.5178545308173623,7095.1904296875,6634.663082227605,6611.247994027203,
brncre,XC579307.ogg,1781.87255859375,18210.98631620407,-0.6448886269514327,-1.5047861846703519,1884.1552734375,1777.4767985573053,1772.9548919114504,
brncre,XC579308.ogg,6599.9267578125,127312.96062469482,-1.1298966130710617,-0.6838160691527313,6761.42578125,6591.14494839015,6582.023192033208,
brncre,XC580863.ogg,149.835205078125,925275.2295073043,6.7097062457344485,43.02054678422474,10.7666015625,0.0,0.0,
brncre,XC583558.ogg,4972.0166015625,81.14379644393921,0.3436215967445456,-1.153061224489796,4963.4033203125,4972.010075935239,4972.003552725375,
brncre,XC583559.ogg,,
brncre,XC583560.ogg,4373.931884765625,299466.14876389503,1.0689549970540349,-0.44701459121666876,4037.4755859375,4343.122620489695,4314.777738947174,
brncre,XC583561.ogg,6508.41064453125,38.63990306854248,0.0,-2.0,6503.02734375,6508.408418186464,6508.406191842431,
brncre,XC598820.ogg,6476.524939903846,84942.39614560053,1.376543468629165,0.8011678852285229,6330.76171875,6470.694598278708,6465.081198160454,
brncre,XC600712.ogg,5923.42529296875,618550.9777244399,-0.9621911313617454,-0.7887068604542731,6406.1279296875,5869.179106198019,5810.110059048048,
brncre,XC612887.ogg,2282.51953125,14973232.918381691,0.7071006226308002,-1.4999999999999998,43.06640625,250.13693288312032,71.52384792181705,
brncre,XC618046.ogg,6388.18359375,1551.1161088943481,0.7931845497724376,-0.6150568001924999,6363.0615234375,6388.070635444166,6387.958030503094,
brncre,XC67180.ogg,,
brncre,XC67183.ogg,7549.18212890625,65.68783521652222,-0.2282688235636075,-0.8927335640138407,7547.3876953125,7549.178502813506,7549.174876177909,
brncre,XC70721.ogg,7537.449293870192,18845.869646622585,0.7062403671765879,-1.2484679983822435,7439.7216796875,7536.304600543894,7535.169328010549,
brncre,XC70722.ogg,6138.5009765625,177335.0751399994,-0.28856439740960754,-1.9159919876201519,5684.765625,6125.953626547187,6113.27661179825,
brncre,XC70723.ogg,6181.5673828125,720286.8577150198,-0.9248064258876469,-1.1134774317689589,4888.037109375,6122.283929488407,6058.212085884123,
brncre,XC70727.ogg,,
brncre,XC70732.ogg,,
brncre,XC70733.ogg,7259.381103515625,6134.084612131119,-0.028122370516507456,-1.9379105958211917,7181.3232421875,7259.064170000661,7258.747193088097,
brncre,XC91412.ogg,7766.30859375,35267.828450753135,-0.26632015496952255,-1.307542216647595,7924.21875,7764.049254890907,7761.780041648299,
