#filename,mean,variance,skewness,kurtosis,mode,gmean,hmean
brnjay,XC124871.ogg,34.60693359375,21.018408812009373,1.3926212476455828,-0.06060606060606055,32.2998046875,34.353618038939985,34.12809551886793,
brnjay,XC125637.ogg,2167.67578125,9397.224426269531,-1.7690272655464445,1.1646197628116344,2207.1533203125,2165.7765726747225,2163.78169701767,
brnjay,XC125639.ogg,2508.6181640625,662.3983383178711,-0.20124611797498107,-1.5399999999999998,2476.318359375,2508.502488726667,2508.386665087368,
brnjay,XC125640.ogg,2238.85498046875,2897.613907561583,1.1264591748305615,0.4184253148599604,2228.6865234375,2238.2540662905044,2237.663267407941,
brnjay,XC137699.ogg,2500.2892836084907,6721.744821535312,-0.007770712471560973,-0.1945320493748044,2551.6845703125,2498.9686103002227,2497.6458544729994,
brnjay,XC137700.ogg,2731.640625,529.9186706542969,-1.8109854146846465,1.6722005208333348,2734.716796875,2731.5566913701705,2731.4719582623707,
brnjay,XC153990.ogg,17.9443359375,107.51973027768342,-0.18782523875267668,-0.8671875,21.533203125,0.0,0.0,
brnjay,XC154313.ogg,2222.2265625,3122.1041679382324,-0.3012479719371724,-1.732036074894618,2153.3203125,2221.59116941367,2220.952833269979,
brnjay,XC154841.ogg,2673.193359375,132.47966766357422,0.19201160638565623,-1.1434911242603547,2659.3505859375,2673.17036198664,2673.1473766785916,
brnjay,XC166420.ogg,2429.6630859375,12921.183586120605,0.6384706531605939,-1.1809739932693848,2325.5859375,2427.484936209062,2425.34586139366,
brnjay,XC170446.ogg,5.38330078125,38.63990306854248,0.0,-2.0,0.0,0.0,0.0,
brnjay,XC189881.ogg,3680.0244140625,81.14379644393921,0.3436215967445456,-1.153061224489796,3671.4111328125,3680.0155985383103,3680.0067874231245,
brnjay,XC205265.ogg,2352.7364979619565,2580529.4247059952,0.8591775251983906,0.6130553611598537,2454.78515625,1726.1017118305397,1090.3107600522783,
brnjay,XC246154.ogg,3120.243952824519,2401986.383152925,1.1098926877265904,-0.6416179291809416,2110.25390625,2833.1299819927267,2633.7679759896396,
brnjay,XC254902.ogg,3120.7763671875,175944.03862953186,2.020901898462234,2.123241076627531,2982.3486328125,3099.961296420201,3082.1427467821627,
brnjay,XC282103.ogg,2267.6513671875,8038.755834102631,-0.436476037681108,0.03707173508812067,2185.6201171875,2265.9409879228283,2264.2074270178164,
brnjay,XC284219.ogg,3198.218994140625,508368.6301880761,0.06996523567358166,-1.4437234974388433,2476.318359375,3121.7867123441015,3046.5583388761447,
brnjay,XC28431.ogg,2527.215021306818,2728.880427100442,0.8333496667862386,0.2508867556585348,2519.384765625,2526.705163344243,2526.200732114823,
brnjay,XC28773.ogg,230.0137606534091,453855.168375102,2.844650697277667,6.095280759705732,21.533203125,36.717914627727666,23.66398630768316,
brnjay,XC28875.ogg,2847.76611328125,38.63990306854248,0.0,-2.0,2842.3828125,2847.761025090711,2847.755936909263,
brnjay,XC29657.ogg,1934.6754807692307,352345.38688109466,-2.835149112770314,6.783152004281817,2045.654296875,1469.1456721310446,249.04333602058156,
brnjay,XC305841.ogg,2051.03759765625,38.63990306854248,0.0,-2.0,2045.654296875,2051.0305329448965,2051.023468257874,
brnjay,XC319994.ogg,3059.4148334703946,1049179.7975176258,0.32581983697312783,-1.8843357238195313,2207.1533203125,2903.81983141135,2765.515743933996,
brnjay,XC327979.ogg,1908.380126953125,60461.788326501846,-1.15323206322235,-0.6678189637948675,2034.8876953125,1895.3220504002816,1881.108282712741,
brnjay,XC331311.ogg,2750.86669921875,8240.527563235339,0.7283195848433441,-0.6216732293270213,2670.1171875,2749.472801859812,2748.0996876024014,
brnjay,XC332502.ogg,3191.69921875,98419.05310750008,-0.2221249954013604,-1.9453440914791706,2853.1494140625,3177.7722899083947,3163.7121428381333,
brnjay,XC332585.ogg,2351.7333984375,1653.4481598780706,0.5164034145882513,-1.2126229519872935,2336.3525390625,2351.408784853368,2351.0860178185444,
brnjay,XC338415.ogg,2576.44775390625,1819.3293307956897,0.5063859929869207,-0.133007299329174,2562.451171875,2576.1140630347495,2575.782081952573,
brnjay,XC339967.ogg,,
brnjay,XC340320.ogg,2501.619873046875,2589.1707356159504,-0.14227668349200592,0.6897973750420738,2476.318359375,2501.1140207023645,2500.6067474393294,
brnjay,XC340487.ogg,0.0,0.0,0.0,-3.0,0.0,0.0,0.0,
brnjay,XC344346.ogg,1932.60498046875,220.24744749069214,0.0,-1.6454293628808863,1916.455078125,1932.5574944601249,1932.5100087908843,
brnjay,XC351641.ogg,4087.7197265625,2232412.671804428,-0.0007229142870878268,-1.998991138212311,2702.4169921875,3853.395341844955,3632.429332084535,
brnjay,XC352995.ogg,2465.5517578125,2071.098804473877,0.7275463925099371,-0.7242147471597242,2454.78515625,2465.161304631017,2464.7741692785658,
brnjay,XC361900.ogg,2336.3525390625,17581.15589618683,-0.9385484606606428,-1.104463229078614,2142.5537109375,2333.014893881938,2329.5676460356353,
brnjay,XC362090.ogg,2041.1209909539473,58234.40128251125,-3.735990398836531,12.654110368384714,2121.0205078125,2021.5280207754622,1992.912901583381,
brnjay,XC362091.ogg,2040.4164907094594,159715.6025831764,-1.8025616062550187,1.318618613192795,2217.919921875,1989.3615943112463,1923.0016690303491,
brnjay,XC362092.ogg,,
brnjay,XC362093.ogg,2105.5435180664062,111642.54940332884,-2.517323716111331,4.49280127024842,2207.1533203125,2069.236610389841,2019.1586751154086,
brnjay,XC362094.ogg,2195.4079367897725,23727.710658853706,0.9718840283158514,-0.9751713796795158,2077.9541015625,2190.692616857201,2186.1792000077294,
brnjay,XC362095.ogg,2259.581988790761,108.58881850487631,-0.35291687821522155,-0.8718955295625532,2260.986328125,2259.558980217479,2259.5359469576147,
brnjay,XC362096.ogg,1901.07421875,248399.37686920166,-0.6932892793111864,-1.4950637544,1227.392578125,1828.7650206222156,1749.5305647407101,
brnjay,XC378628.ogg,64.599609375,173.87956380844116,-1.7320508075688774,2.250000000000001,64.599609375,62.96478302504331,60.74291627798509,
brnjay,XC378629.ogg,2711.0302734375,81.14379644393921,0.3436215967445456,-1.153061224489796,2702.4169921875,2711.0183091248746,2711.0063529267436,
brnjay,XC383049.ogg,,
brnjay,XC391882.ogg,35.888671875,38.63990306854248,0.7071067811865475,-1.5,32.2998046875,35.55053507721021,35.23615056818182,
brnjay,XC406593.ogg,2296.875,448.2228755950928,-0.8516372406050999,-0.7134363852556485,2304.052734375,2296.793296087338,2296.7111991371553,
brnjay,XC423191.ogg,2739.0234375,211.23147010803223,0.651358860559796,-0.6162998215348003,2723.9501953125,2738.988808867377,2738.954255324793,
brnjay,XC433896.ogg,2138.469827586207,1112.9434149840781,-0.27552071778028187,-0.40041952287170623,2131.787109375,2138.2178110668974,2137.9650209145507,
brnjay,XC436160.ogg,2196.771240234375,7732.120603322983,0.4818734429992689,-1.1606003488020622,2121.0205078125,2195.093937385967,2193.437228871989,
brnjay,XC437368.ogg,0.7177734375,7.727980613708496,3.474396144861517,10.071428571428571,0.0,0.0,0.0,
brnjay,XC442608.ogg,,
brnjay,XC444730.ogg,2059.254214638158,58576.05937280153,-3.926444407620302,13.648249466497017,2121.0205078125,2039.415904133376,2010.0651752840374,
brnjay,XC447913.ogg,,
brnjay,XC453792.ogg,1569.53125,1651297.0637358152,-0.376308000621272,-1.8571064913809077,2627.05078125,505.0317512253728,103.49769399419522,
brnjay,XC475007.ogg,,
brnjay,XC486147.ogg,2494.2626953125,1738.7956380844116,-0.047164998007389304,-1.6941666666666666,2444.0185546875,2493.952680396445,2493.6425267629065,
brnjay,XC489490.ogg,2594.7509765625,0.0,0.0,-3.0,2594.7509765625,2594.7509765625005,2594.7509765625,
brnjay,XC500150.ogg,2499.64599609375,1085.7812762260437,-1.6847760466383443,1.0216435962057222,2508.6181640625,2499.4625135535325,2499.276517095317,
brnjay,XC518413.ogg,,
brnjay,XC531456.ogg,781.0680042613636,1234530.149622397,1.0271020685045058,-0.9317601393425816,118.4326171875,292.9284712677882,173.79327988944632,
brnjay,XC615379.ogg,2092.3095703125,559.9140671064268,-0.04305743688486055,-0.8620605468749996,2077.9541015625,2092.1781895308227,2092.046756013549,
brnjay,XC617751.ogg,3492.462789601293,509313.22855168366,-0.6624897751808253,-1.2987943257011367,4026.708984375,3413.6209888945623,3327.718976981621,
brnjay,XC618893.ogg,12.423001802884615,35.667602832500755,0.12629537138523061,0.16145833333333304,10.7666015625,0.0,0.0,
brnjay,XC619025.ogg,8.61328125,19.523319445158307,-1.5,0.24999999999999956,10.7666015625,0.0,0.0,
brnjay,XC8829.ogg,2770.60546875,170.0155735015869,0.0548202444686843,-1.3884297520661155,2756.25,2770.5799041482437,2770.554343509119,
