#filename,mean,variance,skewness,kurtosis,mode,gmean,hmean
brnthr,XC111138.ogg,1321.3556463068182,141.21128212321887,-0.37520255499132377,-1.0537981733125334,1324.2919921875,1321.3069629347472,1321.2581737638288,
brnthr,XC111139.ogg,2147.93701171875,1803.5742991110858,-2.2487055149173996,5.775386737468777,2153.3203125,2147.52843642979,2147.1072884090026,
brnthr,XC112502.ogg,4486.68212890625,313757.9070294605,3.1487083242651854,9.685685749889535,4532.7392578125,4459.897237303957,4437.990313773468,
brnthr,XC122175.ogg,,
brnthr,XC130525.ogg,2424.932306463068,18822.400055148384,3.0680539886301808,9.767704841917602,2411.71875,2421.587424594745,2418.5598373339194,
brnthr,XC131881.ogg,2874.6826171875,77.27980613708496,0.0,-1.0000000000000002,2874.6826171875,2874.6725360468654,2874.662454870877,
brnthr,XC131882.ogg,2392.1431107954545,97136.50105216287,-0.5415851529117084,-1.3091706607339795,1948.7548828125,2372.6669677117484,2352.3010141476366,
brnthr,XC132413.ogg,,
brnthr,XC132421.ogg,,
brnthr,XC136051.ogg,2830.078125,209.75947380065918,0.271676526951981,-0.8760387811634347,2820.849609375,2830.0463868621014,2830.0146755390037,
brnthr,XC136052.ogg,3107.4068509615386,242875.68807968724,-0.10873053783930843,-1.0197407243296681,3563.7451171875,3068.719608920021,3029.213395797529,
brnthr,XC136053.ogg,2672.808837890625,3104.9922108650208,1.0633663075347086,-0.7079680000000002,2637.8173828125,2672.3074529044798,2671.812944130737,
brnthr,XC136054.ogg,2780.474853515625,117494.28525567055,1.1539437674038544,-0.6672573262487083,2605.517578125,2765.7839337540136,2752.258036242249,
brnthr,XC136055.ogg,2788.5498046875,129134.55605506897,0.7148134366408663,-1.240972633331674,2454.78515625,2768.7477072799434,2750.0824982714275,
brnthr,XC138065.ogg,2711.9873046875,141960.03157358902,-0.6276641732279885,-0.7563537523047721,2024.12109375,2684.861104043577,2655.8415937334967,
brnthr,XC138066.ogg,1731.62841796875,3311.4396929740906,-1.7327598974156977,1.100359589297554,1754.9560546875,1730.80230132003,1729.9462377296175,
brnthr,XC138610.ogg,3111.5478515625,17098.157107830048,-1.0861903668989117,0.1953490376328646,3219.2138671875,3109.029994134242,3106.43486415135,
brnthr,XC139932.ogg,1993.5439453125,1631885.5950772762,-0.6764990116433666,-1.1922259246767877,86.1328125,1014.873279089047,249.5178213938424,
brnthr,XC139961.ogg,3348.4130859375,347.7591276168823,0.0,-1.5740740740740742,3326.8798828125,3348.3685748641096,3348.324063878389,
brnthr,XC141035.ogg,2236.22314453125,2989.4405007362366,-1.216116276782832,-0.15320952634294072,2271.7529296875,2235.60986754019,2234.9848255484203,
brnthr,XC141898.ogg,2509.032264122596,1467854.0050259,-0.26021223378474717,0.9357945810930395,2228.6865234375,0.0,0.0,
brnthr,XC144655.ogg,,
brnthr,XC144658.ogg,2354.8095703125,143.51963996887207,-0.19201160638565623,-1.143491124260355,2347.119140625,2354.783433833983,2354.757281398747,
brnthr,XC166085.ogg,2592.3583984375,2830833.606307323,2.4033280669977914,3.932602655761686,1561.1572265625,2307.6404422017813,2161.5874229045075,
brnthr,XC167821.ogg,1788.682758377259,468897.403831206,0.490023956740598,-1.2411862009193773,1270.458984375,1665.6340481446314,1556.373312938336,
brnthr,XC16933.ogg,,
brnthr,XC173361.ogg,3142.3095703125,450210.0706100464,0.3849485106659476,-1.430653106893507,2519.384765625,3082.86207092103,3026.455076958868,
brnthr,XC174538.ogg,3378.91845703125,59880.25778532028,1.4109912794528738,0.5859439979950785,3348.4130859375,3371.948383464717,3365.377610607138,
brnthr,XC179632.ogg,2281.9673978365386,247260.9472774959,1.3924047981018932,0.5928548516059,1916.455078125,2236.3589796664783,2197.939099854744,
brnthr,XC182069.ogg,,
brnthr,XC186852.ogg,,
brnthr,XC186853.ogg,,
brnthr,XC192082.ogg,2667.425537109375,17743.995487689972,0.5102770579867755,-1.7261879228272323,2562.451171875,2664.559114751373,2661.740291958841,
brnthr,XC198579.ogg,,
brnthr,XC205924.ogg,5195.654296875,110.39972305297852,-0.2134537420613656,-0.7324999999999999,5200.2685546875,5195.64518793186,5195.636076537948,
brnthr,XC210841.ogg,6122.607421875,3306534.6982198604,-0.45893767577898537,-1.7802370389846272,3811.376953125,5835.123326720402,5533.9818954295115,
brnthr,XC210843.ogg,5149.4501953125,72483.82136821747,0.009972030247863434,-0.7037009637755771,5211.03515625,5142.679943278158,5135.897569051494,
brnthr,XC215466.ogg,,
brnthr,XC234662.ogg,,
brnthr,XC235031.ogg,2495.8939985795455,348395.43147520575,-2.772954934442261,8.910180489083352,2314.8193359375,2296.5178275541075,1615.4616253552686,
brnthr,XC237275.ogg,,
brnthr,XC237843.ogg,2542.2637939453125,53784.813076257706,1.5502108520860607,2.7889049255151415,2637.8173828125,2533.0816078142507,2524.551524740138,
brnthr,XC243993.ogg,2197.3655007102275,76471.17834741418,1.4405809077198994,0.3606077600815394,2013.3544921875,2183.0937939635996,2170.2946723838427,
brnthr,XC253846.ogg,57.74813565340909,121274.07243337491,6.401200662885573,38.99202720900566,0.0,0.0,0.0,
brnthr,XC253847.ogg,8.3740234375,48.48929012522978,0.2099223256647563,-0.62109375,10.7666015625,0.0,0.0,
brnthr,XC269473.ogg,2185.6201171875,2144.5146203041077,0.21993918571932933,-1.8939006574141708,2142.5537109375,2185.1852564930036,2184.7517411296776,
brnthr,XC269518.ogg,3289.5556640625,29656.67760372162,-0.9044578872474461,-0.9668682034565994,3014.6484375,3285.211441959984,3280.732982020574,
brnthr,XC287459.ogg,5734.704330119681,643336.3708172761,1.0812809424499994,-0.14520671794356454,5146.435546875,5684.243822756543,5638.131725933624,
brnthr,XC287637.ogg,2841.485595703125,440631.01282173936,-0.010297412159389807,-1.9852453267691301,2153.3203125,2769.3537677308127,2698.877999102791,
brnthr,XC288989.ogg,505.810546875,2489.8094683885574,0.3150972783110746,-0.0017795456168991919,484.4970703125,503.42056028080736,501.04530662434007,
brnthr,XC31307.ogg,,
brnthr,XC31308.ogg,19.3798828125,252.44736671447754,0.358600583090379,-1.1478550603915032,10.7666015625,0.0,0.0,
brnthr,XC313156.ogg,2887.24365234375,82044.10618543625,0.7057583839826368,-1.4987290233060782,2702.4169921875,2875.8632790579995,2864.9856299943212,
brnthr,XC313387.ogg,3347.515869140625,280240.2879026803,0.9820570609388133,-0.3297952729756908,2928.515625,3312.1565567834223,3279.811937633742,
brnthr,XC313418.ogg,2645.892333984375,135670.846930959,-0.8658350463962121,-0.6345338815189314,2788.5498046875,2620.124600869246,2592.126529292868,
brnthr,XC314497.ogg,,
brnthr,XC316044.ogg,,
brnthr,XC316666.ogg,44.14306640625,88.8717770576477,-0.18843003091685614,-1.5261499684940139,53.8330078125,43.19376061564575,42.2219669117647,
brnthr,XC316667.ogg,42.5537109375,98.25575351715088,-0.30043198340629695,-0.9614316374195178,43.06640625,41.34380340996623,40.017457134955755,
brnthr,XC317864.ogg,2898.1733842329545,222672.22686247394,1.1705969911269984,0.2988075501707774,2670.1171875,2864.9927449240395,2835.0833166828597,
brnthr,XC318456.ogg,3107.2412109375,34.77591276168823,-0.40824829046386296,-1.8333333333333333,3111.5478515625,3107.236732107524,3107.232251213592,
brnthr,XC318459.ogg,3181.116661658654,450070.1601917927,-0.38370573447379086,-1.3848836844645884,2282.51953125,3110.7101780043204,3036.6767829256128,
brnthr,XC319721.ogg,2565.8157348632812,1192515.7974734902,0.962995699638244,-0.9622504958374951,1851.85546875,2386.188574043358,2250.3101982426974,
brnthr,XC320485.ogg,2840.58837890625,65.68783521652222,0.2282688235636075,-0.8927335640138407,2842.3828125,2840.578747369364,2840.569119612092,
brnthr,XC321631.ogg,26.91650390625,38.63990306854248,0.0,-2.0,21.533203125,26.37268009197709,25.83984375,
brnthr,XC321692.ogg,2472.7294921875,38.63990306854248,-0.7071067811865475,-1.5,2476.318359375,2472.7242783307534,2472.7190594340477,
brnthr,XC322488.ogg,3046.9482421875,96290.63844680786,0.8403808248952194,-1.1364489963388462,2788.5498046875,3034.0448084630957,3021.8147643489815,
brnthr,XC327806.ogg,6079.0924072265625,552239.4246608019,0.7936320258174782,-1.0219936508242673,5577.099609375,6041.409553566822,6005.910839839535,
brnthr,XC328805.ogg,2797.52197265625,634007.3935389519,1.1220988510713976,-0.22093248015798483,2196.38671875,2716.097220861649,2647.5551053173804,
brnthr,XC330231.ogg,,
brnthr,XC336248.ogg,1878.77197265625,57.95985460281372,0.0,-2.0,1873.388671875,1878.7642601751184,1878.7565477256444,
brnthr,XC336667.ogg,3724.0478515625,7992.51533471621,-0.50108163812006,-0.3830943691507387,3671.4111328125,3723.0057414480257,3721.95481436898,
brnthr,XC338492.ogg,4733.9918870192305,1522129.8123781495,3.1733216827905855,8.075234034780985,4360.4736328125,4634.589045733075,4568.571857456762,
brnthr,XC341519.ogg,,
brnthr,XC341520.ogg,,
brnthr,XC341521.ogg,3186.9140625,9690.887689590454,0.0,-1.98676770220462,3100.78125,3185.646788251788,3184.3800045916882,
brnthr,XC360937.ogg,4692.802734375,2298983.704805374,-0.4116889577366897,-1.816991610824531,2971.58203125,4434.606272920379,4167.045258308551,
brnthr,XC360938.ogg,3423.779296875,77.27980613708496,0.0,-1.0000000000000002,3423.779296875,3423.77083253421,3423.7623681724886,
brnthr,XC362960.ogg,102.48209635416667,225079.94656292896,4.894824771200494,21.987119879183744,10.7666015625,0.0,0.0,
brnthr,XC364466.ogg,34.453125,81.14379644393921,-0.3436215967445456,-1.153061224489796,32.2998046875,33.416205961751636,32.2998046875,
brnthr,XC364468.ogg,2176.8904402449325,2301391.582440686,-0.4693275961778576,-1.261251879749872,21.533203125,724.1822496473428,75.71979971885958,
brnthr,XC367193.ogg,4110.823059082031,1427288.9972670425,-0.9926679033985725,-0.11445790399754241,2121.0205078125,3877.978006538471,3556.1206900851107,
brnthr,XC367707.ogg,,
brnthr,XC370251.ogg,2407.1511008522725,129381.10498203473,0.6766982352896217,-0.9007126185671037,2067.1875,2382.428057197843,2359.168214260495,
brnthr,XC370857.ogg,2727.262995793269,229407.601250135,-0.4727036542524265,-1.2890988175456877,1959.521484375,2683.7658089438587,2637.733227738092,
brnthr,XC373480.ogg,3176.1474609375,149652.34458446503,1.3750581889899105,1.6746570979489572,2831.6162109375,3156.2308968417424,3137.9576941627756,
brnthr,XC373484.ogg,3073.86474609375,193.1995153427124,0.0,-1.3599999999999999,3057.71484375,3073.841176269586,3073.8176063948217,
brnthr,XC373486.ogg,2409.92431640625,168923.1180602854,0.6434761226208919,-1.4799603377207808,2121.0205078125,2379.663437453402,2351.62243349361,
brnthr,XC373499.ogg,2802.252752130682,229175.3727306019,0.02392086184662855,-1.6962084520569403,2185.6201171875,2764.7582810971076,2727.5140628069526,
brnthr,XC373502.ogg,3376.0986328125,471517.21715927124,-0.11391290420395077,-0.8223975552424831,2271.7529296875,3313.319758250088,3247.697821318009,
brnthr,XC374113.ogg,2608.59375,283100.46315193176,0.17895583473631696,-1.541236950957496,2013.3544921875,2556.562014718638,2505.9518379729416,
brnthr,XC383951.ogg,,
brnthr,XC393129.ogg,134.99661959134616,1346.8086829552285,0.7073626125797373,-0.7431194565139339,96.8994140625,130.5650364528733,126.56625046616749,
brnthr,XC404968.ogg,2741.89453125,34806.82468414307,0.6965243158687305,-1.4999893522710424,2982.3486328125,2736.7480852314343,2731.753943351516,
brnthr,XC412205.ogg,109.0118408203125,312.5692158937454,-0.2101837741197034,-1.466865488355774,86.1328125,107.71468971048223,106.38987445414847,
brnthr,XC412672.ogg,3.5888671875,36.95990728295368,1.4253263561857918,1.0661157024793395,0.0,0.0,0.0,
brnthr,XC420133.ogg,5918.759765625,474274.0199443862,0.6598094904020141,-0.43998676326701114,5307.9345703125,5880.400651424607,5843.624366718354,
brnthr,XC420604.ogg,3195.52734375,81.14379644393921,0.3436215967445456,-1.153061224489796,3186.9140625,3195.5171924019874,3195.5070468983663,
brnthr,XC425944.ogg,2343.5302734375,167094.3968296051,0.683258491717205,-1.4968784683951872,2099.4873046875,2315.644790103323,2289.8924357647043,
brnthr,XC426243.ogg,2697.03369140625,412.5377886435565,0.9737039819684448,0.17252919882521622,2680.8837890625,2696.9617984256497,2696.890242242608,
brnthr,XC451865.ogg,2598.33984375,153906.24664046548,0.3619583087756472,-1.8357003842973574,2271.7529296875,2571.964550988504,2546.7121153810813,
brnthr,XC456917.ogg,4239.087346169801,300271.88966298,-0.26271429705663335,-0.7156292734279579,3596.044921875,4202.617725807186,4164.791809313767,
brnthr,XC461195.ogg,2796.961212158203,147941.4771827719,-1.5172405104966002,1.1918784635292239,2960.8154296875,2766.663113299101,2730.9559292255076,
brnthr,XC465733.ogg,2729.33349609375,18471.359816881326,-2.9716827762220865,7.691540462498972,2734.716796875,2725.8501841979014,2721.987200015826,
brnthr,XC467806.ogg,,
brnthr,XC469721.ogg,2568.5366423233695,520351.20374600403,-0.16464591024796202,-1.8219914310763914,1754.9560546875,2466.0302113046473,2363.6902424278337,
brnthr,XC470763.ogg,,
brnthr,XC476526.ogg,2989.5263671875,46816.10655784607,0.0019855420259927508,-1.9947471569262072,2788.5498046875,2982.9947126800703,2976.4777543233504,
brnthr,XC483029.ogg,,
brnthr,XC483031.ogg,,
brnthr,XC483033.ogg,,
brnthr,XC532118.ogg,4771.91162109375,3834232.0615053177,-1.9662844193929991,2.0196980652803456,5318.701171875,3063.81165869119,487.11152558571473,
brnthr,XC532119.ogg,3179.736328125,6519.605463201349,-0.6017589501432534,-1.3207909111177174,3229.98046875,3178.7870785414952,3177.8285599482947,
brnthr,XC53695.ogg,3361.3330078125,7268.165767192841,0.15227508888874833,-1.626530986012225,3262.2802734375,3360.4698906143076,3359.608818417226,
brnthr,XC53696.ogg,2176.0498046875,15662.040710449219,-0.6893222252883111,-1.4951790257504112,2013.3544921875,2172.76624548502,2169.403058451795,
brnthr,XC53697.ogg,2688.8590494791665,99004.99037976531,0.6876327277536234,4.836294189543986,2476.318359375,2671.0030468948526,2652.9339217189813,
brnthr,XC53698.ogg,2374.8046875,35894.34687907879,-0.5331433062857155,-1.2037210936723746,2422.4853515625,2367.566932309671,2360.124915068037,
brnthr,XC53699.ogg,1780.6302584134614,1550475.1535791615,-0.7636337860606431,-1.3176666112088817,0.0,0.0,0.0,
brnthr,XC53700.ogg,1204.78271484375,1590378.482401371,0.011490174865800744,-1.9852430679202793,10.7666015625,0.0,0.0,
brnthr,XC537552.ogg,129.19921875,77.27980613708496,0.0,-1.0000000000000002,129.19921875,128.97432804765683,128.74904725609758,
brnthr,XC538953.ogg,3236.4404296875,60309.1607093811,0.10646793903488391,-1.7534372144886121,2982.3486328125,3228.081681767998,3219.7766017071363,
brnthr,XC540589.ogg,3054.638671875,1907640.974521637,0.9486597382094357,-1.0999602486893132,2250.2197265625,2835.1934932367762,2671.4960595821753,
brnthr,XC546731.ogg,3174.609375,159135.68079471588,-0.942332836954453,-1.0434858352493392,2540.91796875,3151.3109255075883,3126.2994124292886,
brnthr,XC550247.ogg,,
brnthr,XC550415.ogg,,
brnthr,XC550434.ogg,2812.6669921875,184981.5807580948,-0.46383059248511516,-1.6304357440878623,3176.1474609375,2779.290499297648,2744.5755482759187,
brnthr,XC552568.ogg,3899.124755859375,1718700.213418557,0.13233076022296744,-1.338126729101287,2271.7529296875,3676.494470711263,3457.8684721162085,
brnthr,XC553234.ogg,9.5703125,70.83982229232788,0.17816579452322398,-1.146694214876033,10.7666015625,0.0,0.0,
brnthr,XC557113.ogg,23.0712890625,16.559958457946777,2.041241452319315,2.166666666666667,21.533203125,22.81731464825041,22.60986328125,
brnthr,XC557336.ogg,2578.2844094669117,130657.70693999881,-0.9106408048183258,-0.03479510228280125,1851.85546875,2551.806867962454,2522.5304320674077,
brnthr,XC564809.ogg,,
brnthr,XC567921.ogg,3587.07275390625,65.68783521652222,-0.2282688235636075,-0.8927335640138407,3585.2783203125,3587.065121327304,3587.0574863336055,
brnthr,XC568717.ogg,0.0,0.0,0.0,-3.0,0.0,0.0,0.0,
brnthr,XC569949.ogg,0.0,0.0,0.0,-3.0,0.0,0.0,0.0,
brnthr,XC569951.ogg,0.0,0.0,0.0,-3.0,0.0,0.0,0.0,
brnthr,XC570946.ogg,47.373046875,498.454749584198,1.2864700617061375,-0.03055705786911833,32.2998046875,44.09294811454763,41.67716733870967,
brnthr,XC570947.ogg,3147.4365234375,20850.091695785522,-1.7762707400020794,1.1777507540659657,3197.6806640625,3144.529859467544,3141.4722157144015,
brnthr,XC572976.ogg,,
brnthr,XC573464.ogg,,
brnthr,XC573468.ogg,2664.450555098684,521282.79758127115,0.7559794869616422,-0.9376109597063285,1927.2216796875,2580.104883162425,2505.533061660392,
brnthr,XC579016.ogg,5114.1357421875,759216.1354422569,-0.7157656296768993,-1.4685356267984762,5673.9990234375,5042.0529566473015,4964.932828931008,
brnthr,XC580989.ogg,3014.6484375,37152.266800403595,1.4941529614148175,0.24221003161499333,2928.515625,3009.9793041115076,3005.5651479942817,
brnthr,XC581069.ogg,48.876953125,148.92091674189413,1.173946313395283,1.5529823206405124,43.06640625,47.535194145521515,46.31511580942124,
brnthr,XC581083.ogg,3395.7861328125,75382.58689641953,1.4971174914008525,0.24615813295601185,3273.046875,3387.4898991000036,3379.7615587540654,
brnthr,XC600713.ogg,2855.841064453125,42429.248108105225,-0.44191173744813256,0.4457501218572899,2820.849609375,2848.8418950077803,2841.633807126481,
brnthr,XC609189.ogg,4285.107421875,71777.48394012451,-0.24935086559826103,-1.9278110512411335,3983.642578125,4277.1681667954535,4269.162609460379,
brnthr,XC613092.ogg,1130.4931640625,154.55961227416992,-0.7015607600201139,-0.8125,1141.259765625,1130.4342861073333,1130.3751248740584,
brnthr,XC67399.ogg,,
brnthr,XC81305.ogg,3554.1748046875,360870.93472480774,-1.3527621544545585,0.131933601079242,3736.0107421875,3500.5415825855343,3437.7899042654253,
