#filename,mean,variance,skewness,kurtosis,mode,gmean,hmean
brwpar1,XC127031.ogg,,
brwpar1,XC128404.ogg,,
brwpar1,XC147974.ogg,1295.068359375,1880242.523252964,0.49769847175881543,-1.3802524493373622,118.4326171875,504.5957619515275,217.3811196515676,
brwpar1,XC147989.ogg,,
brwpar1,XC148001.ogg,335.72221235795456,20258.549906990746,-0.1823712650447344,-1.9510277805053298,193.798828125,305.3891052265115,276.2871773670775,
brwpar1,XC148014.ogg,452.197265625,2434.3138933181763,1.264736386296432,-0.29464285714285765,419.8974609375,449.987659461833,447.9586078781603,
brwpar1,XC148265.ogg,234.47265625,1239.696890115738,1.209830307048322,0.6103322651374596,204.5654296875,232.33178269439847,230.38595317024925,
brwpar1,XC158441.ogg,3146.1143092105262,9126.473947575218,-0.3561710882140277,-1.3338048646415215,3186.9140625,3144.7298609191225,3143.3355772522727,
brwpar1,XC186809.ogg,3641.50390625,276635.94603538513,-0.08890383972772788,-1.836836459598559,3897.509765625,3607.2566127027126,3572.965152556016,
brwpar1,XC238869.ogg,3444.3337180397725,11718.428785150702,0.5032168631005552,-1.3587010571398954,3348.4130859375,3442.80202512498,3441.2857043788445,
brwpar1,XC238870.ogg,0.0,0.0,0.0,-3.0,0.0,0.0,0.0,
brwpar1,XC238871.ogg,3508.83544921875,1209646.6374993324,0.5014217691948054,-1.648010731801879,2713.18359375,3364.313637547532,3237.0149634850295,
brwpar1,XC238872.ogg,3496.0693359375,143.51963996887207,-0.19201160638565623,-1.143491124260355,3488.37890625,3496.0517350804607,3496.034127015135,
brwpar1,XC238873.ogg,96.8994140625,0.0,0.0,-3.0,96.8994140625,96.8994140625,96.8994140625,
brwpar1,XC238874.ogg,2947.05810546875,247724.585620796,0.8088581710436732,-0.4860064486375304,2357.8857421875,2909.9213435806187,2875.333943695443,
brwpar1,XC238875.ogg,62.4462890625,81.14379644393921,0.3436215967445456,-1.153061224489796,53.8330078125,61.93651304007604,61.43984587296195,
brwpar1,XC238876.ogg,2669.34814453125,104068.51124304991,2.0233000774755125,2.128012875717123,2519.384765625,2653.622923139098,2640.0383361124673,
brwpar1,XC240059.ogg,,
brwpar1,XC240955.ogg,,
brwpar1,XC244182.ogg,3167.17529296875,797.3870905962857,-0.34677350112668137,-1.4421005647305398,3197.6806640625,3167.059668021308,3166.9438148524737,
brwpar1,XC257689.ogg,3181.0413707386365,3532.389684156938,0.48035509463999837,-1.4244895648805873,3122.314453125,3180.5394150251145,3180.040327377839,
brwpar1,XC261614.ogg,2470.93505859375,57.95985460281372,0.0,-2.0,2465.5517578125,2470.9291944247193,2470.9233302696075,
brwpar1,XC261615.ogg,5599.530029296875,4740324.866676873,-0.3380655739653388,-1.8856803372504272,7364.35546875,5156.762371771551,4711.790022653522,
brwpar1,XC261616.ogg,37.68310546875,38.63990306854248,0.0,-2.0,32.2998046875,37.29660186220092,36.9140625,
brwpar1,XC261617.ogg,6024.6826171875,14808600.558042526,-0.9443111679680959,-1.102103043918417,43.06640625,1975.7208429703712,178.89719170053218,
brwpar1,XC275225.ogg,3724.907684326172,1084757.8251644247,0.7087985279143318,-0.6991071962992295,3402.24609375,3594.3745707608555,3476.0064459215705,
brwpar1,XC275226.ogg,3092.16796875,11269.836149717632,1.1102484248411164,0.3366492349874264,3003.8818359375,3090.4770339495713,3088.825677099466,
brwpar1,XC294171.ogg,3367.254638671875,147828.54115962982,-0.09059122812111332,0.46897316171438286,3165.380859375,3346.1278169391317,3324.269239852992,
brwpar1,XC333236.ogg,53.8330078125,347.7591276168823,-0.4592793267718459,-0.9374999999999996,53.8330078125,50.290294435224475,46.09032152463193,
brwpar1,XC347768.ogg,,
brwpar1,XC411650.ogg,3095.39794921875,175369.96006965637,-1.1530653095787864,-0.6674216683118126,3316.11328125,3067.766256717555,3037.3519137225085,
brwpar1,XC446428.ogg,,
brwpar1,XC499945.ogg,3195.27471957926,122017.25617669395,-3.0532883700503843,36.71329477841642,3068.4814453125,3131.4033796439007,2409.796035029493,
brwpar1,XC499947.ogg,50.60302734375,78.56780290603638,-0.6800647393157098,0.15425960763235702,53.8330078125,49.81956060725437,48.93909801136364,
brwpar1,XC513919.ogg,3027.568359375,2863.216817378998,1.424629254201455,0.1505269714304447,3003.8818359375,3027.195630405428,3026.8284285338,
brwpar1,XC518100.ogg,503.338623046875,65.86347113956104,0.41569219381653055,-1.008,495.263671875,503.2788947252487,503.21941619126255,
brwpar1,XC565754.ogg,172.265625,22256.58416748047,-0.7071067811865475,-1.5,258.3984375,0.0,0.0,
brwpar1,XC585711.ogg,17.4957275390625,44.43588852882385,0.38076545175639737,-0.6767485822306241,21.533203125,16.308488726776865,15.199908088235295,
brwpar1,XC589614.ogg,3318.597881610577,198399.5546056674,-0.5157237021239145,-1.6584099211542045,2734.716796875,3289.56507634063,3259.3955935708896,
brwpar1,XC589615.ogg,3866.0074869791665,408955.156665582,-0.07884465542190162,-0.7961929676672845,3703.7109375,3813.4003041869587,3759.2581634407593,
brwpar1,XC600042.ogg,123.81591796875,38.63990306854248,0.0,-2.0,118.4326171875,123.69883433219097,123.58186141304347,
brwpar1,XC6642.ogg,3769.6563720703125,96095.54893620637,2.774096351603599,6.243686606780027,3703.7109375,3758.971878004472,3749.627259971434,
brwpar1,XC74808.ogg,64.599609375,521.6386914253235,1.0,-0.4166666666666665,53.8330078125,61.50640007394582,58.92531936233108,
brwpar1,XC74809.ogg,2757.147216796875,1608553.6975345828,-1.7699501574490921,1.164855603218931,3359.1796875,1630.2729954318786,267.67969721286823,
brwpar1,XC9852.ogg,,
