#filename,mean,variance,skewness,kurtosis,mode,gmean,hmean
btbwar,XC134502.ogg,4659.919738769531,4763.817049562931,3.2135497464886242,9.203810813025397,4640.4052734375,4659.45470697212,4659.003401982269,
btbwar,XC135451.ogg,,
btbwar,XC138154.ogg,6822.814298930921,172881.6810485564,0.9435595535334975,0.4246898105898471,6212.3291015625,6810.778512125398,6799.137152953451,
btbwar,XC139608.ogg,4785.75439453125,798918.6358451843,1.154461613851658,-0.6668518595269668,4295.8740234375,4720.860449711259,4664.199559703013,
btbwar,XC139610.ogg,5571.71630859375,1114660.05789883,-0.4418383522445934,-1.7667054275170508,6513.7939453125,5470.7596754946,5365.753742141201,
btbwar,XC142186.ogg,,
btbwar,XC142722.ogg,4878.6163330078125,187870.65871059895,1.3286380101583064,0.012140289610279797,4640.4052734375,4862.879288427588,4848.229717820942,
btbwar,XC147067.ogg,4992.056372857863,1816737.0288609758,-3.3532395043154652,9.245789624025944,5361.767578125,4061.1802699557184,1166.312532575407,
btbwar,XC167818.ogg,5809.070933948864,16306.741638617084,-0.5114186243498576,-1.6481449351582107,5641.69921875,5807.785611119336,5806.49125645644,
btbwar,XC177054.ogg,,
btbwar,XC177839.ogg,,
btbwar,XC178552.ogg,6176.229319852941,79027.40940013353,-1.4570278558167975,0.49909492730604166,6352.294921875,6169.9307831314445,6163.348546282262,
btbwar,XC179643.ogg,,
btbwar,XC181479.ogg,5177.3895263671875,523.5706865787506,-0.47744754780869997,-0.4331912691820645,5178.7353515625,5177.34205790867,5177.294523954381,
btbwar,XC182683.ogg,8209.817023026315,3276.257044390628,0.4224026718451326,-0.3085663905672038,8182.6171875,8209.628343603028,8209.440015114531,
btbwar,XC186365.ogg,4591.005572150735,62829.33474025305,0.7378401090228073,-1.1547010413370615,4414.306640625,4584.721774116241,4578.600119708469,
btbwar,XC217976.ogg,3688.6077880859375,1240894.8858428588,0.1456353060884127,-1.4866328916333238,2174.853515625,3519.894249259887,3355.9342310143315,
btbwar,XC217977.ogg,3971.08154296875,1012.592753943275,1.08158687246997,-0.3849267081590315,3951.3427734375,3970.961798735463,3970.8427226102262,
btbwar,XC217978.ogg,4860.5224609375,58426.75343155861,0.14056399667057612,-1.6977973188487068,4618.8720703125,4855.198765633959,4849.900908184811,
btbwar,XC217979.ogg,5102.8564453125,15898.112118244171,2.4410953700865727,4.590061349074354,5049.5361328125,5101.428181314269,5100.053250465405,
btbwar,XC217980.ogg,5614.78271484375,501941.12265651877,-2.239631425097768,5.060514692118748,5986.23046875,5559.310335107519,5486.861083393468,
btbwar,XC246092.ogg,,
btbwar,XC260204.ogg,,
btbwar,XC291107.ogg,7139.390162417763,66260.8930108218,-0.8418503234909879,-0.902655704819169,6912.158203125,7134.776777075192,7130.0695745010535,
btbwar,XC297404.ogg,5074.29931640625,416.0907456749364,0.5564581774788515,-0.5881098373766998,5081.8359375,5074.260422619665,5074.2215849061295,
btbwar,XC311813.ogg,6202.390700120192,48173.55607564633,-1.4135220991692474,0.34711117811200864,6309.228515625,6198.684853551056,6194.855915418228,
btbwar,XC316009.ogg,,
btbwar,XC324986.ogg,3793.2437294407896,12738.965937965795,0.9175500933868909,-0.23404188496015443,3692.9443359375,3791.679673805496,3790.1422189345703,
btbwar,XC326590.ogg,4038.879925271739,77100.35204180615,2.208037573177719,5.114411125042688,3779.0771484375,4030.5210002543768,4022.851041247011,
btbwar,XC334479.ogg,,
btbwar,XC334962.ogg,265.31982421875,4915.123054614434,1.5659575229515128,2.487641063271516,204.5654296875,258.1008457720343,251.9844456033139,
btbwar,XC339866.ogg,3497.607421875,9859.54449726985,0.7508159370603059,-0.9240935039961546,3413.0126953125,3496.3158011999008,3495.041561897121,
btbwar,XC339902.ogg,,
btbwar,XC367191.ogg,4513.359375,23.18394184112549,1.5,0.25,4511.2060546875,4513.357322263069,4513.355271483444,
btbwar,XC369821.ogg,,
btbwar,XC371033.ogg,4039.62890625,4039.1578674316406,0.39618258017492713,-1.7767434142024154,3983.642578125,4039.1806965607702,4038.734288022359,
btbwar,XC371044.ogg,5375.1181640625,120646.14214897156,0.8709832028121344,-0.5211925838608442,5124.90234375,5364.701066338823,5354.642583733785,
btbwar,XC374898.ogg,,
btbwar,XC377736.ogg,44.14306640625,88.8717770576477,-0.18843003091685614,-1.5261499684940139,53.8330078125,43.19376061564575,42.2219669117647,
btbwar,XC378982.ogg,4969.5556640625,67870.35281841572,-0.22393550022006264,-1.6532011910559206,4726.5380859375,4963.160005684417,4956.7190915447845,
btbwar,XC388764.ogg,,
btbwar,XC389096.ogg,4824.948601973684,52558.98394082723,-0.3118545138080476,-1.2952795314377634,4984.9365234375,4819.5379143777045,4814.07252146305,
btbwar,XC413188.ogg,6312.8173828125,3879.446268081665,0.919381170408593,-0.8723671052840429,6276.9287109375,6312.56272346442,6312.309464815459,
btbwar,XC415422.ogg,5541.288956351902,138356.89292005872,1.103490497030088,-0.49637711861581924,5254.1015625,5529.622993850877,5518.5039518426165,
btbwar,XC415596.ogg,4042.85888671875,18740.352988243103,0.0,-1.991769582314805,3919.04296875,4041.1202238238666,4039.3822963410857,
btbwar,XC420878.ogg,4508.89892578125,4807038.8478040695,-1.388239528541426,0.3771722210124069,6244.62890625,2470.4115576275976,342.4251437615329,
btbwar,XC421301.ogg,239.90196814903845,1016774.1638301356,4.082496246871056,14.709001361373446,10.7666015625,0.0,0.0,
btbwar,XC422943.ogg,,
btbwar,XC425583.ogg,3509.6044921875,1154338.5950677535,0.4168512078412096,-1.4332843759717542,2390.185546875,3356.505211032327,3216.567742328117,
btbwar,XC428338.ogg,5133.87451171875,158.42360258102417,-0.48756686638394087,-1.0101130279595483,5135.6689453125,5133.8616446139085,5133.8487681237675,
btbwar,XC444948.ogg,4919.82421875,272996.4351654053,-1.0233466213833196,-0.8443715481810266,5221.8017578125,4891.262046864696,4860.622199276426,
btbwar,XC451823.ogg,7795.78857421875,63514.44682249656,0.7882233124054949,-1.1832253183320924,7601.220703125,7792.065491221483,7788.4031959706135,
btbwar,XC451857.ogg,4694.23828125,241028.68990464645,-2.4859908391932035,5.455989480394932,4758.837890625,4665.5522177211415,4630.528696844194,
btbwar,XC460688.ogg,3928.912353515625,4793.98251934485,1.488323211560866,2.2549496100441457,3865.2099609375,3928.3621006665644,3927.820641037769,
btbwar,XC486857.ogg,8047.526809404481,36521.69050127052,1.1603220417225912,-0.14795686832931843,7934.9853515625,8045.339609576176,8043.191331278632,
btbwar,XC486858.ogg,4843.314302884615,996249.6485159947,0.15277022453605726,-1.9725484114121727,3940.576171875,4749.344526907264,4658.9838814544755,
btbwar,XC487497.ogg,,
btbwar,XC504005.ogg,,
btbwar,XC504006.ogg,,
btbwar,XC51863.ogg,5613.7060546875,1063018.5093283653,-0.40823430775853115,-1.8332119419793356,6363.0615234375,5533.805011395609,5451.3270009876405,
btbwar,XC51864.ogg,,
btbwar,XC51865.ogg,4122.352294921875,7829327.545437267,-0.7108348997789431,-1.3368963624120374,10.7666015625,0.0,0.0,
btbwar,XC51866.ogg,,
btbwar,XC51867.ogg,3889.8689516129034,8278599.436771044,-0.5380449348842044,-1.5731721986603717,10.7666015625,0.0,0.0,
btbwar,XC554197.ogg,2757.147216796875,220.42308341373098,-0.5879412408138103,-0.9829367787812888,2767.0166015625,2757.1105000618277,2757.073708776964,
btbwar,XC555000.ogg,4573.114013671875,25560.29587984085,0.05530675476214425,-1.9068503517840103,4425.0732421875,4570.670892978802,4568.231790952387,
btbwar,XC557308.ogg,7606.537543402777,808569.309413433,-3.014959289891036,7.552116762468611,7881.15234375,7536.259618091247,7442.224111649103,
btbwar,XC560659.ogg,4408.92333984375,706318.1081414223,2.5902724355567415,4.885027397923391,3951.3427734375,4353.16683813923,4310.3167171361265,
btbwar,XC561992.ogg,4975.24658203125,36719.49988603592,-2.5545420673628123,4.783968791023369,5017.236328125,4971.701086374956,4967.91761583088,
btbwar,XC568576.ogg,5957.51953125,168083.5783481598,-2.454932391247646,4.069593014268728,6083.1298828125,5943.44645949194,5927.683109070385,
btbwar,XC574511.ogg,47.373046875,34.77591276168823,0.40824829046386296,-1.8333333333333333,43.06640625,47.08717525478376,46.811311141304344,
btbwar,XC578338.ogg,,
btbwar,XC598815.ogg,3847.265625,2209.2932813307816,-0.1052415442506727,-1.666209419295839,3789.84375,3846.994209418731,3846.722574365693,
btbwar,XC600512.ogg,3927.50244140625,1108.8802952032822,0.2727282731435,-1.5141060235605714,3908.2763671875,3927.371546675684,3927.2408467940945,
btbwar,XC600513.ogg,3920.478515625,1753.1476020812988,0.8538958881202179,0.7283792486469682,3940.576171875,3920.271023535049,3920.0647090977814,
btbwar,XC600514.ogg,4012.142405790441,17716.350098217234,0.06176421217175608,2.522180838219623,4005.17578125,4009.974944953253,4007.801084524654,
btbwar,XC600515.ogg,4028.0548095703125,1172.4270588677862,0.1404501011247637,-0.9756987585037602,3994.4091796875,4027.915442129478,4027.776178414175,
btbwar,XC600517.ogg,4395.709783380682,817885.2079023013,1.6423680686229416,0.7101427355622816,3962.109375,4325.304128043268,4267.725035164879,
btbwar,XC600521.ogg,3983.642578125,10236.602012927715,1.6974518372097058,2.3372142432225713,3972.8759765625,3982.4809210761528,3981.349750762617,
btbwar,XC600523.ogg,3994.921875,7041.846334934235,-0.032308173914460794,-1.4857881768969061,4048.2421875,3994.0819449362043,3993.2416402485533,
btbwar,XC600526.ogg,4453.06640625,266.6153311729431,0.7500308204401289,-0.6361058601134211,4446.6064453125,4453.042496364164,4453.018625530445,
