#filename,mean,variance,skewness,kurtosis,mode,gmean,hmean
btywar,XC133590.ogg,,
btywar,XC141677.ogg,7006.524299172794,34189.49540923623,0.8373371059329928,-0.48151854727981336,6901.3916015625,7004.259335300948,7002.025734149477,
btywar,XC144071.ogg,6546.09375,386449.03526586643,-2.6735460790099994,8.274416650506453,7052.1240234375,6510.130415217409,6465.004664270173,
btywar,XC147286.ogg,4498.332944123641,25670.39160365644,-0.3170537596894034,0.8889639649699084,4403.5400390625,4495.514799115788,4492.667097406013,
btywar,XC147287.ogg,4440.052861752717,47819.4000409997,1.6436249312139504,2.455694179529737,4231.2744140625,4435.146938354182,4430.471586531195,
btywar,XC153438.ogg,5385.8642578125,1229246.2683320045,0.42347106694191144,-1.753144033387219,4478.90625,5281.874570202407,5184.991629462012,
btywar,XC153440.ogg,4924.951171875,264407.33671188354,0.02739311724976227,-1.8151425930849325,4403.5400390625,4901.909337745955,4878.9765682416155,
btywar,XC153442.ogg,3657.952880859375,2733.7731420993805,1.1229212517996208,-0.6933036996341566,3628.3447265625,3657.675183284777,3657.4000485552465,
btywar,XC153443.ogg,4654.571854440789,16757.51585709421,0.9321751504535378,0.6830533332547941,4758.837890625,4652.893283842702,4651.2409025642255,
btywar,XC153474.ogg,4227.685546875,1649.923861026764,0.11110241434725927,-0.5432295465888588,4209.7412109375,4227.499818787946,4227.314204107162,
btywar,XC153475.ogg,5075.8544921875,123505.25252959307,-1.7781358195794603,2.071216229133821,5017.236328125,5063.310721595358,5049.625710051945,
btywar,XC153476.ogg,4777.978515625,2688.693255186081,-1.2440947130678859,0.8088328731758043,4801.904296875,4777.726248642923,4777.471797278191,
btywar,XC153480.ogg,7095.1904296875,14264.564216136932,0.8358787273205712,0.07338177519375888,6987.5244140625,7094.221082807592,7093.26038216296,
btywar,XC153483.ogg,3830.7568359375,77326.17402076721,-0.1969233840151786,-1.7640799623097752,3520.6787109375,3821.5749873638847,3812.322947146935,
btywar,XC156536.ogg,,
btywar,XC157611.ogg,,
btywar,XC158384.ogg,6520.9716796875,75854.26971316338,-0.8560891334962324,-0.21674115929822557,6621.4599609375,6515.108894753294,6509.095569595611,
btywar,XC175373.ogg,4746.666949728261,164324.66414134964,1.4905988524976903,1.3189810479938977,4478.90625,4731.290975311886,4717.01575386998,
btywar,XC175374.ogg,4679.556551846591,14473.102602091702,-1.932628251485947,3.433462747198969,4672.705078125,4678.103671195873,4676.601896313112,
btywar,XC179806.ogg,3969.287109375,38.63990306854248,-0.7071067811865475,-1.5,3972.8759765625,3969.283862509365,3969.280613687783,
btywar,XC180679.ogg,5.38330078125,57.95985460281372,0.0,-2.0,0.0,0.0,0.0,
btywar,XC196484.ogg,6047.016906738281,1244393.0941859775,-4.53977101409769,18.77002289257094,6223.095703125,5750.43282506328,4834.519169038209,
btywar,XC205284.ogg,2.30712890625,21.018408812009373,1.3926212476455828,-0.06060606060606055,0.0,0.0,0.0,
btywar,XC205389.ogg,3951.3427734375,4642874.152958393,-1.4998829673853737,0.2498439585105281,96.8994140625,2241.190262425032,449.08185913186804,
btywar,XC205478.ogg,5.38330078125,57.95985460281372,0.0,-2.0,0.0,0.0,0.0,
btywar,XC205480.ogg,3.84521484375,28.66146656183096,0.5962847939999439,-1.6444444444444442,0.0,0.0,0.0,
btywar,XC205482.ogg,6.280517578125,30.736286531795155,-0.3380617018914066,-1.885714285714286,10.7666015625,0.0,0.0,
btywar,XC283536.ogg,850.5615234375,0.0,0.0,-3.0,850.5615234375,850.5615234375002,850.5615234375,
btywar,XC289181.ogg,,
btywar,XC293949.ogg,5307.9345703125,77.27980613708496,0.0,-1.0000000000000002,5307.9345703125,5307.9291105669745,5307.923650815835,
btywar,XC296046.ogg,4485.459833559783,11125.542999727457,-0.07774874862025499,-1.5053688155605622,4403.5400390625,4484.271849243886,4483.082456275232,
btywar,XC296156.ogg,4585.418701171875,2123.814672231674,0.37515460054640276,-0.7175863943973662,4532.7392578125,4585.195920482361,4584.973674260549,
btywar,XC296754.ogg,,
btywar,XC296956.ogg,4756.554066051136,298324.8602632772,0.6564579346845206,-0.5536593435269923,4317.4072265625,4727.309258001256,4699.259006754678,
btywar,XC302573.ogg,4541.3525390625,223049.39246177673,0.7832849149638369,-0.8753504134508066,4220.5078125,4519.465493253919,4498.656495518963,
btywar,XC312212.ogg,6181.82373046875,523.3950506557118,0.30789924529574675,-0.8548263591730105,6158.49609375,6181.784952689514,6181.746202821028,
btywar,XC313166.ogg,,
btywar,XC318001.ogg,,
btywar,XC323471.ogg,,
btywar,XC323472.ogg,4286.90185546875,807.5739741325378,-1.4827180852248873,0.640232595407614,4295.8740234375,4286.8228890081,4286.743446807396,
btywar,XC323474.ogg,4822.033160665761,318603.25893865747,0.46238067993451876,-1.0736254469200635,4629.638671875,4791.268287249147,4761.448232587419,
btywar,XC323476.ogg,3951.3427734375,115.91970920562744,0.0,-1.5,3940.576171875,3951.3329944836364,3951.3232155297646,
btywar,XC333557.ogg,,
btywar,XC333559.ogg,4686.3427734375,224084.25662435335,0.10318723153403542,-1.8019836127263371,4112.841796875,4663.311119375899,4640.506765657057,
btywar,XC349091.ogg,4110.6884765625,544.822633266449,-1.3627927530355548,0.03779990946129397,4123.6083984375,4110.6352149717195,4110.58170663885,
btywar,XC349093.ogg,4186.8621826171875,1471.7663079500198,0.4130069509728441,-1.5315802904330384,4155.908203125,4186.708750058445,4186.555680790451,
btywar,XC349094.ogg,5008.427290482955,440838.43884684815,-0.1803611207016397,-1.9639378964309098,4306.640625,4967.630537959466,4926.538617086942,
btywar,XC349095.ogg,3960.236922554348,132071.03596138858,-0.6375850126460884,-0.5040068749831841,3660.64453125,3943.5309008292743,3926.049086866288,
btywar,XC364282.ogg,22.60986328125,114.63171243667603,-0.9146947998257129,-0.02853175104153527,21.533203125,0.0,0.0,
btywar,XC364283.ogg,,
btywar,XC365063.ogg,,
btywar,XC365160.ogg,,
btywar,XC368287.ogg,333.251953125,2104516.2486433983,4.248355643615846,16.049068191634635,10.7666015625,20.45501219893638,14.906014418489839,
btywar,XC370853.ogg,5068.916015625,1334.364652633667,-0.26918026156499864,-1.2825688346923867,5038.76953125,5068.797406842772,5068.678651492271,
btywar,XC370892.ogg,4817.156982421875,110091.23109958389,-0.43245433116514,-1.4169050185859795,4349.70703125,4806.456984069415,4795.553169461527,
btywar,XC372556.ogg,,
btywar,XC372844.ogg,,
btywar,XC375885.ogg,54.43115234375,324.2071866989136,0.6546963168819557,-0.5628548716052468,43.06640625,51.71276119516164,49.223710817416716,
btywar,XC375900.ogg,,
btywar,XC377144.ogg,,
btywar,XC381323.ogg,4532.7392578125,92.73576736450195,0.0,-1.5,4521.97265625,4532.730733171318,4532.722208530139,
btywar,XC390189.ogg,5559.1552734375,33561.51580810547,0.13283879941690527,-1.959570583015928,5383.30078125,5556.345108852873,5553.544190450126,
btywar,XC415387.ogg,19.575639204545453,65.33656337044457,0.28267770203268244,-1.026534859521332,21.533203125,18.01605822531234,16.52548146802326,
btywar,XC417728.ogg,371.44775390625,38.63990306854248,0.0,-2.0,366.064453125,371.4087424316996,371.36973505434776,
btywar,XC417738.ogg,807.4951171875,2576961.37547493,2.2677452288006275,3.142752183987409,236.865234375,348.69654742306057,272.157494690726,
btywar,XC417904.ogg,4567.847741168478,315714.8880025616,-0.2509129090526979,-1.5003601063478766,3779.0771484375,4533.871156794052,4499.22572359964,
btywar,XC417914.ogg,4737.3046875,115.91970920562744,0.0,-1.5,4726.5380859375,4737.296530969621,4737.288374439242,
btywar,XC418332.ogg,4342.17041015625,50336.20172739029,0.8751023235090546,0.40979733449071354,4091.30859375,4337.085969696908,4332.129210351169,
btywar,XC420494.ogg,3515.29541015625,38.63990306854248,0.0,-2.0,3509.912109375,3515.2912881777356,3515.287166204058,
btywar,XC436808.ogg,,
btywar,XC436809.ogg,,
btywar,XC436810.ogg,,
btywar,XC436811.ogg,,
btywar,XC447415.ogg,4988.213315217391,183779.47351913678,2.5219058840727606,10.812819523460329,4909.5703125,4972.40366680368,4957.92538529007,
btywar,XC448835.ogg,5900.09765625,1032.7392274683173,0.32136162806193297,-1.2132444814660555,5867.7978515625,5900.017518892081,5899.937470544189,
btywar,XC461540.ogg,58.80220853365385,224.40866782115052,-0.30410423804202136,-1.2378185167317213,75.3662109375,56.86624816908866,54.786248398182664,
btywar,XC474064.ogg,4764.22119140625,187339.62542735614,-1.2156643064694417,-0.05656986851934276,4403.5400390625,4744.471318443994,4723.183817288505,
btywar,XC475299.ogg,4691.162109375,143.51963996887207,-0.19201160638565623,-1.143491124260355,4683.4716796875,4691.14899380479,4691.1358742401635,
btywar,XC475301.ogg,4338.17138671875,1541.9869010265056,-0.08874930694895977,-0.855688070154426,4306.640625,4338.0062625490045,4337.841045004659,
btywar,XC475315.ogg,4303.0517578125,302231.66182637215,-0.6994514939551048,-1.499012651617091,4651.171875,4269.826051949161,4234.863678965628,
btywar,XC475318.ogg,5566.3330078125,284500.08630752563,-0.712155659411449,-0.7784939305931444,5717.0654296875,5542.852976170058,5518.28537583887,
btywar,XC477960.ogg,3625.1780790441176,113699.33536385788,3.7248991782945007,11.94573598092194,3520.6787109375,3613.0475257549283,3603.0754133255386,
btywar,XC478449.ogg,,
btywar,XC481020.ogg,4546.782651154891,162271.09838380173,-1.2149447395572393,-0.10808611887134845,3757.5439453125,4528.3403419772185,4508.491416513906,
btywar,XC483188.ogg,17.39220252403846,87.682856963231,0.02808532732571201,-0.6353059465670778,10.7666015625,0.0,0.0,
btywar,XC485982.ogg,4003.6376953125,3571.431040763855,-0.2776486299804476,-1.8250814005432274,4059.0087890625,4003.2543869272076,4002.870124510004,
btywar,XC485983.ogg,4074.08203125,7221.79788351059,-1.1034915764762179,-0.13072071398942153,4091.30859375,4073.362952200008,4072.633794541296,
btywar,XC485984.ogg,4049.4384765625,13227.726817131042,-0.23464248866679976,-1.8485041536735978,3908.2763671875,4047.9802484791553,4046.5163058492476,
btywar,XC501459.ogg,5141.05224609375,1729734.5808148384,-0.4158174842811187,-1.8156236444034684,6158.49609375,4975.726873360485,4803.887499436018,
btywar,XC512266.ogg,5633.831317608173,625869.592168698,-0.2468652683314442,-1.1468687872429797,6416.89453125,5578.364027178897,5520.937922594858,
btywar,XC51868.ogg,,
btywar,XC519641.ogg,6415.761204769737,129076.84353981726,0.815199583820031,-0.7241820941072747,6050.830078125,6406.235680800764,6396.982816984246,
btywar,XC542939.ogg,3009.26513671875,5789262.117147446,-0.5154688807041364,-1.7329901982299154,107.666015625,1133.3512898156175,267.12824992793196,
btywar,XC546520.ogg,7330.098100142045,5119.435884735802,0.9451875577434724,-0.954222267268968,7278.22265625,7329.78248040184,7329.468707514378,
btywar,XC548968.ogg,,
btywar,XC555125.ogg,4709.378814697266,348146.9678536298,2.0678778039114643,2.6816953529028895,4435.83984375,4678.519275978434,4652.012563533607,
btywar,XC555143.ogg,4787.90771484375,467677.2673438335,0.23896339966346425,-1.7989302349679015,4145.1416015625,4741.447045352753,4696.327796281117,
btywar,XC558359.ogg,5087.21923828125,38.63990306854248,0.0,-2.0,5081.8359375,5087.21638997316,5087.213541666667,
btywar,XC559242.ogg,77.67333984375,520.3648484670199,0.061663675465085686,-0.8269829165724079,75.3662109375,74.37338000273704,70.93170024063762,
btywar,XC559793.ogg,,
btywar,XC563625.ogg,4842.437385110294,313749.4007406388,-0.28607629492969033,-0.5511981287534429,4823.4375,4809.867613790463,4776.1365824014465,
btywar,XC565521.ogg,,
btywar,XC565523.ogg,,
btywar,XC567442.ogg,5144.677734375,481464.5279198885,-0.23672308081968457,-1.4039869550520936,4877.2705078125,5097.387494237389,5049.0231713566845,
btywar,XC572788.ogg,4100.7293701171875,3955.7600766420364,-0.7135560475683072,-0.8444361200584569,4112.841796875,4100.3043835364515,4099.87645917508,
btywar,XC575935.ogg,4259.267578125,179594.4054722786,1.4987899127372644,0.24838681068455726,4069.775390625,4243.738911043281,4229.504492356121,
btywar,XC582170.ogg,4681.318359375,315656.56318335695,0.5522177704274297,-1.6540097646365146,4231.2744140625,4649.967936026125,4620.09258393693,
btywar,XC587115.ogg,5934.19189453125,474565.061278203,-2.8449795624741716,7.396815377968762,6158.49609375,5884.789473608466,5819.655023705458,
btywar,XC616345.ogg,5356.067612591912,51528.015443507364,-2.021289207404917,2.8901177071700097,5383.30078125,5351.266940806362,5346.177642682777,
btywar,XC616346.ogg,,
btywar,XC616347.ogg,4643.994140625,38514.32338356972,-0.4542916939262514,-1.5108365732649167,4791.1376953125,4640.260725515423,4636.4828426812,
btywar,XC616349.ogg,3754.852294921875,5279.955787043417,-0.13289701517216632,-0.8646506271617618,3811.376953125,3754.1698308017817,3753.486062822787,
