#filename,mean,variance,skewness,kurtosis,mode,gmean,hmean
bulori,XC128942.ogg,2765.8203125,22705.543041229248,-0.3045384023769025,-1.3850091218816407,2573.2177734375,2761.7795567833555,2757.6939618027477,
bulori,XC129166.ogg,,
bulori,XC137941.ogg,,
bulori,XC139822.ogg,,
bulori,XC156489.ogg,,
bulori,XC170988.ogg,3172.55859375,757248.3778253514,-0.9891784761178793,1.192444455188614,2196.38671875,2919.441212482697,1776.9487542897348,
bulori,XC174510.ogg,2447.0947265625,20685.336344382344,1.2971677612140067,0.2546291405631611,2336.3525390625,2443.1772508459867,2439.4437896603163,
bulori,XC177172.ogg,2488.623046875,2991.832494735718,0.8987445741497566,-1.0868894759058294,2454.78515625,2488.113950911457,2487.611049556663,
bulori,XC177190.ogg,,
bulori,XC177191.ogg,2995.2685546875,332858.6718194625,0.19084397949596096,-1.2083256703104404,2487.0849609375,2941.3632033146505,2888.2235419153444,
bulori,XC177192.ogg,2535.53466796875,57.95985460281372,0.0,-2.0,2530.1513671875,2535.528953205642,2535.5232384554142,
bulori,XC177193.ogg,2739.2501027960525,2773.260411463286,-0.6191666763571498,0.16973714172221932,2745.4833984375,2738.766604096804,2738.279110674432,
bulori,XC177259.ogg,3335.25390625,51432.93097615242,1.3885901418925088,0.810308665907526,3154.6142578125,3328.7649221947113,3322.626249713194,
bulori,XC177260.ogg,3384.628018465909,250017.23462885074,-0.2674327757842593,-1.4775142456008554,2702.4169921875,3348.055553734154,3310.5508323744893,
bulori,XC177261.ogg,3072.0703125,958.2695960998535,1.5158079674216285,0.7476586888657644,3057.71484375,3071.9415323900635,3071.813936128889,
bulori,XC177262.ogg,2633.7799072265625,108763.73715698719,0.6680774868446965,-0.9273540063433292,2282.51953125,2616.4771224774645,2599.987778687865,
bulori,XC179730.ogg,2682.2296142578125,1769.8455601930618,-0.007919832893288908,-1.9392469477788035,2723.9501953125,2681.9408939440855,2681.652178554705,
bulori,XC183352.ogg,3806.71142578125,1451863.845601164,-1.3067318401229289,1.6493232174454162,3692.9443359375,3183.761008332134,549.804136916543,
bulori,XC184962.ogg,2497.8515625,115.91970920562744,0.0,-1.5,2487.0849609375,2497.8360931490815,2497.8206237981585,
bulori,XC184964.ogg,3170.107660060976,83639.92720115477,-0.623851091528974,0.33182684023875186,2950.048828125,3156.403050582074,3141.9332875254577,
bulori,XC184967.ogg,3327.2511449353447,19503.348315584248,0.38501525467669184,-1.0457406188094973,3154.6142578125,3324.4479081172785,3321.6725598821704,
bulori,XC184991.ogg,2295.3369140625,148407.5877070427,1.3013052527174327,-0.05605947468207306,2034.8876953125,2268.113196158627,2244.3408842903573,
bulori,XC187320.ogg,3105.750450721154,92264.65777708933,-1.1390500340150556,-0.507828125391653,3165.380859375,3090.923522097941,3074.9837002911504,
bulori,XC256209.ogg,,
bulori,XC256731.ogg,2784.5123291015625,2610.1254522800446,-0.08711711636963802,-1.3056874283982969,2723.9501953125,2784.0723994287405,2783.631989655855,
bulori,XC256732.ogg,3151.1309455422793,157128.9591977303,3.7911632313692585,14.584922191150401,2928.515625,3132.324173417995,3117.549845503621,
bulori,XC256733.ogg,6042.755126953125,20270.493149757385,0.1812895895974683,-1.4170533721097378,5867.7978515625,6041.186594550561,6039.622330478445,
bulori,XC256734.ogg,2036.42578125,55.19986152648926,-0.13416407864998736,-0.6100000000000003,2034.8876953125,2036.4141606515898,2036.4025364250226,
bulori,XC256736.ogg,2538.577403192935,913362.5451166168,2.909548895596152,6.517100620546547,2207.1533203125,2434.0320868956205,2371.8005462379415,
bulori,XC256738.ogg,2201.77001953125,38.63990306854248,0.0,-2.0,2196.38671875,2201.7634384691146,2201.7568574266506,
bulori,XC256758.ogg,2330.96923828125,193.1995153427124,0.0,-1.3599999999999999,2314.8193359375,2330.9381563954844,2330.907074393674,
bulori,XC256759.ogg,2727.1168428308824,43698.320967309606,-0.6485462904062366,-1.2618107250010966,2917.7490234375,2719.3061878196313,2711.24288340709,
bulori,XC256760.ogg,3602.197265625,1050334.4728396488,-0.0003869459744337113,-1.9989942612762135,2605.517578125,3464.1594313397973,3331.389277075336,
bulori,XC256842.ogg,3872.900390625,1749261.531829834,2.1698888296388326,4.938600630525727,3003.8818359375,3709.0864050016316,3578.6040003928915,
bulori,XC256843.ogg,,
bulori,XC256844.ogg,,
bulori,XC256846.ogg,,
bulori,XC256847.ogg,2874.6826171875,37766.64125919342,0.5024080270871603,-1.6431048887170494,2680.8837890625,2868.829681726619,2863.108824204684,
bulori,XC256848.ogg,3167.7734375,3702.990710735321,0.6473375313622333,-1.4774132325141773,3122.314453125,3167.2578760048204,3166.74637085174,
bulori,XC256850.ogg,2912.36572265625,38.63990306854248,0.0,-2.0,2906.982421875,2912.3607473278034,2912.3557720078556,
bulori,XC256851.ogg,,
bulori,XC256852.ogg,,
bulori,XC256853.ogg,,
bulori,XC256889.ogg,2874.6826171875,37766.64125919342,0.5024080270871603,-1.6431048887170494,2680.8837890625,2868.829681726619,2863.108824204684,
bulori,XC256893.ogg,2153.3203125,540.9586429595947,0.0,-1.2499999999999998,2121.0205078125,2153.212639754404,2153.1049643165975,
bulori,XC256895.ogg,2418.052045036765,80912.80937633094,1.2064841414575698,-0.47580401353069535,2250.2197265625,2403.569694213548,2390.34698775915,
bulori,XC256896.ogg,2494.538762019231,80958.0276791866,0.1307969614505992,-1.9459502175318206,2260.986328125,2479.653936474446,2464.9900927032827,
bulori,XC256898.ogg,2204.620002297794,4658.949489102643,0.039480023684033236,0.6678878672387696,2185.6201171875,2203.6248674033322,2202.628508218767,
bulori,XC256909.ogg,4407.12890625,2583662.6386642456,0.39384812058966073,-1.8185087122073271,3165.380859375,4148.912305711523,3924.5857702943035,
bulori,XC256910.ogg,2196.38671875,927.3576736450195,0.8714212528966687,-0.28500000000000014,2164.0869140625,2196.212056717722,2196.038654729844,
bulori,XC256911.ogg,,
bulori,XC256912.ogg,,
bulori,XC256913.ogg,2105.767822265625,6016.408543695103,-0.5359373682172601,-1.1572721447992778,1981.0546875,2104.4406866880518,2103.0964692130583,
bulori,XC256914.ogg,2321.356201171875,36770.927757024765,0.9507525207457849,-0.20298345316143873,2174.853515625,2314.060749049252,2307.105162845951,
bulori,XC256971.ogg,2362.5668733016305,325511.24888210907,2.194077959196329,3.4343653355460386,2110.25390625,2312.2423554989987,2274.177319838507,
bulori,XC256972.ogg,2624.8974609375,323223.6983425477,0.38400398369640504,-1.1903874038066187,1991.8212890625,2566.8203991479845,2511.593487073488,
bulori,XC256974.ogg,3013.065113740809,12014.426973095553,0.13322038482946255,-1.112619983517501,3079.248046875,3011.1344790155895,3009.209058184395,
bulori,XC256975.ogg,3327.59765625,45136.20346167992,-0.1438718848072564,0.4975131312500527,3240.7470703125,3320.9608547193548,3314.226010369364,
bulori,XC256976.ogg,2507.2723388671875,64341.23459458351,0.3523774022210028,-1.3026502653582672,2293.2861328125,2495.452871309831,2483.885687091695,
bulori,XC256977.ogg,3046.9482421875,115.91970920562744,0.0,-1.5,3036.181640625,3046.935560625223,3046.9228790629445,
bulori,XC256982.ogg,3206.65283203125,2976.409004015081,-1.4155142871843718,0.7278531587172257,3229.98046875,3206.2074778425135,3205.7550062739033,
bulori,XC256983.ogg,2960.1208102318546,24498.475021562015,-0.40557378558936025,-0.5686917996425902,3046.9482421875,2955.98027386391,2951.7702620335335,
bulori,XC256984.ogg,2212.53662109375,1584.2360258102417,-1.097025449363867,-0.7055324211778706,2228.6865234375,2212.264991945093,2211.990250870831,
bulori,XC256985.ogg,2857.4560546875,195765.20490646362,0.6775643260566895,-0.3447106368016879,2605.517578125,2825.8666318749833,2795.7553736635114,
bulori,XC256986.ogg,3032.7816611842104,1803.8733695682724,-0.10417494316719618,-1.1584113846207307,2982.3486328125,3032.499615815916,3032.2172857416526,
bulori,XC259523.ogg,3201.1064009232955,27813.955680890518,0.9196688001496695,-0.5451320208270309,3445.3125,3197.0790383091717,3193.1717690839364,
bulori,XC259578.ogg,3356.695087139423,74326.8258525775,1.260751033874141,-0.36084864291231256,3208.447265625,3347.0853055441066,3338.081085550466,
bulori,XC259620.ogg,3295.2978515625,752.9261112213135,-0.5859564955344156,0.29348302818173266,3273.046875,3295.190880417046,3295.083561586886,
bulori,XC259656.ogg,,
bulori,XC259677.ogg,,
bulori,XC259731.ogg,,
bulori,XC260163.ogg,3105.908203125,680363.133251667,1.7621735661020874,1.510529167360846,2594.7509765625,3023.688437361176,2959.990653001232,
bulori,XC260164.ogg,2747.8113122888512,300155.6373045251,0.8718701330642973,-0.22319773115433206,2228.6865234375,2698.9140523225556,2654.3632898289507,
bulori,XC260165.ogg,3009.26513671875,71081.07399481993,-0.7453017736567422,-1.3286506562933464,3186.9140625,2997.781767679504,2985.8192351953126,
bulori,XC260166.ogg,,
bulori,XC260167.ogg,3945.95947265625,374083.1298161955,-0.4174254130975644,-1.7668163167581572,3197.6806640625,3898.9017295567232,3850.2974789139894,
bulori,XC260181.ogg,3152.1533203125,38267.726119826824,-0.6965500987725315,-1.0067653404905665,3359.1796875,3146.071615563986,3139.810731249548,
bulori,XC260183.ogg,,
bulori,XC260186.ogg,2553.47900390625,225923.64925146103,1.7636275313394847,1.1555490709321692,2314.8193359375,2522.460875037625,2496.687605779602,
bulori,XC260188.ogg,2583.402396537162,54423.95536480724,0.3690646777370056,-1.2913501975393171,2347.119140625,2573.3310023301387,2563.4677540615758,
bulori,XC260191.ogg,2819.2545572916665,154794.754248399,-0.16575552810917552,-1.5337565511788835,2282.51953125,2792.1640781280266,2764.6875936383053,
bulori,XC260193.ogg,2756.6212621228447,116495.02500377849,-0.008570146830504456,-1.6194710543025173,2422.4853515625,2736.0736073793687,2715.5567656276244,
bulori,XC260196.ogg,3262.2802734375,850.0778675079346,-1.0466216984729968,-0.7355371900826451,3273.046875,3262.18202382137,3262.083241975541,
bulori,XC261334.ogg,2504.3115234375,33441.548109054565,-0.37248828718656074,-1.8100749859712368,2293.2861328125,2498.1886550345625,2491.971965922824,
bulori,XC261335.ogg,3771.246892755682,937328.87626778,0.528745859533258,-1.6671344015455711,3186.9140625,3665.5963390825696,3570.490129278244,
bulori,XC261336.ogg,4081.7724609375,146712.4959593234,-1.1162176145368925,2.4674467998467264,3596.044921875,4062.307803872442,4040.5845443592575,
bulori,XC261337.ogg,1051.2620192307693,1059021.0314535417,1.2779776030919046,-0.36628843723895654,495.263671875,744.5227511682376,611.9445137315556,
bulori,XC261338.ogg,,
bulori,XC261339.ogg,3086.5889115767045,93022.35673961221,1.1604993755894515,0.3818787786252904,2982.3486328125,3072.6471104274256,3059.6244711811705,
bulori,XC261340.ogg,3416.325495793269,4277.140039664048,1.642760079865195,1.1550660373850636,3380.712890625,3415.7589558075215,3415.203555024748,
bulori,XC261341.ogg,2968.890380859375,106.25973343849182,0.49338220021815865,-1.371900826446281,2960.8154296875,2968.8769724181675,2968.8635772360553,
bulori,XC261342.ogg,3018.448414522059,11924.38773372594,0.3128519900467699,-1.61972675264319,2906.982421875,3016.6019754776257,3014.769425181101,
bulori,XC261343.ogg,,
bulori,XC261344.ogg,1880.1177978515625,155032.2610884905,2.254390941044061,3.109620992187648,1754.9560546875,1851.870342674046,1830.0296567272353,
bulori,XC261345.ogg,2881.649241727941,21705.113197950755,0.49314906652721674,-0.46740535253011517,2723.9501953125,2878.1540044311237,2874.7082692094523,
bulori,XC261348.ogg,,
bulori,XC261350.ogg,2786.3475452769885,36817.06768356216,0.37475497105891054,-1.3537911576419634,2616.2841796875,2779.9843431955073,2773.727055204747,
bulori,XC261355.ogg,2660.888671875,89236.09614372253,-0.4818247013570099,-1.589565955335135,2271.7529296875,2645.9585184458056,2630.5627395502784,
bulori,XC261357.ogg,2831.6162109375,96592.73223443465,0.12737755017320967,-1.5169754991563704,2508.6181640625,2816.0388336251694,2800.609482381458,
bulori,XC261359.ogg,6349.21875,143.51963996887207,-0.19201160638565623,-1.143491124260355,6341.5283203125,6349.209060256872,6349.199368336932,
bulori,XC261361.ogg,,
bulori,XC261364.ogg,2241.6064453125,81.14379644393921,-0.3436215967445456,-1.153061224489796,2239.453125,2241.5919536844876,2241.577450068831,
bulori,XC263186.ogg,3050.716552734375,624059.9434421224,0.8941343404236416,-0.4942641024750607,2745.4833984375,2960.3955639360215,2880.9013140291177,
bulori,XC263187.ogg,3106.16455078125,73296.03213071823,-1.029334307075422,-0.19891427106565418,2616.2841796875,3095.714820171628,3084.6333344238346,
bulori,XC263188.ogg,3482.63671875,3972.182035446167,-0.28755737964414535,-1.0475891275524885,3445.3125,3482.1025501522467,3481.566520956254,
bulori,XC263212.ogg,3205.962665264423,43743.342573826136,-0.46990477836584466,-1.6888230075015136,2971.58203125,3199.531064255043,3192.980789463761,
bulori,XC263215.ogg,2613.8916015625,225.3994345664978,0.1207363221040738,-1.1565306122448977,2594.7509765625,2613.8532924636884,2613.814999686086,
bulori,XC263224.ogg,3332.861328125,5480.426251888275,-1.3030461791378105,-0.2345740340043716,3369.9462890625,3332.116832047082,3331.358623921928,
bulori,XC263226.ogg,2747.63671875,23033.246219158173,-1.4952839101715043,0.243713858246696,2810.0830078125,2744.1062829076623,2740.3952921521295,
bulori,XC263255.ogg,,
bulori,XC263260.ogg,3402.24609375,5969.865024089813,0.18941281269566024,-1.4473324535771515,3326.8798828125,3401.468157071403,3400.692313878825,
bulori,XC263266.ogg,3319.10400390625,26113.376845331753,1.0657354203944858,0.3103634162834652,3283.8134765625,3315.5026046779435,3312.0120893014073,
bulori,XC263270.ogg,3178.839111328125,852.837860584259,1.0044618855072893,-0.6912998397586954,3165.380859375,3178.7224039093394,3178.60636499344,
bulori,XC263340.ogg,3320.419921875,34.77591276168823,0.40824829046386296,-1.8333333333333333,3316.11328125,3320.4157343435672,3320.4115486268634,
bulori,XC263341.ogg,2682.421875,222153.11655631431,0.27686079236599703,-1.891176680580007,3176.1474609375,2644.857082457493,2608.892232915171,
bulori,XC263343.ogg,2674.7730152027025,47298.722428244524,-0.5758092803444742,-1.3197001705604239,2777.783203125,2665.8702608965777,2656.691768860232,
bulori,XC263347.ogg,3114.081169577206,3209.9531240323013,-1.2056258580704888,0.18792186793596022,3133.0810546875,3113.589003543136,3113.0896925887555,
bulori,XC263353.ogg,3484.739491637324,122066.57919413604,-0.9519826732852138,-0.6089489922692062,3671.4111328125,3466.1906271861226,3446.3573281888225,
bulori,XC263354.ogg,3222.2900390625,20983.12336206436,-0.24074525537171176,-0.7174507617023957,3251.513671875,3219.1618046157,3216.0066620667017,
bulori,XC263370.ogg,3376.6754150390625,2051.364853978157,-1.6395896053571175,1.6282098930739934,3369.9462890625,3376.4058957946895,3376.1325964842017,
bulori,XC263371.ogg,3138.800811767578,6409.121260888153,-0.16561443931528733,-1.507184199139371,3068.4814453125,3137.808712014749,3136.8138727711503,
bulori,XC263372.ogg,2863.4853515625,46112.19792366028,1.9655386852802696,7.077287882152206,2745.4833984375,2856.1963316984356,2849.4095541158113,
bulori,XC263374.ogg,3306.1966745476975,75112.09658207968,0.532679395078106,0.03581294096122578,3229.98046875,3295.369608256986,3284.7616414815143,
bulori,XC263375.ogg,4133.477783203125,472215.7354069793,-0.881518520052924,-0.7457395435695777,2960.8154296875,4071.904087984285,4003.684148493258,
bulori,XC263377.ogg,3527.8564453125,434691.1815404892,0.8980369107573964,-1.0919030409482122,3176.1474609375,3474.431391758346,3426.682971511293,
bulori,XC263402.ogg,4104.9085115131575,501350.70863522985,-1.7123238864632657,1.351940015163299,4457.373046875,4031.3266449737985,3938.9628801886392,
bulori,XC263404.ogg,3144.30908203125,378968.1933263074,0.1686404034524549,-0.7852178870673558,3466.845703125,3084.4280940125973,3024.6952861411687,
bulori,XC263407.ogg,2926.3623046875,17623.10779094696,0.825067033408056,-0.08845070722004067,2767.0166015625,2923.6135349439396,2920.9255118161514,
bulori,XC263410.ogg,4472.4462890625,150.69562196731567,0.27154541788363945,-1.044378698224852,4468.1396484375,4472.4328173023705,4472.419351495133,
bulori,XC263412.ogg,,
bulori,XC263441.ogg,2842.3828125,540.9586429595947,0.6872431934890914,-1.0,2820.849609375,2842.311672030519,2842.240761499826,
bulori,XC263447.ogg,6356.781005859375,3803.395913405852,0.15307453096572868,-1.6537436823476142,6427.6611328125,6356.507025322999,6356.233308333015,
bulori,XC263451.ogg,3079.248046875,176015.7984495163,0.8722977104706582,-0.17884621252115762,2939.2822265625,3054.1548788756345,3030.621805632753,
bulori,XC263461.ogg,2711.38916015625,150019.42366361618,-0.0006190767544556892,-1.998356290402764,3068.4814453125,2688.234805304013,2665.2762412395628,
bulori,XC263463.ogg,,
bulori,XC263465.ogg,,
bulori,XC263493.ogg,3614.994140625,1353239.8720264435,0.3904894184945108,-1.1247578195861727,3057.71484375,3434.0259191672344,3259.6892461638245,
bulori,XC263495.ogg,,
bulori,XC263496.ogg,3106.6539417613635,27527.769489721813,0.4171830513839573,0.006849800170552811,3165.380859375,3102.670824989772,3098.730417617894,
bulori,XC263497.ogg,,
bulori,XC263498.ogg,3403.182319972826,356831.56303973065,2.8007797097289826,8.835043335430125,2950.048828125,3363.6562377845657,3331.850791487564,
bulori,XC263499.ogg,2545.404052734375,136984.60363528944,0.26883991833826576,-1.5953881357107926,2196.38671875,2521.1551263328365,2497.5896686269966,
bulori,XC263500.ogg,,
bulori,XC263501.ogg,2912.480260970745,280222.6536335712,0.43451553576251184,1.9852246293152263,2745.4833984375,2864.408009369298,2813.21044797375,
bulori,XC263502.ogg,2336.3525390625,115.91970920562744,0.0,-1.5,2325.5859375,2336.3360003869575,2336.319461711417,
bulori,XC279667.ogg,2307.6416015625,533659.213998101,1.7837867016451747,1.1911369693966858,1991.8212890625,2227.8743088372944,2169.958243827173,
bulori,XC282803.ogg,,
bulori,XC283557.ogg,,
bulori,XC286644.ogg,2467.5093217329545,43570.75615362688,1.5799092134184824,0.6251216531891646,2379.4189453125,2459.7356656761126,2452.588701228634,
bulori,XC289676.ogg,4823.4375,198.71950149536133,0.0,-1.0000000000000002,4812.6708984375,4823.419475454386,4823.401450841418,
bulori,XC308762.ogg,177.64892578125,1062.5973343849182,0.0,-1.2242424242424241,129.19921875,174.90308140683308,172.1330522858892,
bulori,XC312033.ogg,,
bulori,XC321820.ogg,,
bulori,XC326783.ogg,,
bulori,XC341522.ogg,,
bulori,XC341523.ogg,,
bulori,XC341525.ogg,,
bulori,XC342276.ogg,2318.408203125,133.4833015095104,-0.7001135017222383,0.10803324099722955,2325.5859375,2318.381754842101,2318.3552468189605,
bulori,XC342584.ogg,2963.507080078125,18601.24933719635,1.9493730472632016,2.353975189038894,2874.6826171875,2960.7221741282456,2958.0873984537207,
bulori,XC367250.ogg,45.758056640625,720.3581929206848,-0.4214511343845124,-1.586206896551724,64.599609375,35.85276177121018,25.766225961538463,
bulori,XC367271.ogg,,
bulori,XC367272.ogg,242.24853515625,38.63990306854248,0.0,-2.0,236.865234375,242.18871331680083,242.12890624999997,
bulori,XC367696.ogg,,
bulori,XC368508.ogg,3349.996409696691,681714.2015201523,0.001723592863383869,-1.988557732880753,2497.8515625,3249.733986401976,3152.432481606347,
bulori,XC374086.ogg,2758.941650390625,58713.3327126503,-0.7970967762840766,-1.1621100084938467,2917.7490234375,2749.1783700068518,2738.985418026633,
bulori,XC412858.ogg,2951.12548828125,141588.1968140602,-2.6304064696446154,4.996556932697953,3090.0146484375,2923.3005091353,2887.692820436021,
bulori,XC418666.ogg,2.691650390625,28.97992730140686,1.1547005383792515,-0.6666666666666665,0.0,0.0,0.0,
bulori,XC420540.ogg,8509.2041015625,416327.50528474007,-0.08003890292745977,-0.8564541997688075,9205.4443359375,8484.917032699508,8460.438902708434,
bulori,XC422424.ogg,4991.787997159091,655161.3353815947,-1.444426868345925,0.4087733195679868,5523.2666015625,4920.509513709412,4836.658994310477,
bulori,XC423001.ogg,75.3662109375,0.0,0.0,-3.0,75.3662109375,75.36621093749997,75.3662109375,
bulori,XC440254.ogg,8509.2041015625,416327.50528474007,-0.08003890292745977,-0.8564541997688075,9205.4443359375,8484.917032699508,8460.438902708434,
bulori,XC441896.ogg,315.4323268581081,449.9286010458663,0.7711741999832445,-0.34010700028807994,312.2314453125,314.75902557971057,314.10627011205725,
bulori,XC467107.ogg,2627.05078125,7244.981825351715,-1.4255272708720799,0.15151999999999965,2476.318359375,2625.9159816219603,2624.7492009423468,
bulori,XC477777.ogg,,
bulori,XC482281.ogg,2424.4429154829545,217362.00018362567,-0.09164281677287889,-1.878516131527192,1948.7548828125,2380.6765928675354,2337.051376426813,
bulori,XC483552.ogg,273.4716796875,297.73062153866414,0.5793144075652342,-1.3372749260951353,258.3984375,272.96575099194416,272.4718234275098,
bulori,XC492404.ogg,4105.3879957932695,2016.7057101543132,-0.3479344020724009,-1.3375724768918307,4145.1416015625,4105.160705098045,4104.932857529707,
bulori,XC499307.ogg,2984.14306640625,115150.77513456345,-0.7093474741142537,-1.4918542565587756,3197.6806640625,2967.1785618957924,2949.428479441558,
bulori,XC499308.ogg,3168.072509765625,39271.94148302078,-1.139741468738418,-0.676244881934601,3283.8134765625,3162.3897895973996,3156.4497956586747,
bulori,XC535655.ogg,4839.58740234375,93421.20564502219,-0.5910816708598206,0.2596550793901229,4920.3369140625,4830.057439988861,4820.224309911448,
bulori,XC539958.ogg,3006.573486328125,6597.7634489536285,-1.114304097757712,-0.6975812934495775,2885.44921875,3005.7358479822233,3004.88353728331,
bulori,XC539959.ogg,2464.013671875,27002.545595169067,-0.4704158072762939,0.6219605216328459,2357.8857421875,2458.581611547452,2452.981049136086,
bulori,XC539962.ogg,2865.3052545362902,184774.02215619243,-0.5175269962992471,-1.2663252002520915,2185.6201171875,2832.031289252049,2796.9811419139533,
bulori,XC539963.ogg,2931.207275390625,88772.29986038613,-0.773477471541525,0.0538385972337303,2723.9501953125,2915.3782633769733,2898.45292095497,
bulori,XC540016.ogg,,
bulori,XC540558.ogg,,
bulori,XC540560.ogg,,
bulori,XC540807.ogg,,
bulori,XC540871.ogg,3764.7216796875,2375252.801477909,2.1817769538991847,3.292465434156094,3154.6142578125,3573.8735489330534,3445.599515813037,
bulori,XC545770.ogg,2510.41259765625,1935.5078718879006,0.00015463314803713428,-0.12381382143010145,2487.0849609375,2510.059107841839,2509.7054790271736,
bulori,XC546787.ogg,3359.1796875,94126.80387496948,2.124186312456017,3.475092768458545,3229.98046875,3347.1018008108567,3336.323007748409,
bulori,XC551491.ogg,4039.960186298077,130972.92375106078,0.8785803365889815,-0.6012098850125254,3962.109375,4025.6545458082305,4012.010980956019,
bulori,XC551968.ogg,2391.26220703125,19972.965896129608,1.5486807245112693,0.8065726309297894,2304.052734375,2387.4467585341827,2383.845231096166,
bulori,XC555840.ogg,3642.7001953125,133.4833015095104,0.2219872078631487,-1.0886426592797784,3639.111328125,3642.6834075598317,3642.6666272914117,
bulori,XC558983.ogg,,
bulori,XC561333.ogg,2364.345703125,3222.567915916443,1.475482612925302,0.2150639200869522,2336.3525390625,2363.81169500128,2363.288785992303,
bulori,XC561873.ogg,3018.2373046875,38.63990306854248,0.7071067811865475,-1.5,3014.6484375,3018.233040683533,3018.2287800623517,
bulori,XC563915.ogg,2210.5532997532896,236966.32344471783,-3.6232508709227167,12.199313958511194,2196.38671875,2063.6483405983727,1630.7673458663744,
bulori,XC563916.ogg,3020.03173828125,165.59958457946777,0.0,-1.3599999999999999,3003.8818359375,3020.0077483100795,3019.983758285545,
bulori,XC563918.ogg,3236.5340523097825,9503210.93130253,-0.08039187607372618,-1.9843584935251581,86.1328125,807.1273487699373,177.05873298406982,
bulori,XC566527.ogg,,
bulori,XC580705.ogg,2480.9326171875,2660.633325576782,-0.8948698693734364,-1.0910151340369487,2508.6181640625,2480.467602631296,2479.997239710972,
bulori,XC582672.ogg,4161.29150390625,80246.94395692725,-0.2725489266594662,-1.4559812168928632,4274.3408203125,4151.999513547874,4142.595712987987,
bulori,XC585133.ogg,,
bulori,XC598462.ogg,2605.517578125,115.91970920562744,-1.0801234497346435,0.49999999999999956,2605.517578125,2605.498457996363,2605.4792847786625,
bulori,XC609406.ogg,3094.9229520909926,196673.9940542574,0.3844212015664223,-0.017621872433418062,2971.58203125,3063.9364070342854,3032.988437644206,
bulori,XC609408.ogg,4903.772911658654,649.4476015751179,-0.34251226028047965,-0.698644806225071,4898.8037109375,4903.7117151986295,4903.6504478193065,
bulori,XC609410.ogg,3186.6448974609375,91311.96124393206,1.0309978952508927,-0.6828312998119457,3079.248046875,3173.474785245004,3161.1133838173946,
bulori,XC609411.ogg,2890.0634765625,71.75981998443604,-0.8598938232981915,-0.636094674556213,2896.2158203125,2890.0528185739677,2890.042143963027,
bulori,XC609413.ogg,2586.676025390625,2773.793041706085,0.6605227991247821,-1.0305546892403654,2530.1513671875,2586.2106889265756,2585.7492088248755,
bulori,XC609414.ogg,,
bulori,XC609415.ogg,3894.27978515625,1701.4437317848206,-0.48287435573540655,-1.3637192478572135,3832.91015625,3894.082528994286,3893.884634084563,
bulori,XC609417.ogg,2780.859375,143.51963996887207,0.19201160638565623,-1.143491124260355,2767.0166015625,2780.837267561982,2780.8151712919444,
bulori,XC609420.ogg,5084.912109375,8015.01989364624,-1.0469935806115809,0.09646089909628097,5071.0693359375,5084.171339001706,5083.42155442129,
bulori,XC609421.ogg,,
bulori,XC609422.ogg,2960.2487664473683,43128.23286182002,-1.60448392902061,1.3913812322873849,2939.2822265625,2952.7713559538547,2944.6770737048814,
bulori,XC609424.ogg,3231.1767578125,940.2376413345337,-0.6350174634978101,-0.9450999249390133,3251.513671875,3231.04693127688,3230.916609034205,
bulori,XC99574.ogg,2755.0537109375,73911.69458627701,1.876603832030958,2.6651801942718114,2734.716796875,2744.292548418454,2734.57495068422,
