#filename,mean,variance,skewness,kurtosis,mode,gmean,hmean
burwar1,XC112865.ogg,4107.45849609375,192922.01058431107,-0.13692508837096215,-1.8299122959899217,3639.111328125,4085.652333157845,4063.7230543186897,
burwar1,XC112990.ogg,3804.19921875,35846.23807668686,-0.5069550990892046,-0.794248466139158,3617.578125,3799.628849691629,3794.976099613246,
burwar1,XC113025.ogg,5551.080322265625,2159.4436737624083,0.7085752886428262,-0.02071979652969924,5534.033203125,5550.902685497422,5550.725707004109,
burwar1,XC114168.ogg,250.323486328125,28.97992730140686,1.1547005383792515,-0.6666666666666665,247.6318359375,250.2806815432213,250.2384868421053,
burwar1,XC118729.ogg,6803.225528492647,1531858.773485352,-2.3621928537223407,3.6376893350610757,7288.9892578125,6643.424833588633,6417.399578559592,
burwar1,XC11962.ogg,4084.8486328125,34.77591276168823,0.40824829046386296,-1.8333333333333333,4080.5419921875,4084.8452286510446,4084.841825688225,
burwar1,XC119645.ogg,3780.343807444853,69715.80158261693,-0.7927628607468217,-0.8438370993212612,3886.7431640625,3770.8573763551426,3761.0041099891205,
burwar1,XC120828.ogg,3864.037360767327,451112.9108006412,0.7657786066847059,-0.9310507950240221,3283.8134765625,3810.2115668043502,3760.752730949177,
burwar1,XC123097.ogg,4.844970703125,30.200134766729253,0.20100756305184242,-1.9595959595959598,0.0,0.0,0.0,
burwar1,XC123773.ogg,,
burwar1,XC128463.ogg,3347.3119562322445,65962.41775654886,0.1310312586457573,-0.8731293532350315,3639.111328125,3337.5904984971253,3327.900284914206,
burwar1,XC129716.ogg,120.93647801598837,71.56525651902653,1.0225596582564827,1.733629102186275,118.4326171875,120.65414600374365,120.3818967000422,
burwar1,XC135483.ogg,4016.7876945054236,562168.9875857489,1.1250864475904798,0.2738594430455912,3251.513671875,3954.2134312647026,3898.3521838034712,
burwar1,XC135624.ogg,3876.74560546875,31056.928244920877,1.1045077890696307,-0.10646589788492555,3714.4775390625,3873.1381005366557,3869.641359902163,
burwar1,XC154056.ogg,309.8388671875,2543.7936186790466,1.3015144761890045,-0.25238743791059104,279.931640625,306.5958074401931,303.7491408229996,
burwar1,XC154057.ogg,21.533203125,185.4715347290039,-0.649519052838329,-1.1250000000000002,32.2998046875,0.0,0.0,
burwar1,XC154058.ogg,20.45654296875,114.63171243667603,0.9146947998257129,-0.028531751041534825,10.7666015625,18.214143941671548,16.35433148734177,
burwar1,XC154059.ogg,307.4462890625,10349.67726276767,1.0729972251991666,-0.47798944123372467,258.3984375,293.52541619815474,282.35752737287567,
burwar1,XC154060.ogg,106.26167629076087,21479.967933869644,1.1611691009195153,-0.19944887834204073,10.7666015625,0.0,0.0,
burwar1,XC163392.ogg,3373.0224609375,143.51963996887207,0.19201160638565623,-1.143491124260355,3359.1796875,3373.004233078628,3372.986012825477,
burwar1,XC165956.ogg,4831.8115234375,5499.746203422546,1.1145212537022973,0.7062319351282573,4748.0712890625,4831.310913630536,4830.815517127752,
burwar1,XC166422.ogg,3656.0302734375,94026.47000901839,0.5489315735659671,-0.19242128857358054,3574.51171875,3643.8221095932995,3631.8851601613765,
burwar1,XC168798.ogg,3679.0110868566176,32149.81993769898,-0.204716504447348,0.4587249108858651,3628.3447265625,3674.8580761822186,3670.659168115966,
burwar1,XC177969.ogg,,
burwar1,XC186710.ogg,3737.548828125,3146.3921070098877,0.7678712031161287,-1.2036103416435828,3692.9443359375,3737.190564229135,3736.834846096762,
burwar1,XC196873.ogg,3546.421931340144,56794.036951683294,0.3020927335578389,-1.2156141231103716,3337.646484375,3538.55060697502,3530.775533411996,
burwar1,XC196874.ogg,3958.0718994140625,2938.071353004334,0.5487724943142179,-0.46188866219119173,3940.576171875,3957.7102169904283,3957.350268629586,
burwar1,XC217489.ogg,4640.4052734375,249499.45080378823,-0.6962380964865048,-1.0165288452794399,5028.0029296875,4612.156042738341,4582.3982709696165,
burwar1,XC233962.ogg,,
burwar1,XC241268.ogg,,
burwar1,XC241269.ogg,3964.2626953125,3442.815363407135,0.7592714191048403,-0.35049144645104224,3951.3427734375,3963.9175733461925,3963.5747102581354,
burwar1,XC242882.ogg,3455.5269681490386,2720.749773959882,-1.9152131591362376,1.9486948306394023,3477.6123046875,3455.1358891565555,3454.737208223405,
burwar1,XC242883.ogg,2013.3544921875,1477.9762923717499,-0.24462468708835486,-1.9152249134948098,2045.654296875,2013.0272424752086,2012.6990791187786,
burwar1,XC242884.ogg,3373.4230041503906,58366.17097827165,0.7093212962489625,-0.8246444229738339,3165.380859375,3365.1168629269378,3357.0730538556963,
burwar1,XC242885.ogg,3481.3037109375,37591.69016866123,0.7327808033137485,-0.3834241422670428,3348.4130859375,3476.1839744448666,3471.1893697943206,
burwar1,XC242886.ogg,2527.0751953125,7098.702192306519,0.26412407686326894,-1.854130134551057,2444.0185546875,2525.877490650103,2524.6867287498735,
burwar1,XC242887.ogg,3603.22265625,38.63990306854248,-0.7071067811865475,-1.5,3606.8115234375,3603.2190793039836,3603.2154999844224,
burwar1,XC242888.ogg,4238.755104758523,56213.221765138245,-0.2943968155104708,0.6192250511872754,4295.8740234375,4232.062019134984,4225.250594604165,
burwar1,XC244807.ogg,2520.999755859375,2890320.9807543377,-0.3957583807049423,-1.821770829894948,3746.77734375,1697.0689970684575,1028.9550356297277,
burwar1,XC244989.ogg,3135.9521484375,269454.8120498657,0.29927956671035266,-1.505859261230566,2540.91796875,3096.648851322315,3058.6306878604905,
burwar1,XC244990.ogg,3952.506730363176,47691.46929674193,1.157215633506332,0.8675004070468919,3929.8095703125,3946.7278296325635,3941.165486582679,
burwar1,XC244993.ogg,3572.71728515625,23076.032843531633,1.1740804781696101,2.4955521542953543,3531.4453125,3569.6551820731383,3566.6760621423355,
burwar1,XC244994.ogg,4041.064453125,154.55961227416992,-0.7071067811865475,-1.5,4048.2421875,4041.0516889039272,4041.038909586299,
burwar1,XC244995.ogg,3609.503173828125,12301.349141027616,-0.2779641067796801,1.3119282635037512,3617.578125,3607.8011815877285,3606.084995730943,
burwar1,XC244996.ogg,4887.672139830508,5819.629520916099,-2.7970064547942295,23.442003184590444,4888.037109375,4887.062716297845,4886.432103149402,
burwar1,XC244997.ogg,4531.996733566811,1029010.4076060755,0.32414735562467106,-1.7250126039171272,3628.3447265625,4425.7192187347855,4325.785183741459,
burwar1,XC245000.ogg,4524.571491109914,412878.30908750667,0.978501318318424,-1.0006075474117806,4015.9423828125,4483.972433481306,4446.989883279428,
burwar1,XC245003.ogg,3682.7443976151317,31523.381973567753,-0.5058284692636426,-1.282734414738313,3423.779296875,3678.6200152231027,3674.429565362046,
burwar1,XC245005.ogg,509.1705322265625,12711.500452553972,-0.11655869618434743,-1.1238692447074508,516.796875,496.3039903720733,483.011721793465,
burwar1,XC245006.ogg,3841.4101048519738,281872.66974072705,2.341133996285221,4.880319547141265,3628.3447265625,3812.232679963886,3787.70574235794,
burwar1,XC245007.ogg,4886.29545323989,8034.044002785403,-3.0787579852574583,19.434051568662973,4898.8037109375,4885.445511487908,4884.55840721501,
burwar1,XC245009.ogg,5523.779296875,224275.38138628006,-0.11561823118287387,-1.2934900170930914,4898.8037109375,5504.237898430859,5484.546096458959,
burwar1,XC245012.ogg,3622.049001920021,14172.574042729942,-0.26881395070497666,0.9010165956121208,3542.2119140625,3620.094149408505,3618.1227051969267,
burwar1,XC259465.ogg,3567.8466796875,180561.83824539185,1.4826786971527566,1.24257230679446,3348.4130859375,3545.1387563694925,3524.620479020389,
burwar1,XC259466.ogg,3124.2720170454545,135250.90143897317,0.5386747718615592,0.0964332742072922,2648.583984375,3105.101976169529,3086.410658551797,
burwar1,XC259467.ogg,3804.9169921875,70889.87016677856,-0.009459480028087056,-1.520155627203539,3509.912109375,3796.199261108122,3787.4788559234116,
burwar1,XC261098.ogg,3421.47216796875,31105.334277336413,-0.1908752665446806,-1.8022628942733379,3596.044921875,3417.2208758084494,3412.946133130426,
burwar1,XC262487.ogg,4618.0107421875,667493.8927352428,-0.22674824805753507,-1.8899809586751921,5340.234375,4546.11352774221,4473.274632420776,
burwar1,XC262488.ogg,4972.6318359375,84483.38806629181,-0.28798204836489566,-1.9161331591410247,4661.9384765625,4965.268494883305,4957.838677410177,
burwar1,XC262489.ogg,5180.754089355469,14161.041475832462,-0.9121671280361554,-0.9137063861683123,5254.1015625,5179.45496614913,5178.138133424949,
burwar1,XC262490.ogg,1721.1181640625,8255161.371231079,0.9486778561717636,-1.0999908201328505,43.06640625,161.99372064201071,53.06359588622799,
burwar1,XC275130.ogg,4006.4180814302886,106370.9569133245,-0.9574818943784513,-0.37504334010098894,4059.0087890625,3992.9069666739124,3978.6413072834594,
burwar1,XC275584.ogg,3897.125244140625,869650.9717404842,-2.6642320743713883,8.5990114219099,3746.77734375,3367.959530318099,741.0840191494837,
burwar1,XC275585.ogg,2844.746212842988,6540245.125926122,-0.12930254176729047,-1.843839244796425,43.06640625,638.2315430662193,102.65586474529421,
burwar1,XC276240.ogg,3487.30224609375,27832.32218027115,-0.8029760842279434,-0.9933892228344372,3596.044921875,3483.6176204762246,3479.8416863965895,
burwar1,XC277149.ogg,,
burwar1,XC278692.ogg,0.0,0.0,0.0,-3.0,0.0,0.0,0.0,
burwar1,XC297209.ogg,5093.110397626769,399773.69675658783,0.6813855894679524,-1.0253519530151587,4511.2060546875,5056.033827189708,5020.925485896094,
burwar1,XC297210.ogg,5089.9658203125,74983.29475522041,0.7004026724921841,-1.0334978816455658,4952.63671875,5082.915394382003,5076.03515006666,
burwar1,XC305360.ogg,1189.324951171875,3518449.6616721153,2.082046015034268,2.788826182242837,333.7646484375,570.3163124942985,415.49042256733514,
burwar1,XC309330.ogg,,
burwar1,XC309499.ogg,,
burwar1,XC316124.ogg,3241.502621299342,1208056.6684352723,-1.9868042920743234,3.496335570530123,3014.6484375,0.0,0.0,
burwar1,XC316127.ogg,3837.98583984375,37446.17006312246,0.2571476352461531,-0.39978453963098426,3811.376953125,3833.2056694521552,3828.452888056137,
burwar1,XC317127.ogg,4228.533824573864,16787.827946923,-1.1794852181389575,-0.4510571470329032,4274.3408203125,4226.536404639239,4224.490497739305,
burwar1,XC318632.ogg,3241.502621299342,1208056.6684352723,-1.9868042920743234,3.496335570530123,3014.6484375,0.0,0.0,
burwar1,XC318633.ogg,3837.98583984375,37446.17006312246,0.2571476352461531,-0.39978453963098426,3811.376953125,3833.2056694521552,3828.452888056137,
burwar1,XC318635.ogg,,
burwar1,XC331463.ogg,,
burwar1,XC332234.ogg,21.533203125,72.44981825351715,-0.7823042886243177,0.7399999999999989,21.533203125,0.0,0.0,
burwar1,XC332937.ogg,4168.1598531788795,765893.5104156362,2.319586447279858,6.440948615893991,3574.51171875,4096.293324776574,4038.1273296340364,
burwar1,XC342234.ogg,5558.176491477273,29433.122024669512,0.8125966213424158,0.9497218871866262,5437.1337890625,5555.608107081169,5553.077400881404,
burwar1,XC342235.ogg,3753.4423828125,11075.85221529007,0.1477366987344241,-1.9083740676094492,3649.8779296875,3752.0406935155397,3750.6432190409573,
burwar1,XC343095.ogg,21.533203125,72.44981825351715,-0.7823042886243177,0.7399999999999989,21.533203125,0.0,0.0,
burwar1,XC343938.ogg,119.20166015625,29255.71430187959,1.2267267263571549,-0.2683605196468486,0.0,0.0,0.0,
burwar1,XC343939.ogg,10.7666015625,92.73576736450195,0.0,-1.5,0.0,0.0,0.0,
burwar1,XC343940.ogg,4269.222272028688,545705.9667882373,-2.7646979168196943,16.64577488889486,4048.2421875,0.0,0.0,
burwar1,XC344323.ogg,4132.718599759615,14390.391592796033,-2.2991717979371273,4.795371155754089,4134.375,4131.0379003784155,4129.27981575744,
burwar1,XC35146.ogg,3965.9853515625,23095.84286212921,-0.5485765913241463,-1.0714217867486895,3800.6103515625,3963.148747735366,3960.271863123387,
burwar1,XC353924.ogg,4104.047702468989,426799.9649205351,0.5444760242170141,-0.5308931841576889,4059.0087890625,4054.2193691533525,4006.173184398562,
burwar1,XC354335.ogg,3964.2626953125,127957.44409886273,0.47020924649591994,0.5670296138926632,4037.4755859375,3948.7434496231217,3933.43328231583,
burwar1,XC355596.ogg,3863.2816143889927,587990.1682877637,-4.10774766491177,16.977619615052728,4026.708984375,3443.1038612322527,946.9885911847837,
burwar1,XC355602.ogg,4312.02392578125,96135.45561029065,-1.4749792009247054,6.543833460500993,4317.4072265625,4299.900317943154,4286.355139148087,
burwar1,XC355607.ogg,1998.101806640625,3200004.8470632597,-0.002890708214702774,-1.9831289563484407,3746.77734375,894.4108270677575,191.47520156201577,
burwar1,XC357457.ogg,,
burwar1,XC371506.ogg,3589.773653954575,18943.070580237734,-0.7310491310052998,1.6052909776462156,3649.8779296875,3587.0912549940927,3584.346054584423,
burwar1,XC386649.ogg,4804.237060546875,177320.49588245503,0.5464761717839739,-1.1584436381750833,4500.439453125,4786.429810401345,4769.158999080501,
burwar1,XC388110.ogg,4900.948096310944,158349.43320691833,-0.5957434123754025,1.099533409863243,4672.705078125,4884.11559838442,4866.389294837684,
burwar1,XC395261.ogg,3925.323486328125,161991.99762940407,0.597355773344038,-0.7085675001567737,4177.44140625,3905.9055251779455,3887.1657684242,
burwar1,XC410687.ogg,31.53076171875,115.28278772647565,0.6258454579451278,-0.7531516131986202,21.533203125,29.946849459913377,28.529795938485808,
burwar1,XC410688.ogg,23.6865234375,20.607948303222656,1.5,0.25,21.533203125,23.35215093252857,23.0712890625,
burwar1,XC411893.ogg,3633.72802734375,28662.133812904358,2.166789439445547,4.954602780377217,3499.1455078125,3630.0452866835194,3626.5785312588905,
burwar1,XC412252.ogg,4416.6866262335525,204155.45455414423,-6.52367084244476,61.72122481406072,4468.1396484375,0.0,0.0,
burwar1,XC413287.ogg,3822.611667798913,229705.21285599878,-0.588635458189046,-1.2933947540506976,4112.841796875,3792.1960682569224,3760.300018303174,
burwar1,XC413404.ogg,5.38330078125,34.77591276168823,0.0,-2.0,0.0,0.0,0.0,
burwar1,XC413426.ogg,39.22119140625,474.50650196809033,-0.07081546039222342,-0.8466681681005359,32.2998046875,0.0,0.0,
burwar1,XC414051.ogg,17.9443359375,38.63990306854248,-0.7071067811865475,-1.5,21.533203125,17.090914646434957,16.14990234375,
burwar1,XC414781.ogg,26.91650390625,38.63990306854248,0.0,-2.0,21.533203125,26.37268009197709,25.83984375,
burwar1,XC414782.ogg,6.851473721590909,75.87471875277433,0.7267486362195069,-0.9583333333333335,0.0,0.0,0.0,
burwar1,XC415209.ogg,3021.1083984375,767084.5077037811,0.5326564586904525,-1.6055804704716135,2379.4189453125,2914.824472676184,2820.5352891423154,
burwar1,XC415871.ogg,8.97216796875,80.79252459786154,0.3082386990408931,-1.3724007561436675,0.0,0.0,0.0,
burwar1,XC423090.ogg,5344.2718505859375,4402.878955006599,-0.5066262367033434,-1.665566565409607,5383.30078125,5343.909981833969,5343.546707396479,
burwar1,XC424710.ogg,4067.113983497191,388392.3602713019,2.4258907389444087,4.792452471177345,4155.908203125,4028.5803994199173,3997.078376434196,
burwar1,XC431906.ogg,3584.6449908088234,37738.68415285559,-0.2981548960720901,1.5245137279023622,3596.044921875,3579.6094877111036,3574.4757099361473,
burwar1,XC437348.ogg,3670.1087213331652,34735.56279209915,-0.11769098178514492,-0.8880265210694751,3606.8115234375,3665.38619365478,3660.63744490656,
burwar1,XC437652.ogg,5135.6689453125,289.7992730140686,0.0,-1.3,5114.1357421875,5135.646373701717,5135.62380205124,
burwar1,XC441458.ogg,3793.3428955078125,111201.9999634761,-1.4900471068796035,1.8269347604952015,3983.642578125,3777.529195219095,3759.9845801540055,
burwar1,XC443162.ogg,3941.9959435096152,48921.23112311729,2.3912218363670825,6.360658195368112,3897.509765625,3936.3311260953355,3931.0885587291014,
burwar1,XC443165.ogg,4014.404296875,23625.540733337402,-1.4321161097790354,0.8912295287798053,4005.17578125,4011.790994997768,4009.084130529563,
burwar1,XC445415.ogg,4975.7080078125,384542.53469744034,-0.6946459997256548,-0.3998089966317182,4748.0712890625,4934.793157349205,4890.919220395293,
burwar1,XC455136.ogg,3325.341796875,211.96746826171875,1.0097991524595895,0.5855712890625,3316.11328125,3325.311529496038,3325.281348281997,
burwar1,XC455606.ogg,4388.443391219429,27902.408465992245,1.0580497746596726,-0.32867767016455485,4371.240234375,4385.378161557825,4382.39188207515,
burwar1,XC465134.ogg,,
burwar1,XC465182.ogg,5196.4404296875,3699.712173505263,-0.9504292739523478,1.2434058264441212,5200.2685546875,5196.089714452702,5195.736317398901,
burwar1,XC467533.ogg,748.4168419471154,2154312.104066374,1.5299358338727969,0.4482685229293155,21.533203125,55.14197009097344,22.667164261438483,
burwar1,XC489610.ogg,,
burwar1,XC490013.ogg,3766.8491522030818,147688.90589772828,1.0348176141527317,-0.26413787150209433,3520.6787109375,3748.473105294911,3731.2563520192343,
burwar1,XC491878.ogg,,
burwar1,XC496654.ogg,4152.132901278409,291351.27390543243,-0.055792676667468316,-1.915351774436141,3563.7451171875,4117.164467033069,4082.2742017422024,
burwar1,XC512833.ogg,3765.618896484375,30268.216796896675,-1.1474865429111167,-0.6648549099794376,3854.443359375,3761.8031184247066,3757.856394530451,
burwar1,XC520382.ogg,,
burwar1,XC523962.ogg,3760.480291193182,10586.894350973042,0.9192769275306594,1.3202811576525697,3639.111328125,3759.136043394549,3757.8117864156197,
burwar1,XC523963.ogg,2606.2353515625,3636077.8065919876,-0.6538585138222549,-1.4891483166181811,21.533203125,688.0096046635639,63.89046165032962,
burwar1,XC523964.ogg,19.266550164473685,20.336791088706565,-1.4200938936093865,0.016666666666668828,21.533203125,18.609465573104888,17.788298233695652,
burwar1,XC523965.ogg,,
burwar1,XC523966.ogg,,
burwar1,XC523967.ogg,,
burwar1,XC523968.ogg,,
burwar1,XC523969.ogg,,
burwar1,XC523970.ogg,,
burwar1,XC523971.ogg,,
burwar1,XC523972.ogg,,
burwar1,XC523973.ogg,,
burwar1,XC532475.ogg,238.7376868206522,2430.6484479678006,4.352113183501757,17.339653626431407,226.0986328125,235.57913203236996,233.50804328610639,
burwar1,XC532476.ogg,3330.72509765625,100022.78600747768,-0.4931935453088073,-1.5215665977470552,2896.2158203125,3316.30152234551,3301.4621538011606,
burwar1,XC532912.ogg,1503.017578125,4016189.02105093,0.4082445985507863,-1.833301232015898,43.06640625,241.37784270371867,64.15138911274033,
burwar1,XC533966.ogg,4674.0509033203125,1637.3658925294876,-0.4490562682681688,-1.6450651370266958,4629.638671875,4673.897266903055,4673.74326040584,
burwar1,XC537602.ogg,3855.5668308423915,201920.69178069482,-2.044093696744094,11.063147273132138,3617.578125,3820.9525534830577,3769.651269108272,
burwar1,XC540000.ogg,849.5827414772727,7251252.0278042015,2.845862219278812,6.099366961647272,21.533203125,55.76552562267842,31.71282497391536,
burwar1,XC556421.ogg,3466.3970947265625,74930.29666260669,1.5601316705019472,1.178744323559921,3456.0791015625,3456.4680855527963,3447.2615483057257,
burwar1,XC562766.ogg,,
burwar1,XC592223.ogg,3389.8979574947034,92070.66538119446,0.5239076969520147,-1.3961773959333013,3219.2138671875,3376.7588155373564,3364.027364061331,
burwar1,XC600501.ogg,102.28271484375,38.63990306854248,0.0,-2.0,96.8994140625,102.14095079108318,101.9993832236842,
burwar1,XC63180.ogg,96.8994140625,77.27980613708496,0.0,-1.0000000000000002,96.8994140625,96.59894714627323,96.2975543478261,
burwar1,XC63182.ogg,3109.8478618421054,26395.39597553346,0.3298310108612051,-0.28956958699571844,3057.71484375,3105.750310470522,3101.685673474815,
burwar1,XC63183.ogg,3719.239689753606,4493.200040645728,-0.03499986663683146,0.8326018970702753,3703.7109375,3718.646694731985,3718.053007453756,
burwar1,XC71216.ogg,4137.9638671875,241355.87453842163,-0.27859741961203355,-1.1196484866218777,3940.576171875,4109.890794938911,4081.0584672078817,
burwar1,XC73217.ogg,3477.97119140625,40184.03353978848,0.92923332508217,-0.7469374060569232,3326.8798828125,3472.568257078432,3467.349168996666,
burwar1,XC74756.ogg,4141.552734375,82828.49621772766,1.0579791724279495,0.7452311381839709,4155.908203125,4132.420077499348,4123.6572237248665,
