#filename,mean,variance,skewness,kurtosis,mode,gmean,hmean
butsal1,XC10701.ogg,,
butsal1,XC113561.ogg,,
butsal1,XC11440.ogg,2807.391357421875,83670.84610462189,-0.8098329872102222,-1.3359064086650774,2993.115234375,2792.5780501501818,2776.991600692439,
butsal1,XC118037.ogg,6.15234375,33.119916915893555,-0.28867513459481287,-1.9166666666666667,10.7666015625,0.0,0.0,
butsal1,XC118237.ogg,3277.0843505859375,3456847.444206476,1.212113298368948,-0.4542984052906003,2314.8193359375,2912.954903751506,2678.155478807669,
butsal1,XC119042.ogg,,
butsal1,XC119814.ogg,0.0,0.0,0.0,-3.0,0.0,0.0,0.0,
butsal1,XC119957.ogg,2851.35498046875,165.09776765649968,-0.006207020914804024,-0.5894069714803072,2853.1494140625,2851.3284413299116,2851.3019012685386,
butsal1,XC120001.ogg,,
butsal1,XC120042.ogg,,
butsal1,XC120119.ogg,,
butsal1,XC122306.ogg,,
butsal1,XC122431.ogg,1035.7470703125,1781783.818244934,0.40824650320752487,-1.8332871488808509,0.0,0.0,0.0,
butsal1,XC127505.ogg,6404.445648193359,425224.2261117264,-3.475048017951782,10.475793166102076,6535.3271484375,6361.798452709696,6305.1688364477095,
butsal1,XC127986.ogg,6522.16796875,1346053.223311901,-2.4241329031392786,3.976186269698429,6696.826171875,6392.25445056467,6211.617152855717,
butsal1,XC127990.ogg,3865.8432904411766,287371.77792717423,-1.3971434010166057,0.4669027748698915,4220.5078125,3825.26964499997,3778.61504827944,
butsal1,XC128048.ogg,6522.16796875,1346053.223311901,-2.4241329031392786,3.976186269698429,6696.826171875,6392.25445056467,6211.617152855717,
butsal1,XC128925.ogg,,
butsal1,XC130863.ogg,2062.060546875,1096225.0900268555,-1.3869210421202092,0.3033493687230475,2433.251953125,0.0,0.0,
butsal1,XC131404.ogg,8.074951171875,28.97992730140686,-1.1547005383792515,-0.666666666666667,10.7666015625,0.0,0.0,
butsal1,XC137698.ogg,3133.0810546875,1396677.9363155365,1.1000312863845305,-0.710979581837671,2454.78515625,2958.1873944938347,2824.870320862723,
butsal1,XC142219.ogg,,
butsal1,XC144912.ogg,,
butsal1,XC146527.ogg,3403.5919189453125,1636.399894952774,0.4680641933648667,-0.9617805185047859,3359.1796875,3403.3673369637877,3403.143548446415,
butsal1,XC146528.ogg,3372.099609375,544.822633266449,1.3627927530355548,0.03779990946129397,3359.1796875,3372.0353426669294,3371.9714357024814,
butsal1,XC153984.ogg,38.759765625,62.927842140197754,0.7541980482736799,-0.7022160664819945,32.2998046875,38.05624856635823,37.41290118243244,
butsal1,XC154126.ogg,34.3505859375,250.60737133026123,-0.5295167036597133,-0.7131178559646023,43.06640625,0.0,0.0,
butsal1,XC163775.ogg,3429.16259765625,38.63990306854248,0.0,-2.0,3423.779296875,3429.1583721428256,3429.154146634615,
butsal1,XC164544.ogg,39.4775390625,77.27980613708496,0.6260990336999411,-0.9600000000000004,32.2998046875,38.709800524235106,37.99977022058824,
butsal1,XC166424.ogg,6664.5263671875,0.0,0.0,-3.0,6664.5263671875,6664.526367187496,6664.526367187501,
butsal1,XC166425.ogg,7301.713423295455,250.80809809944844,1.6521024315408546,2.198538238824762,7288.9892578125,7301.6978454236,7301.682302868526,
butsal1,XC166619.ogg,4890.728759765625,890453.8062214851,-0.5007874426024274,-1.726045987529368,3757.5439453125,4805.103114457619,4715.462400106731,
butsal1,XC169333.ogg,,
butsal1,XC169454.ogg,,
butsal1,XC169500.ogg,5921.630859375,2993149.9314308167,-1.490641760439092,0.23724616213866723,6804.4921875,5589.653456011578,5145.061652545372,
butsal1,XC169761.ogg,4412.51220703125,251.15936994552612,0.3053162697580516,-1.1517159763313611,4403.5400390625,4412.488506098254,4412.464820904089,
butsal1,XC170026.ogg,,
butsal1,XC173547.ogg,,
butsal1,XC174069.ogg,2820.849609375,115.91970920562744,0.0,-1.5,2810.0830078125,2820.8359113421184,2820.8222133092368,
butsal1,XC178187.ogg,,
butsal1,XC180250.ogg,,
butsal1,XC180305.ogg,2648.045654296875,130702.21759614191,1.674964617272623,1.8312283516284795,2379.4189453125,2627.370603546915,2609.1677674496646,
butsal1,XC180559.ogg,2750.86669921875,34.77591276168823,0.0,-2.0,2745.4833984375,2750.8614317961114,2750.8561643835615,
butsal1,XC180661.ogg,2889.0380859375,38.63990306854248,0.7071067811865475,-1.5,2885.44921875,2889.0336314026313,2889.0291805598636,
butsal1,XC189511.ogg,2359.5421424278848,3551.8987820698662,-0.10419470039472262,-1.247549937851227,2390.185546875,2358.8459458508046,2358.1484785679604,
butsal1,XC189827.ogg,3201.26953125,421397.12288975716,0.5622444930214892,0.5627695764941283,3262.2802734375,3144.1021895856725,3087.699153793551,
butsal1,XC1944.ogg,3379.5166015625,487860.9761595726,-0.12876250130496827,-1.3138576653220626,2530.1513671875,3312.7831621017713,3244.686661615352,
butsal1,XC196523.ogg,3158.203125,38.63990306854248,0.7071067811865475,-1.5,3154.6142578125,3158.1990498261653,3158.1949777419127,
butsal1,XC208954.ogg,2896.2158203125,89.16900708125188,-0.709929573971954,0.08000000000000007,2896.2158203125,2896.2015043949878,2896.1871669972043,
butsal1,XC208955.ogg,3435.62255859375,34607.1851849556,-2.6513403439832444,5.063652835129497,3488.37890625,3430.62672454051,3425.126347737059,
butsal1,XC213321.ogg,6223.095703125,2051604.9733757973,-2.3989254431767417,3.9209627122166433,6567.626953125,5982.4780748654075,5602.616654101714,
butsal1,XC214114.ogg,6023.511835354478,597577.7925403343,-4.401793357839237,17.37749599331725,6190.7958984375,5941.241990987147,5801.0496054038085,
butsal1,XC214115.ogg,2743.17626953125,221445.4967929767,0.1958124069329845,-1.5663273631708432,2207.1533203125,2706.038469873744,2669.7735167159394,
butsal1,XC214116.ogg,4404.61669921875,321598.6252427101,0.024009844433285323,-1.33233502492159,4392.7734375,4371.535490396119,4338.437918461657,
butsal1,XC214117.ogg,3802.763671875,81.14379644393921,-0.3436215967445456,-1.153061224489796,3800.6103515625,3802.7551324617807,3802.7465888925462,
butsal1,XC214118.ogg,3598.3115748355262,92704.58428483261,-0.24192955314327355,-1.716250136213335,3854.443359375,3585.9114895718435,3573.366196090733,
butsal1,XC214119.ogg,3069.3096454326924,115426.30736644454,-1.9160070370333986,1.676311125757346,3208.447265625,3049.087890799439,3025.709188907031,
butsal1,XC214120.ogg,3060.406494140625,801.7779886722565,0.8331504071506616,-0.9020177093917838,3036.181640625,3060.308682324068,3060.2113040007434,
butsal1,XC214347.ogg,,
butsal1,XC214626.ogg,2644.27734375,34.77591276168823,-0.40824829046386296,-1.8333333333333333,2648.583984375,2644.272080332613,2644.2668140663204,
butsal1,XC236092.ogg,6730.4718017578125,194627.12176144123,1.1536690647626098,-0.6670069817750242,6481.494140625,6718.376601207557,6706.840555999997,
butsal1,XC236093.ogg,6497.64404296875,57.95985460281372,0.0,-2.0,6492.2607421875,6497.641812934901,6497.639582901823,
butsal1,XC236094.ogg,109.0118408203125,14.48996365070343,2.2677868380553634,3.1428571428571423,107.666015625,108.95639542136628,108.90355603448278,
butsal1,XC236095.ogg,2919.6490119485293,63342.328159248136,0.022615436177385196,-1.8422092504488832,3197.6806640625,2908.9166181285736,2898.2240405809976,
butsal1,XC2363.ogg,2390.185546875,72357.08248615265,1.6455023925311822,0.7164334975490827,2271.7529296875,2377.8271149281773,2366.7929435946457,
butsal1,XC2401.ogg,,
butsal1,XC243061.ogg,4088.458610983456,1151316.7214505177,0.5731722968309263,-0.6424968211997721,3337.646484375,3958.470258342384,3837.19154147045,
butsal1,XC243062.ogg,3619.970703125,558004.1437289295,-0.4671062243379785,-1.426887714285975,2605.517578125,3540.816232202304,3457.0857722676396,
butsal1,XC243063.ogg,2522.218081825658,22409.11010064577,-0.5839497935918118,-0.7913342598433966,2497.8515625,2517.9020929392227,2513.480318656345,
butsal1,XC243064.ogg,2525.094327059659,44039.572823714545,-0.31434642707624544,-0.5192984329542538,2745.4833984375,2516.2925098330143,2507.267261341213,
butsal1,XC243065.ogg,3610.400390625,864406.45273994,3.1672066027460497,9.198386559689453,3229.98046875,3533.2267414371313,3480.026026422118,
butsal1,XC243066.ogg,4183.4228515625,467710.2667093277,0.873225293428392,-0.8592059586457532,3682.177734375,4137.370397704362,4095.1634185810854,
butsal1,XC243067.ogg,2394.2230224609375,3939.2001181840897,1.1139873170991585,-0.0792459509544492,2368.65234375,2393.5158096245236,2392.8211193565594,
butsal1,XC243068.ogg,2605.517578125,28680.779664747177,2.0078866816563825,4.364773164210107,2540.91796875,2600.5775395609217,2595.9900171725017,
butsal1,XC245190.ogg,,
butsal1,XC245459.ogg,,
butsal1,XC245460.ogg,,
butsal1,XC245513.ogg,4015.9423828125,64532.5021147728,0.42742133004194954,-1.5999734152818537,3757.5439453125,4008.412422214829,4001.019858937893,
butsal1,XC251474.ogg,7418.1884765625,115.91970920562744,0.0,-1.5,7407.421875,7418.183267753072,7418.17805894361,
butsal1,XC251475.ogg,3365.2359008789062,625749.0802556276,1.4913632272664403,1.0823852458334224,2810.0830078125,3289.7620454772486,3227.1355065163575,
butsal1,XC251476.ogg,6861.9140625,6244.208335876465,0.014654631885518405,-1.9602122340946966,6793.7255859375,6861.534931575081,6861.155858879688,
butsal1,XC251477.ogg,2627.05078125,62442.08335876465,3.1398941856196667,7.946634942346339,2551.6845703125,2617.7942707330085,2609.9923601434734,
butsal1,XC2560.ogg,2537.981622869318,207637.49076019632,1.5749543823467422,0.6077419091663083,2390.185546875,2506.138655391835,2479.214231853099,
butsal1,XC259767.ogg,3233.5693359375,287882.7338218689,-0.7068505366567613,-1.4999999999999998,2540.91796875,3193.3271608164355,3150.481430972332,
butsal1,XC259768.ogg,2560.2978515625,649.1503715515137,0.31332758736038463,0.12635360266555562,2551.6845703125,2560.179753879568,2560.061875956136,
butsal1,XC259769.ogg,3378.7553267045455,37896.21038870378,2.7153967573076323,8.447291159108318,3423.779296875,3373.8686280725897,3369.3933165984927,
butsal1,XC259770.ogg,6559.013671875,9586.55995130539,-1.469334550848532,0.2078629506864016,6610.693359375,6558.421247372284,6557.820994908412,
butsal1,XC259771.ogg,5276.788330078125,16618.071645498276,0.6295574862176784,-1.3129499572407095,5178.7353515625,5275.284710170275,5273.796222226566,
butsal1,XC262669.ogg,2898.369140625,81.14379644393921,-0.3436215967445456,-1.153061224489796,2896.2158203125,2898.3579348898184,2898.346721993125,
butsal1,XC262670.ogg,3149.7976202713817,633759.35064483,0.3116671664597711,-0.3762844181660103,1894.921875,3050.7248709507567,2950.6241744239546,
butsal1,XC262671.ogg,1570.12939453125,8626529.966680443,1.3371372968978408,-0.21067564367436242,43.06640625,134.9876620634791,55.272643633153656,
butsal1,XC275143.ogg,2703.61328125,114425.6329536438,0.5392271645177874,-1.555717767249897,2400.9521484375,2685.486907390456,2668.1693550783125,
butsal1,XC275673.ogg,4086.181640625,337959.4962000847,-0.7010077943807845,-1.3001635451230091,3380.712890625,4043.705187924623,3998.493491439141,
butsal1,XC276467.ogg,2634.58740234375,1443.8443779945374,-0.9693977873595151,0.2752210058401716,2605.517578125,2634.3385407430983,2634.08741383893,
butsal1,XC28549.ogg,3743.701171875,3106370.508945905,0.5034444221941203,-1.5594498393659668,2196.38671875,3387.720488808211,3096.3235065147155,
butsal1,XC28594.ogg,1407.6161260190217,928571.8524173313,-0.3695302729733844,-1.7417430280590396,247.6318359375,915.3604459631504,520.1467930542364,
butsal1,XC287316.ogg,,
butsal1,XC287488.ogg,701.7179790296053,117971.88939524077,-0.15788091371910157,-1.3196802270815013,1001.2939453125,591.7772688854121,460.69104837027174,
butsal1,XC288212.ogg,3441.3458573190787,84533.9395184266,-1.868402521759131,1.5072116105062427,3563.7451171875,3428.3339185637838,3413.8463551148952,
butsal1,XC289762.ogg,4230.377197265625,13654782.344008034,-0.33669599168443026,-1.8848426180033586,7256.689453125,865.7893849252707,103.87674565730981,
butsal1,XC301195.ogg,,
butsal1,XC302438.ogg,,
butsal1,XC303444.ogg,4059.906005859375,1623983.88609938,-0.12759652564635343,-1.6965896507128055,2487.0849609375,3855.0277808878877,3650.009388901012,
butsal1,XC307930.ogg,848.9302201704545,73.3279978687113,-0.10622693177151293,-0.6504715120656908,850.5615234375,848.8883071399571,848.8463610924788,
butsal1,XC309178.ogg,2794.4224964488635,205974.56984086471,0.49741536046526796,-1.6331982406357908,2411.71875,2762.3238221747197,2732.0347066556315,
butsal1,XC315663.ogg,10.411658653846153,16.61657370053805,-0.354252332930296,3.9376133662633563,10.7666015625,0.0,0.0,
butsal1,XC325609.ogg,30.9539794921875,146.96963131427765,-0.39113649016529817,-1.137472723665939,43.06640625,28.339289048439895,25.209603658536587,
butsal1,XC325673.ogg,5873.18115234375,48556.98280609571,-1.2276586458962515,-0.27501430460739895,6007.763671875,5869.22318051192,5865.145165186995,
butsal1,XC325676.ogg,711.9415283203125,1685652.6613980532,1.1547175541037957,-0.6666011731927859,10.7666015625,43.29585957453074,14.337193102430536,
butsal1,XC325725.ogg,39.75360576923077,84.71055672718929,-0.2119641573579614,-0.4602954755309332,43.06640625,38.676665453216515,37.49084472656251,
butsal1,XC331263.ogg,6751.637961647727,1865.2535026723685,-0.001450320066718827,-1.5124676817006604,6718.359375,6751.512382773224,6751.3868032066985,
butsal1,XC331642.ogg,50.60302734375,130.08767366409302,0.03546667212629664,-1.2455641603764336,43.06640625,49.41446975308481,48.20866371268657,
butsal1,XC336071.ogg,2152.6473999023438,28260.742105543613,0.8445638399520077,0.5489322065393774,2217.919921875,2146.7082800452454,2140.9735246941905,
butsal1,XC353701.ogg,,
butsal1,XC357819.ogg,,
butsal1,XC358591.ogg,2933.89892578125,77835.4479432106,-1.1586605304656694,0.6548255137865064,2906.982421875,2920.0154912462067,2904.9006835382274,
butsal1,XC360765.ogg,29.608154296875,91.07977151870728,0.49338220021815865,-1.371900826446281,21.533203125,28.339289048439895,27.19983552631579,
butsal1,XC368085.ogg,7288.9892578125,425.0389337539673,1.3845503654617897,0.9628099173553712,7288.9892578125,7288.964326865832,7288.9394559047905,
butsal1,XC371043.ogg,5582.2265625,8699966.823399067,-1.2653471527423652,-0.21024656374296402,21.533203125,2258.310783240249,111.4851072076314,
butsal1,XC371720.ogg,6917.54150390625,38.63990306854248,0.0,-2.0,6912.158203125,6917.5394092363695,6917.53731456712,
butsal1,XC378683.ogg,,
butsal1,XC378861.ogg,29.9072265625,80.4997980594635,0.4129503602129438,-1.2696,21.533203125,28.754199268851774,27.685546875000004,
butsal1,XC381046.ogg,4328.173828125,1543312.8557421945,-0.38358783996599793,-1.6403713339987533,2767.0166015625,4146.544472886781,3955.8820607065986,
butsal1,XC384419.ogg,2463.9567057291665,116568.00091266632,1.9407143365148942,4.985389546984956,2282.51953125,2444.0515183101647,2426.468311349511,
butsal1,XC384420.ogg,2442.22412109375,35615.452473813835,-0.37857729722374217,-1.5131979130484723,2616.2841796875,2435.3960575101173,2428.442684438719,
butsal1,XC387076.ogg,,
butsal1,XC387077.ogg,3785.537109375,133469.95317935944,1.6162591649033164,1.790851105731992,3682.177734375,3770.469659563149,3756.6612662127914,
butsal1,XC387107.ogg,3772.9691725510816,1795039.800912019,1.3070773490868655,0.42385780943536355,2702.4169921875,3580.8069320389354,3426.749984621583,
butsal1,XC387744.ogg,7316.462654903017,12871.941502751975,0.1282530031240389,-1.4205448657871556,7159.7900390625,7315.614332041784,7314.767099685075,
butsal1,XC387983.ogg,4168.828125,423153.3064842224,-0.010893839796408122,-1.985432491247254,4780.37109375,4122.84014540352,4077.2938876802727,
butsal1,XC388828.ogg,21.533203125,0.0,0.0,-3.0,21.533203125,21.533203125,21.533203125,
butsal1,XC388832.ogg,4029.993710275424,7352868.115785247,0.17948314350400754,-1.355069048149895,21.533203125,1997.817300651167,136.52913783126596,
butsal1,XC390710.ogg,3959.716796875,38720.155174915606,-0.06517793415640546,-1.643551722141133,4177.44140625,3954.9938051667814,3950.262423087529,
butsal1,XC391285.ogg,5746.97265625,1616.435945034027,-1.0529127353667338,-0.4750519833018525,5749.365234375,5746.8470642081065,5746.720887776995,
butsal1,XC400101.ogg,1784.26513671875,1597166.3769027765,3.8789201225343035,13.050833520209537,1496.5576171875,1617.932823446035,1553.7366236692894,
butsal1,XC400228.ogg,3149.7203480113635,7589.579506353899,0.42422478909391986,-1.61592918163295,3079.248046875,3148.6329102406444,3147.5537245128226,
butsal1,XC400236.ogg,4171.242453835227,1455857.5824038547,1.4147199670686739,0.784545497147616,3391.4794921875,4032.2573100339814,3920.1359121405153,
butsal1,XC403222.ogg,4344.32373046875,2265397.8006948126,0.7059761049023477,-1.4999571810618462,6384.5947265625,4132.4695881988955,3956.9421428484347,
butsal1,XC407368.ogg,2616.2841796875,4945.9075927734375,-0.9185201084799433,-1.0923461914062502,2648.583984375,2615.4612847377093,2614.6258363660804,
butsal1,XC408500.ogg,6912.158203125,77.27980613708496,0.0,-1.0000000000000002,6912.158203125,6912.154010519331,6912.1498179111195,
butsal1,XC419311.ogg,,
butsal1,XC421804.ogg,2531.2846936677633,70851.34647394482,-0.42759170691870557,-1.300404468634513,2131.787109375,2517.548899659729,2503.3947464717785,
butsal1,XC421805.ogg,2505.029296875,5929.468761790882,-0.030857100139634004,-1.785792098111004,2411.71875,2503.943416907613,2502.8571491007397,
butsal1,XC422114.ogg,3580.7450143914475,857809.9154798607,0.6527828391547471,-0.43278019875747686,2950.048828125,3474.1744798177806,3376.0873696980398,
butsal1,XC422374.ogg,2703.7628173828125,776.2480527162552,1.5987675253144218,1.4997760000000007,2680.8837890625,2703.638479003738,2703.5153968486957,
butsal1,XC423701.ogg,3240.7470703125,765666.2392616272,1.1490604393811954,-0.6651378868997564,2799.31640625,3152.7662142449562,3080.3934217539754,
butsal1,XC428915.ogg,,
butsal1,XC438668.ogg,2910.4081587357955,206858.8436141327,0.08954117161959049,-1.5962338639009321,2390.185546875,2875.6243867181292,2841.2427989334446,
butsal1,XC441484.ogg,,
butsal1,XC450251.ogg,2752.776902721774,3395.574965784626,0.14778709157760497,-1.5822698107866129,2702.4169921875,2752.181149947212,2751.58664311615,
butsal1,XC457520.ogg,,
butsal1,XC459572.ogg,,
butsal1,XC469179.ogg,6377.969125600962,33974.87784807498,1.6115916215501338,1.1127374758407331,6233.8623046875,6375.580622668564,6373.260777794089,
butsal1,XC476466.ogg,5706.766941236413,1564910.5761079446,-1.6837376233061745,1.217399511576355,6255.3955078125,5525.460752222972,5282.074027632924,
butsal1,XC478550.ogg,,
butsal1,XC489625.ogg,4902.603687959559,8862234.795983225,-0.8941029055712608,-1.1866341692667177,430.6640625,3016.969968416775,1280.8807543912014,
butsal1,XC493406.ogg,6653.0419921875,2143.962621688843,0.04163470790727113,-0.044130982848645584,6653.759765625,6652.891627182853,6652.7412803511215,
butsal1,XC495438.ogg,4487.87841796875,668412.3632311821,-1.327555069528836,0.46059241755534197,2917.7490234375,4413.251053415281,4324.6968828565505,
butsal1,XC499905.ogg,2962.353515625,776398.7483382225,2.827542852339596,8.107884289072691,2476.318359375,2875.762334862009,2814.1122959806567,
butsal1,XC500155.ogg,7186.1083984375,5016.747415065765,1.306506397183946,-0.24559110211735868,7149.0234375,7185.800605558443,7185.49529080835,
butsal1,XC504962.ogg,6467.138671875,3419.6314215660095,-0.5417182651829197,-1.1464378052283826,6513.7939453125,6466.9029276131105,6466.666453673522,
butsal1,XC506699.ogg,3042.1630859375,97114.95637893677,-0.7030229889272401,-1.4976130388150903,3251.513671875,3027.259790627554,3011.7176605641057,
butsal1,XC512371.ogg,3228.7841796875,100631.18755817413,-0.6120473545138719,-1.1411455787397888,3359.1796875,3214.320511840731,3199.286970794652,
butsal1,XC529085.ogg,2251.8147786458335,833727.5741650508,-1.3010768801461883,0.7425501085680346,193.798828125,1839.5889018840742,1096.775494689969,
butsal1,XC533572.ogg,,
butsal1,XC536468.ogg,336.456298828125,16523.598549158676,0.4450279257221035,-1.3527194765048693,172.265625,313.84545672675404,293.408392283194,
butsal1,XC549989.ogg,3291.8115234375,61514.79062613319,-1.1214175261904031,-0.2543162874044582,2874.6826171875,3282.168487276217,3271.9514891099293,
butsal1,XC556564.ogg,2807.4729225852275,455057.52799524507,1.4392085792373936,0.816564385872705,2314.8193359375,2741.512445338275,2686.8659670547668,
butsal1,XC559622.ogg,,
butsal1,XC568058.ogg,,
butsal1,XC581266.ogg,2694.134990985577,14589.535708610829,-3.1431233126468165,7.959498742439452,2723.9501953125,2691.3825775700816,2688.35252702843,
butsal1,XC582955.ogg,15.63720703125,68.99982690811157,0.6445633973595699,-0.20912694824509215,10.7666015625,0.0,0.0,
butsal1,XC582956.ogg,12.342201791158537,14.843377398281564,2.0011901220928268,2.004761904761904,10.7666015625,11.916036136867055,11.616596422697366,
butsal1,XC582957.ogg,15.791015625,109.79062113268623,1.9214273078595532,2.186445470826656,10.7666015625,13.749651227330865,12.625330822475568,
butsal1,XC584904.ogg,5729.73201976103,1211818.6394859764,-0.4975444400346267,-1.3316171878216287,6772.1923828125,5616.675865278334,5495.63376542842,
butsal1,XC584908.ogg,6524.560546875,122013.77391815186,-1.1468760858500682,-0.6724439162926568,6718.359375,6516.04571092427,6507.199816368261,
butsal1,XC587964.ogg,,
butsal1,XC589323.ogg,1876.221988075658,1041163.0344704578,-0.16699621514089602,-1.095304964130831,452.197265625,1507.9218144653482,1103.2336360341333,
butsal1,XC592194.ogg,3106.16455078125,444.3588852882385,0.0,-1.5160680529300565,3079.248046875,3106.100173774527,3106.0357968106596,
butsal1,XC596130.ogg,2671.3134765625,235764.58856463432,0.780573249682332,-1.2868913822194283,2368.65234375,2634.9934178411777,2601.954569927666,
butsal1,XC597700.ogg,3108.856201171875,720.3581929206848,0.7763573528135755,-0.825208085612366,3090.0146484375,3108.7552455508658,3108.6547092262126,
butsal1,XC59786.ogg,,
butsal1,XC59788.ogg,,
butsal1,XC598703.ogg,5326.497676454741,882297.170131371,-2.2340297915450718,3.588792918789215,5081.8359375,5213.954468529421,5057.349489042678,
butsal1,XC604983.ogg,2641.1819458007812,181.12454563379288,0.44203649924713995,-1.3851733333333331,2637.8173828125,2641.1498465968443,2641.1177940400776,
butsal1,XC610102.ogg,6754.9658203125,93466.0615324974,0.4080873601670967,-1.8319469219583244,6535.3271484375,6749.489163483542,6744.076367931612,
butsal1,XC613986.ogg,0.0,0.0,0.0,-3.0,0.0,0.0,0.0,
butsal1,XC616608.ogg,6126.1962890625,24961.377382278442,1.151099929132475,-0.669353679226294,6050.830078125,6124.69384941452,6123.216977709474,
butsal1,XC618950.ogg,3682.177734375,1039026.9935131073,-1.154098386697549,-0.6671270596666639,2153.3203125,3548.7520915351934,3389.572090063429,
butsal1,XC64159.ogg,61.907958984375,260.81934571266174,1.1547005383792515,-0.6666666666666665,53.8330078125,60.545049904527346,59.40193965517241,
butsal1,XC64160.ogg,3281.7947387695312,17685.000635683537,-0.2564878337870681,-1.9144283294125912,3391.4794921875,3279.2506225946736,3276.691203072343,
butsal1,XC64161.ogg,95.703125,534.5186591148376,-1.2946892834928536,1.0694222673827838,86.1328125,92.33313251372358,87.76799626887008,
butsal1,XC64163.ogg,3135.234375,41406.52012825012,-0.40931956454392027,-1.8310010263979264,3283.8134765625,3129.861760722979,3124.4116884917125,
butsal1,XC6466.ogg,2820.849609375,811.4379644393921,0.5951700641394974,-1.5,2799.31640625,2820.754034066113,2820.658772440664,
butsal1,XC7995.ogg,6061.5966796875,1810717.3776626587,-0.3895926133054815,-1.8201585037494001,4532.7392578125,5917.455938056646,5768.376285854315,
butsal1,XC84665.ogg,5810.049715909091,15400.460275736721,1.0232411306432714,-0.4269926614254467,5749.365234375,5808.861104960526,5807.688713842277,
butsal1,XC84666.ogg,3833.935546875,57093.85369832699,-2.0861483842877075,6.068519345142109,3779.0771484375,3825.7747189122406,3816.68409395186,
butsal1,XC84667.ogg,4462.75634765625,4300.621211528778,0.0,-1.9153740527895031,4392.7734375,4462.354797664996,4461.95327768873,
butsal1,XC84668.ogg,3002.08740234375,622.1024394035339,0.21930028695348888,-1.343235214690791,2971.58203125,3002.0011521785573,3001.914996975882,
butsal1,XC84669.ogg,2673.7060546875,309.11922454833984,-0.2795084971874737,-1.365,2691.650390625,2673.657827100437,2673.609545390801,
butsal1,XC84670.ogg,,
