#filename,mean,variance,skewness,kurtosis,mode,gmean,hmean
cacwre,XC11493.ogg,2183.29551003196,106130.35335552917,-0.5753986356248422,1.489647708276732,1991.8212890625,2156.3434988575564,2124.910979273517,
cacwre,XC132895.ogg,14.192338423295455,48.42533306642014,-0.37594522111641676,-0.6856022980482708,10.7666015625,0.0,0.0,
cacwre,XC140127.ogg,1936.9789123535156,13254.927958572103,1.2344385321010611,-0.2305301989133346,1873.388671875,1933.811948387448,1930.791275161919,
cacwre,XC140128.ogg,2177.24609375,7141.820574706456,1.6018727666262715,4.092164433746091,2228.6865234375,2175.6953577083113,2174.1992645161445,
cacwre,XC146149.ogg,2085.784357244318,27753.382917481904,0.39362659204764183,-0.6758300410127194,1981.0546875,2079.3072583150365,2072.933797930304,
cacwre,XC150365.ogg,78.057861328125,529.5423079620708,0.5360868155336379,-1.1133882824682555,53.8330078125,75.11872017878542,72.43057767564618,
cacwre,XC165904.ogg,1975.514591550364,12228.083910770516,0.12912987736279402,-0.8450282895479018,1927.2216796875,1972.4565168781894,1969.4066977174607,
cacwre,XC166585.ogg,2130.203785615809,10118.803413318268,1.33667289052448,0.36648553532825456,2088.720703125,2127.95450541423,2125.7941564388047,
cacwre,XC166586.ogg,1614.0114524147727,474.2169922048395,0.5091168824543112,-0.36050370370370644,1593.45703125,1613.8784609891622,1613.7460280803555,
cacwre,XC167653.ogg,4.116641773897059,28.20506293505908,0.4841820261350421,-1.7655677655677653,0.0,0.0,0.0,
cacwre,XC173197.ogg,107.666015625,96.5997576713562,0.6841052550594828,-0.14000000000000012,107.666015625,107.26508571142394,106.87710151128036,
cacwre,XC176253.ogg,3593.560321514423,552439.0931753012,-1.0364643053422262,0.6339780674484379,3692.9443359375,3502.576295128013,3391.304192192486,
cacwre,XC179479.ogg,2328.253767975664,34178.34609082315,-0.44279893552651534,-0.9187811772232015,2034.8876953125,2320.737206857447,2313.021773765016,
cacwre,XC180267.ogg,,
cacwre,XC184934.ogg,2535.6201171875,100995.50664424896,0.8722389025227718,-0.9452518311963476,2314.8193359375,2517.232488749694,2500.1195101579137,
cacwre,XC191945.ogg,6075.9521484375,609568.249308146,0.8409045497709648,-0.8614390196361303,5781.6650390625,6030.496873088242,5988.002060811678,
cacwre,XC196547.ogg,1750.341796875,2236.2077236175537,0.25634876430050413,-0.6143818442290847,1776.4892578125,1749.7282076774482,1749.1170346743065,
cacwre,XC196703.ogg,1953.4921875,13341.199332475662,-0.26022056674424016,-1.201138177228391,1830.322265625,1950.1735922189234,1946.8180448677551,
cacwre,XC241017.ogg,685.986328125,2162.6079082489014,-0.7477707040552546,-0.45155620559885845,667.529296875,684.4083906200497,682.771987318429,
cacwre,XC253924.ogg,2070.955810546875,11766.155536237517,0.4180597335913252,-1.4787417174523128,1981.0546875,2068.2920637073235,2065.6667320789834,
cacwre,XC279629.ogg,2083.2636584974316,8526.935595763873,-1.8027692400360027,2.2601471817213836,2110.25390625,2081.1281461274334,2078.869157933169,
cacwre,XC281888.ogg,1954.0158358487215,27034.592902445493,-0.8467145403883608,-0.8588036851753347,2088.720703125,1946.8101094397637,1939.2467268727203,
cacwre,XC284084.ogg,1663.055419921875,413519.79598402977,-0.9275999777677978,-0.463416959890246,527.5634765625,1479.6232674968976,1237.6174048084201,
cacwre,XC285491.ogg,630.615234375,30.572230999286358,-0.28867513459481287,-1.916666666666667,635.2294921875,630.5926887303672,630.5701071592296,
cacwre,XC289178.ogg,13.99658203125,78.56780290603638,-0.5793144075652342,-1.1357162053211505,21.533203125,0.0,0.0,
cacwre,XC297279.ogg,,
cacwre,XC298400.ogg,27.275390625,47.47188091278076,0.7197210676601588,-0.4632233639805299,21.533203125,26.522460248235276,25.83984375,
cacwre,XC304426.ogg,2018.73779296875,23004.79319962588,0.42141676048060694,-0.5513679708420267,1959.521484375,2013.594078035746,2008.5289379988853,
cacwre,XC311041.ogg,,
cacwre,XC319444.ogg,2172.6512562144885,2645.015732619526,-2.500755749159311,9.877807347851695,2207.1533203125,2172.0309666931003,2171.3832166090965,
cacwre,XC324039.ogg,1852.320214141187,6314.886604617228,1.216205856906273,1.175280941618631,1830.322265625,1850.6812528069645,1849.0934905959505,
cacwre,XC324044.ogg,3098.089599609375,182080.8832347393,-1.6154106163009052,0.9003417651858214,3348.4130859375,3066.303558323718,3029.1912667509223,
cacwre,XC324045.ogg,2091.5120442708335,4295.8857408210415,0.03998407168797357,-0.07100535146081777,2088.720703125,2090.492292096568,2089.4719051534234,
cacwre,XC324050.ogg,,
cacwre,XC324054.ogg,2169.2138671875,6666.015084967556,-1.109711677346268,1.4634955658558955,2217.919921875,2167.649064326399,2166.0350794610054,
cacwre,XC324055.ogg,1956.8896484375,5080.210528590463,-0.1830202674719304,-1.1701655208837478,1894.921875,1955.6137553684553,1954.3316677645523,
cacwre,XC324057.ogg,3233.5693359375,22894.14256811142,0.6910414517568241,-1.4886508572344175,3133.0810546875,3230.483583192212,3227.461666003729,
cacwre,XC324059.ogg,2080.107421875,17043.509244918823,-3.0397932229558973,8.276373198371257,2088.720703125,2075.7224203912565,2070.6882341374803,
cacwre,XC324583.ogg,,
cacwre,XC348376.ogg,2268.816583806818,3201.4916051517835,0.9850542155635106,0.20624492656330196,2250.2197265625,2268.184718734019,2267.562267516759,
cacwre,XC349355.ogg,,
cacwre,XC349356.ogg,,
cacwre,XC349357.ogg,,
cacwre,XC349358.ogg,2077.18505859375,52243.484327426326,-0.656077919508815,-1.0467056535736639,2282.51953125,2064.8584824895115,2051.919727497604,
cacwre,XC349359.ogg,2107.769305889423,17548.46059359037,0.2778831451931992,-0.11933451318659483,2099.4873046875,2103.794512773353,2099.844877867907,
cacwre,XC349360.ogg,,
cacwre,XC349361.ogg,,
cacwre,XC350269.ogg,2193.450372869318,6849.310851752381,-1.636951679859075,1.2806016546831032,2217.919921875,2191.8581382513557,2190.1973500100403,
cacwre,XC351096.ogg,2270.348590353261,8929.02487351489,-0.035463027307728816,-1.261132261131265,2174.853515625,2268.463906022431,2266.5766937891385,
cacwre,XC359127.ogg,,
cacwre,XC359130.ogg,,
cacwre,XC359296.ogg,2780.9642444957385,48808.01806836753,-2.016625376131819,5.231407175204467,2637.8173828125,2771.2191840250093,2760.0480580076837,
cacwre,XC359373.ogg,2318.9208984375,32954.85586654849,4.177359222772048,15.670368395174435,2282.51953125,2313.1812884130254,2308.425197977718,
cacwre,XC359376.ogg,3769.893870634191,3234736.902501813,0.9046833978303752,-1.1335701815093608,2583.984375,3429.254692815979,3180.8798984393065,
cacwre,XC359377.ogg,2353.271484375,58495.29325962067,-0.1795766824200472,-1.8330788876784119,2099.4873046875,2342.4641669188145,2331.5699661624412,
cacwre,XC359379.ogg,2263.7776692708335,3803.883790969848,0.19327203643910407,-1.6520298479039488,2196.38671875,2262.9711674836904,2262.1675404851844,
cacwre,XC359385.ogg,1999.51171875,143.51963996887207,-0.19201160638565623,-1.143491124260355,1991.8212890625,1999.4809345448311,1999.4501281565995,
cacwre,XC359388.ogg,2017.96875,5751.825571060181,0.045156232529689005,-0.21462214624909315,1991.8212890625,2016.7467790019332,2015.5241820553272,
cacwre,XC359393.ogg,2138.4127103365386,120487.03961044189,0.948045558728242,1.328371359696531,2099.4873046875,2112.5902714171357,2087.9509541401567,
cacwre,XC360260.ogg,6610.693359375,44239.17629502036,0.34508982580787717,-1.8336826833531519,6438.427734375,6607.64672728483,6604.622522207279,
cacwre,XC360273.ogg,2485.3849712171054,173939.25503850155,0.515005415606137,-0.9034931078358692,2121.0205078125,2452.560020828832,2421.146738269475,
cacwre,XC360277.ogg,1016.027189555921,608.0700535523265,-0.06798619628152903,-0.8158987781643012,1001.2939453125,1015.743262200164,1015.4589209501307,
cacwre,XC371090.ogg,8.203125,22.079944610595703,-1.2298373876248843,-0.4875000000000007,10.7666015625,0.0,0.0,
cacwre,XC373244.ogg,1984.2213350183824,1040.0043557671938,0.3892693273257949,-0.14867673904525347,1991.8212890625,1983.9654005805437,1983.7104507655688,
cacwre,XC381108.ogg,169.83445690524192,254843.37309099015,2.727462645939817,5.442664339515165,10.7666015625,0.0,0.0,
cacwre,XC381884.ogg,280.79991494455646,660614.2545649454,2.8730836438114173,6.996800507221268,10.7666015625,0.0,0.0,
cacwre,XC382047.ogg,8.074951171875,57.95985460281372,0.32396954829362334,-0.7755102040816326,10.7666015625,0.0,0.0,
cacwre,XC382096.ogg,4008.553538602941,329733.5673766977,-6.866302982803376,45.44673435545421,4112.841796875,0.0,0.0,
cacwre,XC383876.ogg,1910.302734375,1675.8677959442139,-1.6650283778201183,2.1844808933118776,1927.2216796875,1909.8748378982125,1909.4365285857882,
cacwre,XC384554.ogg,2911.0767633142605,100854.67184261537,0.32844025063626103,-0.9411140515458993,2874.6826171875,2894.257040612449,2877.74858964901,
cacwre,XC384701.ogg,25.1220703125,30.911922454833984,0.7071067811865475,-1.5,21.533203125,24.64936430498142,24.224853515625,
cacwre,XC384702.ogg,29.9072265625,51.51987075805664,0.2099223256647563,-0.62109375,32.2998046875,29.132978726630487,28.36080411585366,
cacwre,XC385232.ogg,,
cacwre,XC393277.ogg,2352.8762817382812,109449.14106696428,1.13949559267197,0.1628661738990549,2174.853515625,2331.746048099663,2312.51410940676,
cacwre,XC393278.ogg,2369.1650390625,108147.21257455887,0.45215249032381977,-1.315149623484261,2196.38671875,2347.4032285496323,2326.506615858608,
cacwre,XC394384.ogg,3965.6982421875,19590.430855751038,0.2165655327223023,-1.9320029935926613,3843.6767578125,3963.5125655331362,3961.3384726893464,
cacwre,XC394387.ogg,3853.05908203125,271658.41452194296,-0.06787615891727379,-0.5307764509440669,3477.6123046875,3817.4542220280255,3780.98874154904,
cacwre,XC400986.ogg,,
cacwre,XC400987.ogg,147.4698153409091,2727.625884793021,0.3779632252015401,-0.788876698724899,161.4990234375,138.46700497923717,129.75565562799466,
cacwre,XC404725.ogg,2060.662286931818,30855.938504365356,0.9735608775372844,-0.9435115342783456,1927.2216796875,2053.761471300077,2047.2295193634857,
cacwre,XC418585.ogg,2296.875,521.6386914253235,0.5370370370370371,-0.9351851851851851,2271.7529296875,2296.7743950214217,2296.674123900608,
cacwre,XC434587.ogg,2686.1290564903848,1436293.2231720642,1.8317545482079418,2.053055543658214,2077.9541015625,2503.86364969179,2381.4610937241173,
cacwre,XC435742.ogg,19.140625,51.51987075805664,0.2099223256647563,-0.62109375,21.533203125,17.8784967847101,16.611328125,
cacwre,XC436660.ogg,5.9814453125,32.1999192237854,-0.22360679774997896,-1.95,10.7666015625,0.0,0.0,
cacwre,XC436662.ogg,196.7351740056818,380473.77718578686,2.8454140351109003,6.097855276157636,10.7666015625,0.0,0.0,
cacwre,XC437545.ogg,59.38996345766129,570.8734066255632,1.131591188637376,1.4540218531301843,64.599609375,55.078870391136434,50.76184862827962,
cacwre,XC448745.ogg,9046.636962890625,34105.23444414139,-1.1462990642738482,-0.6705397879932886,9140.8447265625,9044.96298426773,9043.264429498995,
cacwre,XC448746.ogg,2159.3017578125,3683.67075920105,-0.47533852539979105,-1.442475029341288,2077.9541015625,2158.5369024481774,2157.7656518782874,
cacwre,XC451374.ogg,269.79836856617646,412.5377886435565,0.5464671020270577,-0.7012883341301812,247.6318359375,269.0947512831396,268.4076428182971,
cacwre,XC451405.ogg,3815.68359375,846.2138772010803,-0.8978957037987335,-0.4947457309063612,3768.310546875,3815.5945184725556,3815.5050769192394,
cacwre,XC452507.ogg,1786.102294921875,7602974.254570224,1.3787387479566404,-0.0229013219548051,215.33203125,616.5104264480584,371.7755417884047,
cacwre,XC452536.ogg,2013.498046875,14394.387328302539,0.5408763656748619,0.5676668765127362,2002.587890625,2010.0287645276453,2006.6120123525152,
cacwre,XC452553.ogg,4191.484799592391,441905.8674418409,-0.7062864789542264,-0.58495526363247,4414.306640625,4134.560551342202,4072.096580533892,
cacwre,XC452554.ogg,,
cacwre,XC466426.ogg,1830.5726517078488,370172.9672038278,-2.164948045924161,3.988676332862754,1873.388671875,1463.613241264741,557.6900689809138,
cacwre,XC466427.ogg,2013.3544921875,913.7200607972986,-0.08205410441841396,-0.9048785921140565,2024.12109375,2013.13997625984,2012.9252622131528,
cacwre,XC466428.ogg,3043.359375,59273.611307144165,0.2799539464990882,-1.3852872166655483,2777.783203125,3034.532265023462,3025.828087126907,
cacwre,XC466429.ogg,,
cacwre,XC466430.ogg,3082.47802734375,3659.198820590973,-2.290827782697707,3.838847142107924,3100.78125,3081.928033329929,3081.3618052466877,
cacwre,XC469890.ogg,2746.1563110351562,7596.121944487095,-0.6359245395186828,-1.3589275530946494,2820.849609375,2744.842095750478,2743.5108172601463,
cacwre,XC475569.ogg,934.130859375,845573.8280749903,0.19476223050564506,-1.9559720988835396,107.666015625,396.1322743200214,182.49961923252124,
cacwre,XC488232.ogg,3030.79833984375,171778.72907856238,-4.409001939487651,32.16933363160875,2950.048828125,2936.172873264268,2397.9054496617937,
cacwre,XC488233.ogg,97.66845703125,20160.475579591897,0.9811528974655394,-0.9639893880184491,21.533203125,0.0,0.0,
cacwre,XC488451.ogg,3649.8779296875,397422.4430322647,-0.31979577056692754,-1.7791168686294745,4252.8076171875,3596.6940072623925,3542.1689626475177,
cacwre,XC488454.ogg,3492.5199068509614,2471051.5242356523,-0.17116835941905298,-1.951078448696508,1808.7890625,3128.04535916295,2782.7378470713234,
cacwre,XC490511.ogg,4169.5458984375,12477.376699447632,-0.5479187840365868,-1.4426929165118807,4005.17578125,4168.135689801812,4166.712226112424,
cacwre,XC491074.ogg,2881.142578125,1310.574594665976,0.1597592627295644,-0.9483417269342009,2874.6826171875,2880.921901535028,2880.701497734111,
cacwre,XC493357.ogg,1705.4296875,150.69562196731567,0.27154541788363945,-1.044378698224852,1701.123046875,1705.3943827267558,1705.3591184825514,
cacwre,XC493359.ogg,6426.369140625,178311.1979484558,0.48128839703146714,0.8133861714082835,6147.7294921875,6412.9638161043085,6399.711908432494,
cacwre,XC493360.ogg,1916.1859130859375,7148.307760174458,0.8947466594338542,0.219945962303846,1884.1552734375,1914.4100959839725,1912.6759954375993,
cacwre,XC493361.ogg,1577.05078125,9663.28775882721,-3.365493718607075,12.128714110703818,1593.45703125,1573.6358497569438,1569.618641857863,
cacwre,XC493364.ogg,5398.1048583984375,343020.9095031023,1.154115256197827,-0.6668597652038515,5071.0693359375,5372.241982703545,5348.332524168783,
cacwre,XC495416.ogg,1871.9109030330883,121984.71930868486,0.11759767580017595,-1.7469862592382843,1496.5576171875,1840.0369347281508,1808.9304294791382,
cacwre,XC495417.ogg,1935.8349609375,1030.0294160842896,0.38453705251636994,-1.3005293576369148,1905.6884765625,1935.5876362406527,1935.341318848861,
cacwre,XC495418.ogg,1997.20458984375,57.95985460281372,0.0,-2.0,1991.8212890625,1997.1973347082253,1997.1900795990566,
cacwre,XC497309.ogg,1.79443359375,17.563592303882945,1.788854381999832,1.200000000000001,0.0,0.0,0.0,
cacwre,XC510936.ogg,2021.429443359375,2111.394703388214,-1.1006812833896626,-0.5492964244521339,2034.8876953125,2020.9651347656845,2020.4934940014891,
cacwre,XC511244.ogg,2050.4042681525734,11326.347415778728,-0.5857151248828305,-0.8973371156197509,2131.787109375,2047.664037067748,2044.865562148589,
cacwre,XC511268.ogg,2040.27099609375,6839.262843132019,1.1414827815093807,-0.6762424590634875,2002.587890625,2039.0461722139457,2037.8536927299272,
cacwre,XC519773.ogg,19.117076002706693,761.5918761682659,1.8844263274634419,1.8198395553398194,10.7666015625,0.0,0.0,
cacwre,XC520559.ogg,,
cacwre,XC534180.ogg,2106.000434027778,14161.56025230885,-0.6644647593785082,-0.20049195751307236,2142.5537109375,2102.584280150309,2099.0704571365322,
cacwre,XC534485.ogg,1730.91064453125,3435.0873827934265,-0.41854064818301173,-0.635480532578673,1754.9560546875,1729.9415159181276,1728.9625184213517,
cacwre,XC534516.ogg,1928.4521484375,5506102.803005892,1.8309573519981823,1.6187483678373091,570.6298828125,1223.156255135022,968.0710659882752,
cacwre,XC538948.ogg,840.179443359375,903224.7541844845,0.3037403940012578,-1.8788098696690338,21.533203125,0.0,0.0,
cacwre,XC543308.ogg,410.78725961538464,52025.65718155642,-0.6978070129745367,-1.314600369717078,86.1328125,314.2908818223706,211.2439069051223,
cacwre,XC543310.ogg,22.8790283203125,47.609880566596985,-0.05439506453662819,-0.3137996219281658,21.533203125,21.852579177434357,20.671875,
cacwre,XC545901.ogg,2317.7801513671875,1171.0119854945403,0.8614561664071413,1.0032786223028838,2304.052734375,2317.53582388975,2317.2934310762557,
cacwre,XC549234.ogg,2181.1478365384614,15866.120083114274,0.8151509723277917,0.5224256990270648,2250.2197265625,2177.6622648237562,2174.2686446573607,
cacwre,XC549241.ogg,0.0,0.0,0.0,-3.0,0.0,0.0,0.0,
cacwre,XC549258.ogg,53.34361683238637,350.20986142672643,2.4089201908606115,7.194542127214879,53.8330078125,50.97358312900893,49.08903814343389,
cacwre,XC554518.ogg,,
cacwre,XC555120.ogg,,
cacwre,XC558869.ogg,4132.65234375,173779.87285852432,1.745495719590372,1.2484422107210973,3886.7431640625,4114.47291108073,4098.163838229862,
cacwre,XC559021.ogg,2017.6611328125,7449.77331161499,-0.12701405789553621,-1.643942654798184,1905.6884765625,2015.9927139272882,2014.3189847462613,
cacwre,XC564909.ogg,2417.9302509014424,2894.9609838999236,1.213073863724102,0.6096750400512754,2368.65234375,2417.364378477821,2416.80811618629,
cacwre,XC573129.ogg,2965.1220703125,24853.185653686523,0.36535542167356805,-1.762465242417974,2799.31640625,2961.2557773762114,2957.441016701443,
cacwre,XC581030.ogg,1816.1485116693038,134468.48051283357,-3.4442063268301766,13.951225082560928,1830.322265625,1703.2567420261646,1294.2516785648797,
cacwre,XC611039.ogg,2298.255333533654,15989.489119786484,-0.3791288130043245,-1.0829751872819542,2099.4873046875,2294.9948133718076,2291.6874341267758,
cacwre,XC611040.ogg,2011.3357543945312,3743.7236085534096,1.4359194664320725,1.4360375605706324,2013.3544921875,2010.486445789278,2009.659654885048,
cacwre,XC616458.ogg,25.1220703125,49.17805845087225,-0.38180177416060623,-0.6734693877551021,21.533203125,24.06545970650744,22.799862132352942,
