#filename,mean,variance,skewness,kurtosis,mode,gmean,hmean
carwre,XC109026.ogg,2262.3321533203125,925.4256784915924,0.7480378405893127,-0.9266608844975397,2239.453125,2262.1416269914803,2261.9523272796328,
carwre,XC109027.ogg,2877.4912958559785,296271.991322163,0.003724506119487302,-1.81739507228349,2336.3525390625,2827.6797954123617,2778.4322090515384,
carwre,XC112511.ogg,2733.43505859375,130080.02197597086,4.0286226854304745,14.854869514287277,2605.517578125,2715.968888011077,2702.7641339318916,
carwre,XC112512.ogg,3416.927823153409,218167.21561822025,2.8324184117711493,6.055511489808351,3283.8134765625,3393.4447089099017,3374.515387178743,
carwre,XC116308.ogg,,
carwre,XC116314.ogg,,
carwre,XC116317.ogg,2878.9892578125,30118.516445159912,2.607646121905852,4.925346816435391,2810.0830078125,2874.6990667900695,2870.792792612508,
carwre,XC118763.ogg,3743.464543269231,147611.8604724224,-1.2645385121833874,2.1269836976738725,3660.64453125,3723.23849651037,3700.5978429515803,
carwre,XC122447.ogg,2574.3510999177633,24431.942920935784,-0.42388974012860087,-1.7091553763417047,2713.18359375,2569.774036446637,2565.1253805108886,
carwre,XC122452.ogg,3060.199444110577,2417.966242019946,0.06878544497780172,-1.8311640649171241,3014.6484375,3059.83499623598,3059.47083524583,
carwre,XC123347.ogg,2982.94677734375,721.6461896896362,0.23818704615074107,-0.8846952077494832,2993.115234375,2982.829333804949,2982.712050447354,
carwre,XC124068.ogg,2795.47119140625,1208.4779322865497,-0.01479272001752692,-0.5365270642124194,2810.0830078125,2795.257557327594,2795.0438658809576,
carwre,XC124764.ogg,2628.5888671875,61510.30969619751,-0.09809704410669105,-1.9782196291233252,2853.1494140625,2617.35347886955,2606.0970951973723,
carwre,XC125657.ogg,3933.8470458984375,163.52958977222443,0.3161639417792118,-1.2520429418362444,3929.8095703125,3933.82887062304,3933.8107069623434,
carwre,XC125658.ogg,3868.06640625,35320.617109537125,-0.023843071825634013,-0.2769417512011181,3800.6103515625,3863.5789638687124,3859.0754381791044,
carwre,XC125659.ogg,3563.7451171875,850.0778675079346,-1.0466216984729968,-0.7355371900826451,3574.51171875,3563.6552203583233,3563.564877857334,
carwre,XC125660.ogg,3569.8013305664062,138.62065225839615,-0.6379974580436109,0.11336789326081487,3574.51171875,3569.783103345373,3569.7648510992935,
carwre,XC125661.ogg,3534.31640625,355.4871082305908,-0.0912935346357716,0.5861174337409825,3531.4453125,3534.2694515353382,3534.2224794988865,
carwre,XC125662.ogg,1549.8779296875,2143662.3344421387,0.4902835016108011,-1.7595925003845836,430.6640625,940.8760410465408,642.6342318829118,
carwre,XC129364.ogg,,
carwre,XC130534.ogg,2731.3522338867188,1856843.9229503274,-0.9506985478475056,-0.995263146611697,3596.044921875,2163.804415401071,1474.0007074576652,
carwre,XC130535.ogg,2890.1596069335938,339.54814821481705,0.4393907543139837,-0.5138676147136128,2885.44921875,2890.1046337175912,2890.049758037784,
carwre,XC131725.ogg,3238.262469951923,492949.09841097315,0.008212438441792747,-1.9866470395952809,2540.91796875,3164.2985911143583,3092.0724745095163,
carwre,XC133669.ogg,2978.28125,136302.0238930529,0.7501826054218574,-0.6675043019562228,2863.916015625,2956.996696358104,2936.824655024608,
carwre,XC135180.ogg,3806.8218524639424,190768.35208764445,-1.6856520860705206,1.3661296767504645,3983.642578125,3778.953472615806,3746.9127538968282,
carwre,XC136273.ogg,2909.7737630208335,67.70239426539494,0.0631183303224296,-0.42299821534801163,2906.982421875,2909.7625614959134,2909.7513611863624,
carwre,XC136279.ogg,,
carwre,XC140964.ogg,3088.0570845170455,760.8548186042092,-0.3500998146828325,-1.5289208953276892,3057.71484375,3087.944864183844,3087.832421471468,
carwre,XC140967.ogg,2630.2174287683824,373.32965170635896,-0.5227708006179714,-0.7124225933570933,2637.8173828125,2630.150465131069,2630.083332892815,
carwre,XC141029.ogg,3016.8017578125,120786.97323097903,-0.1844948257917223,-1.928722434008866,2680.8837890625,2997.007947819889,2977.054441919054,
carwre,XC141031.ogg,3456.591796875,1582.0280313491821,0.132110647038434,0.05221247837217513,3477.6123046875,3456.3740327520736,3456.1564424296434,
carwre,XC141267.ogg,,
carwre,XC141281.ogg,,
carwre,XC141460.ogg,3090.0146484375,313342.56595373154,1.3070622128852547,1.311694809123205,2767.0166015625,3047.0610441253148,3008.907450003622,
carwre,XC141555.ogg,2910.05859375,364.3190860748291,-1.3947113243824556,1.0352584478458597,2917.7490234375,2910.0001226695354,2909.941304024792,
carwre,XC141908.ogg,654.3701171875,1561663.8824343681,1.336208076790681,-0.21433664016569676,21.533203125,67.63059778128716,27.626087771958392,
carwre,XC142207.ogg,,
carwre,XC142554.ogg,3082.7471923828125,22413.447312437573,-2.8624908954610904,7.06800036288849,3122.314453125,3078.8337229231656,3074.511495712786,
carwre,XC143792.ogg,2805.3726196289062,10586.850441992283,-0.6050378553122069,-1.3555616485026605,2863.916015625,2803.577002646661,2801.7557117809224,
carwre,XC143793.ogg,5712.171519886364,348045.7654432817,-2.4502423710521484,4.765211034652769,5620.166015625,5678.745995672702,5638.444770744749,
carwre,XC145774.ogg,3403.512752757353,14053.560039576361,-0.4982831957798424,-1.5708440552592753,3262.2802734375,3401.546762973555,3399.5591336202892,
carwre,XC147165.ogg,3443.6811967329545,12823.367887443595,1.0340842494485656,0.06583094015775615,3380.712890625,3441.8863992037113,3440.129992951558,
carwre,XC147168.ogg,2186.724384014423,1676453.9871862542,-0.8558641553414358,-1.12873810511417,3154.6142578125,1351.6189923245354,560.203887887615,
carwre,XC147174.ogg,377.80983664772725,2792.611176317389,-2.372429860326828,4.549063438946237,376.8310546875,373.43299823175096,367.7393371592672,
carwre,XC147193.ogg,6659.557166466346,19370.48063828395,1.5194848186224432,1.0769427377163145,6599.9267578125,6658.241074694391,6656.950962770084,
carwre,XC147301.ogg,3762.158203125,119531.43614530563,-0.5291802579788777,-1.6463145787821583,4005.17578125,3746.493650950713,3730.3702502913648,
carwre,XC147735.ogg,,
carwre,XC153511.ogg,,
carwre,XC161193.ogg,,
carwre,XC161200.ogg,3381.0038798564187,878.9707680006285,-0.20653425401544873,-1.4267535731791057,3402.24609375,3380.877250633591,3380.7504700747795,
carwre,XC161207.ogg,,
carwre,XC161211.ogg,,
carwre,XC161215.ogg,,
carwre,XC161228.ogg,,
carwre,XC161230.ogg,,
carwre,XC161235.ogg,,
carwre,XC161265.ogg,,
carwre,XC165326.ogg,3253.30810546875,251.15936994552612,-0.3053162697580516,-1.1517159763313605,3262.2802734375,3253.2759087461195,3253.2436826852154,
carwre,XC166088.ogg,3064.5424447408536,14853.435205917558,-1.8638506628777793,2.5299868203548472,3133.0810546875,3062.010084952542,3059.342373940311,
carwre,XC166959.ogg,3977.7698863636365,4780948.772647166,1.1732263297530403,-0.5475453587328389,2691.650390625,3537.005289281697,3247.7547596647582,
carwre,XC167825.ogg,3171.6141550164475,54589.37042637875,-0.9497324023610044,0.5857906658567882,3369.9462890625,3163.0152408329363,3153.9321667765926,
carwre,XC168616.ogg,3120.263671875,92838.89686189046,0.5630628076636862,-0.8881281557630385,2982.3486328125,3106.1646398267985,3092.5141837729934,
carwre,XC168617.ogg,4408.538818359375,99815.30293822289,-2.7689269251009256,6.904374670938122,4532.7392578125,4395.890250416718,4381.211885036744,
carwre,XC168619.ogg,2956.4290364583335,226500.5066761604,0.9803480848475028,2.722088274151817,2917.7490234375,2921.343452184435,2887.1103150857507,
carwre,XC168620.ogg,3294.580078125,148093.8684940338,-0.5128737271647863,-1.4939006688481238,3552.978515625,3272.3057769929965,3249.199759286684,
carwre,XC168621.ogg,3286.505126953125,126277.66213091937,1.3322055761927518,0.41819383615484984,3068.4814453125,3269.1661657842988,3253.293948158911,
carwre,XC168622.ogg,,
carwre,XC168623.ogg,4322.5263162624615,2116.2671917786624,-1.7046552373911625,2.986899928301752,4349.70703125,4322.27924718946,4322.029102213183,
carwre,XC168624.ogg,2495.488162157012,118994.55017505624,2.0880451754706044,4.721715065081832,2293.2861328125,2475.5375745285937,2458.3598368675703,
carwre,XC168625.ogg,2527.481961841426,138654.0390506756,-0.23276241865212394,-1.9200516520262454,2863.916015625,2499.477476757327,2471.11971858,
carwre,XC168626.ogg,3145.8052201704545,36556.86102130197,-0.6318688957443362,-1.1936402004294362,2863.916015625,3140.3818528611723,3134.823859905534,
carwre,XC16909.ogg,,
carwre,XC16911.ogg,,
carwre,XC16912.ogg,,
carwre,XC16913.ogg,,
carwre,XC169157.ogg,2659.3505859375,278.20730209350586,-1.414213562373095,0.5,2670.1171875,2659.3067589937496,2659.2626938600984,
carwre,XC169158.ogg,2751.943359375,112.60771751403809,0.8710565816821297,0.6176470588235294,2745.4833984375,2751.9243045799685,2751.905290538131,
carwre,XC169159.ogg,4025.478515625,373.47576898687026,0.2663115900493465,-1.1303529167819761,4015.9423828125,4025.433489201434,4025.3885002628076,
carwre,XC169160.ogg,3011.2122880651596,2424.770087472385,1.3358305625866478,1.0584219389293725,3003.8818359375,3010.8237297716455,3010.4405948486165,
carwre,XC169161.ogg,2388.39111328125,251.15936994552612,0.3053162697580516,-1.1517159763313611,2379.4189453125,2388.3473502257093,2388.30364063484,
carwre,XC16932.ogg,,
carwre,XC169363.ogg,2106.7705939797793,12827.288846707164,-0.22535225859200808,-1.007884104822725,2217.919921875,2103.7252952859562,2100.6512773239283,
carwre,XC17104.ogg,,
carwre,XC173574.ogg,2711.1416520743533,21420.56673657008,-1.1180236657581883,-0.5543126455745937,2788.5498046875,2707.092808779334,2702.8778682014818,
carwre,XC173577.ogg,2630.9267578125,20424.390363693237,0.6658862658631299,-0.4303897154213039,2562.451171875,2627.203093367187,2623.560227444124,
carwre,XC173579.ogg,2362.2505806587837,16199.5182810603,0.20387106916157605,-1.1923453939606385,2293.2861328125,2358.9323779643573,2355.6352501848214,
carwre,XC174543.ogg,2748.4111585115133,14737.775548841435,1.2838428866113312,1.4860845849684843,2702.4169921875,2745.843817310693,2743.362017638401,
carwre,XC175156.ogg,3148.2521750710225,9323.816779551998,0.8777772151435319,-0.7770670768948591,3090.0146484375,3146.8296136312542,3145.4318262784686,
carwre,XC175337.ogg,2508.6181640625,88.31977844238281,0.4397264774834465,-0.5937500000000004,2508.6181640625,2508.6013787541374,2508.584611272656,
carwre,XC175465.ogg,2364.6461664244184,319.247002151531,0.014871477743739788,-0.9120744078551062,2357.8857421875,2364.579449158143,2364.512734652575,
carwre,XC178303.ogg,2984.727300599564,38510.985339959894,-1.1261911607342747,0.7067849401770352,2842.3828125,2977.9880272339306,2970.861630627678,
carwre,XC181691.ogg,1182.403564453125,169603.87453436852,0.14568782685270182,-1.9449602185477757,807.4951171875,1113.3572055934396,1050.1134896503036,
carwre,XC184188.ogg,,
carwre,XC197277.ogg,2543.310546875,30640.35977158591,-3.9288290341637597,17.925451868601343,2573.2177734375,2535.8569278198097,2526.373447125534,
carwre,XC200998.ogg,86.1328125,77.27980613708496,0.0,-1.0000000000000002,86.1328125,85.79436661352744,85.45460137795276,
carwre,XC202122.ogg,3159.5081676136365,1747.2261623902755,2.079828073787632,3.1257819309383184,3143.84765625,3159.261088319353,3159.0182270751966,
carwre,XC202128.ogg,2887.24365234375,77.27980613708496,-0.3082386990408931,-1.3724007561436675,2896.2158203125,2887.230819075036,2887.2179779361827,
carwre,XC202184.ogg,,
carwre,XC202308.ogg,,
carwre,XC210728.ogg,2665.957364169034,31746.98957775662,-0.3153645337133883,-1.1118275367592043,2691.650390625,2660.0395426902096,2654.030914378597,
carwre,XC210844.ogg,2924.082318474265,6337.770625231739,-3.0830346483626934,9.18976060399377,2928.515625,2922.9676796347026,2921.785952698108,
carwre,XC210846.ogg,3240.1137408088234,6519.192202205963,-1.0470366877972914,2.3444014094800787,3208.447265625,3239.1190994487906,3238.1053214850426,
carwre,XC210847.ogg,3780.300625887784,1133.6996011599479,0.06644762287305667,0.13436271939904865,3757.5439453125,3780.1524242538453,3780.0042614708,
carwre,XC210850.ogg,3088.4765625,23539.49389036964,-0.934026172605343,-0.7520492583897456,3133.0810546875,3084.653498923436,3080.710564681692,
carwre,XC210852.ogg,3443.00537109375,787.8718697107755,0.864697576493178,0.4451259958867291,3423.779296875,3442.8995989846867,3442.7942954934524,
carwre,XC210853.ogg,3219.2138671875,6794.1829562187195,-0.35283204378586824,-0.1319327957593046,3197.6806640625,3218.180245315494,3217.1396060203065,
carwre,XC210855.ogg,3775.787353515625,6112.74066567421,-0.6155206858435585,-0.6140679146937957,3822.1435546875,3774.9934647304312,3774.192685400512,
carwre,XC211058.ogg,,
carwre,XC211059.ogg,,
carwre,XC212257.ogg,3093.2914402173915,16391.41342621076,2.100820995187046,3.673748237221032,3025.4150390625,3090.889116324602,3088.611567413713,
carwre,XC213519.ogg,3009.26513671875,352.21757797094494,0.18086295426458343,0.18426534209261325,3003.8818359375,3009.2108314288716,3009.1565622099274,
carwre,XC216250.ogg,,
carwre,XC216274.ogg,,
carwre,XC217121.ogg,619.07958984375,193.1995153427124,0.0,-1.3599999999999999,602.9296875,618.962536336067,618.8454766329014,
carwre,XC217988.ogg,,
carwre,XC233528.ogg,,
carwre,XC234160.ogg,,
carwre,XC234309.ogg,,
carwre,XC234312.ogg,,
carwre,XC234320.ogg,,
carwre,XC234665.ogg,,
carwre,XC234668.ogg,21.533203125,182.15954303741455,2.251971337758465,5.1198347107438025,21.533203125,18.893516890256294,16.999897203947373,
carwre,XC236014.ogg,2682.5401893028848,71878.30064875576,1.3031596149231464,3.682043296059195,2810.0830078125,2670.1591045252067,2658.4250892190826,
carwre,XC236015.ogg,53.8330078125,374.5098297412579,-0.08247860988423225,-1.0476190476190477,32.2998046875,50.1863995958544,46.2268106516977,
carwre,XC236569.ogg,3256.1279296875,300606.0595628692,-1.2703046987355544,-0.15980849900797844,3563.7451171875,3202.780546145011,3140.831273434097,
carwre,XC236767.ogg,4119.367009943182,2067811.5586293016,-0.2994977083503281,-1.9002900790256259,2476.318359375,3848.2845094477734,3576.181300449649,
carwre,XC244070.ogg,,
carwre,XC244134.ogg,,
carwre,XC247310.ogg,2668.6974158653848,147733.76724353206,1.8133773533219801,3.621501490482192,2605.517578125,2644.7759784244136,2623.6907898215213,
carwre,XC248139.ogg,2617.7284798971036,7518.358266935114,-3.07568293291323,10.265294653339264,2648.583984375,2616.2032258661393,2614.560976100368,
carwre,XC253665.ogg,5372.5341796875,115.91970920562744,0.0,-1.5,5361.767578125,5372.526987559249,5372.51979543102,
carwre,XC253968.ogg,3392.9645406788795,166624.01787165934,-1.7076144648144687,0.9642774580007916,3574.51171875,3365.351795113363,3333.5091081976716,
carwre,XC254663.ogg,,
carwre,XC254934.ogg,223.9453125,23.18394184112549,-1.5,0.25,226.0986328125,223.90308446774003,223.86003248762376,
carwre,XC254935.ogg,5024.6533203125,194238.3432821794,0.9786500445819829,-0.8319315088060235,4661.9384765625,5006.715913786876,4989.760390613468,
carwre,XC254936.ogg,4682.1258544921875,36752.34380364418,-0.7130568734670113,-0.8498887579899272,4328.173828125,4678.372086280961,4674.54502143999,
carwre,XC255711.ogg,26.91650390625,38.63990306854248,0.0,-2.0,21.533203125,26.37268009197709,25.83984375,
carwre,XC267593.ogg,,
carwre,XC268213.ogg,2509.9639892578125,2664.083316922188,-1.055341315193098,-0.7192056842406487,2540.91796875,2509.4931842559945,2509.0159578917032,
carwre,XC268634.ogg,4672.021484375,65707.30355478103,0.858336345649587,1.636912185777164,4801.904296875,4665.277534304116,4658.692596352985,
carwre,XC277224.ogg,,
carwre,XC277282.ogg,16.639293323863637,101.16629167036578,0.24877630200141634,-0.8007812499999996,10.7666015625,0.0,0.0,
carwre,XC278595.ogg,,
carwre,XC278596.ogg,,
carwre,XC284233.ogg,4201.666259765625,360.9318218447945,-0.2916376169126,-0.7598699984016197,4209.7412109375,4201.6268542022135,4201.5874149516985,
carwre,XC284234.ogg,,
carwre,XC285279.ogg,2688.8417119565215,497.58420631348383,-0.7404461759920342,0.8827645676261104,2691.650390625,2688.7528428274586,2688.663605039163,
carwre,XC285280.ogg,,
carwre,XC286401.ogg,,
carwre,XC286403.ogg,,
carwre,XC286404.ogg,2800.583065257353,17690.540915902922,-0.30863441574816225,-1.514473975992176,2680.8837890625,2797.5790736577537,2794.546859955203,
carwre,XC287906.ogg,2793.93310546875,241121.27512693405,-0.5989417758327046,-1.4331299204476415,3229.98046875,2749.1568358474096,2701.515954160014,
carwre,XC288991.ogg,4179.23583984375,914533.0898165703,-0.7070664490483647,-1.499885927462765,4791.1376953125,4076.578406538958,3965.276414220721,
carwre,XC289890.ogg,37.68310546875,444.3588852882385,0.5617898108433032,-0.9111531190926274,21.533203125,32.377239643381074,27.42251459217708,
carwre,XC290036.ogg,3158.203125,694001.3861593775,0.702588341505734,-1.1074708513409157,2756.25,3058.11204459407,2969.2886929427873,
carwre,XC291923.ogg,3278.7468405330883,15129.226752940347,-0.16505687736774885,-1.1635198159095417,3316.11328125,3276.5647816412466,3274.3731354224083,
carwre,XC295852.ogg,3469.379021139706,1801.8014094408823,1.0826963826728455,0.7153941466802971,3445.3125,3469.1266078645535,3468.8763401691604,
carwre,XC295853.ogg,3467.551709784836,1216.6501938319598,0.9015171831576738,1.5283283771271137,3466.845703125,3467.380152776561,3467.2095798104683,
carwre,XC295854.ogg,3457.4249267578125,1202.6669830083847,0.1481442636877721,-0.5398546379930638,3477.6123046875,3457.258394380302,3457.0920084498316,
carwre,XC296923.ogg,,
carwre,XC297111.ogg,2855.4160670230262,59306.82806592238,-0.5399282354462088,-1.6951187403963213,3025.4150390625,2845.2544412905804,2834.8140359927415,
carwre,XC297112.ogg,3344.756504274764,33888.4287761154,-0.0687068608074207,-1.6910111860897277,3509.912109375,3339.7677592996397,3334.7694914883,
carwre,XC297113.ogg,3155.2475873161766,3136.6509549758016,0.366432578960894,-1.3830935432419689,3111.5478515625,3154.7816639660346,3154.3176928487346,
carwre,XC301187.ogg,3657.4778837316176,450112.8214422395,0.11406641007021612,-0.09784415831393733,3628.3447265625,3598.054469398652,3536.683436268762,
carwre,XC301326.ogg,3262.2802734375,474.7188091278076,-0.10586104301697345,-1.352082206598161,3283.8134765625,3262.210788229944,3262.1412706012075,
carwre,XC301432.ogg,,
carwre,XC301664.ogg,3024.148380055147,3841.2609521080467,0.4747145931073476,-1.3759076773766163,2971.58203125,3023.5357613627675,3022.9270518436274,
carwre,XC305009.ogg,2315.8447265625,370663.7581586838,1.2897307764944042,-0.20812050963923534,1905.6884765625,2252.203514793013,2200.6851527367044,
carwre,XC305161.ogg,,
carwre,XC307754.ogg,3681.241508152174,851998.4081446417,-2.3745809693622233,5.7823374652140895,4069.775390625,3393.681858645099,2498.3939645530586,
carwre,XC308283.ogg,,
carwre,XC309314.ogg,3659.1667624080883,2012890.199812721,-2.1052131939469922,2.43780775850981,4242.041015625,2639.4314034105187,835.5607701672204,
carwre,XC309890.ogg,4373.076398982558,82219.90089560319,-5.148535718776231,26.061255181786347,4435.83984375,4360.847063429598,4344.6575895087635,
carwre,XC309920.ogg,3167.930843955592,980357.6322406488,0.8434004183230098,-0.9996803273435297,2734.716796875,3035.062960536279,2922.7112235603727,
carwre,XC309921.ogg,3782.1533203125,10344.454050064087,-0.9342968685972097,-1.0964923021200064,3832.91015625,3780.962445821018,3779.7530981402915,
carwre,XC31121.ogg,,
carwre,XC314878.ogg,2955.6661854619565,493.9187609631081,0.6024632989058495,-0.5624369666908731,2939.2822265625,2955.5864956188725,2955.5070378422292,
carwre,XC316023.ogg,2663.836669921875,10583.133451316668,-1.351460591614874,-0.025243046734282792,2723.9501953125,2661.864592136013,2659.8234328922194,
carwre,XC316027.ogg,52.3974609375,261.68541250557735,0.35423337107835934,-0.44315396070200475,43.06640625,49.924906339400046,47.367032013791906,
carwre,XC316295.ogg,48.44970703125,34.77591276168823,0.0,-2.0,43.06640625,48.1497059608109,47.8515625,
carwre,XC316922.ogg,2980.733642578125,5264.240948053507,-0.09476937068096371,1.4771141977100886,2982.3486328125,2979.870375643807,2979.004317609165,
carwre,XC316923.ogg,3043.658447265625,31191.14175438881,-0.10721477313637333,-1.9650681825847212,3219.2138671875,3038.652034130838,3033.6329368290544,
carwre,XC317252.ogg,2916.7702414772725,103.27392274683173,-0.5689838822375075,-0.38088296543111877,2917.7490234375,2916.7541269424537,2916.7379919274326,
carwre,XC320419.ogg,2863.916015625,2764.6850645542145,-1.612836399541303,1.19525203380668,2896.2158203125,2863.43563503965,2862.945637514336,
carwre,XC321338.ogg,144.1674209222561,141985.74595192057,5.271186121906718,25.786891901864166,75.3662109375,84.08065130252207,77.78235672267452,
carwre,XC321866.ogg,3719.091796875,212455.49997862647,-1.7514713976110001,1.721154057359179,3865.2099609375,3686.270186505952,3647.6908775556294,
carwre,XC322019.ogg,2768.81103515625,115069.6313381195,4.578615925337252,18.99277966117352,2702.4169921875,2754.0595095315407,2743.0943572801625,
carwre,XC322022.ogg,3957.802734375,75178.89940738678,-2.139808128198242,2.6121917704480726,4080.5419921875,3947.975190971733,3937.107007920773,
carwre,XC322024.ogg,3493.76220703125,115909.17105024512,-0.7160443678947958,-1.4182414701991979,3714.4775390625,3477.8001935686834,3461.1510888152693,
carwre,XC322025.ogg,,
carwre,XC322614.ogg,2941.5488795230262,17459.81304269088,1.0788508907121932,0.6623923007754762,2831.6162109375,2938.8177762301975,2936.164628940864,
carwre,XC322615.ogg,6450.067303631757,5654237.412625067,-0.22805542368409942,-1.1506018739262882,4382.0068359375,5873.069058715647,4832.646170235295,
carwre,XC322617.ogg,2857.635498046875,684.5982826274375,-1.6881574616882955,3.986399187022471,2853.1494140625,2857.519516367171,2857.4023242239164,
carwre,XC323733.ogg,3874.89990234375,2639.1053795814514,2.316425715916455,4.093199768197463,3865.2099609375,3874.599215033048,3874.3042191603663,
carwre,XC323734.ogg,2540.2846392463234,134246.20610265172,6.911085411922647,45.85209519518332,2487.0849609375,2524.2668189257583,2514.185438270217,
carwre,XC323735.ogg,71.0595703125,34.77591276168823,-0.40824829046386296,-1.8333333333333333,75.3662109375,70.85948076835606,70.65582275390625,
carwre,XC323737.ogg,75.3662109375,77.27980613708496,0.0,-1.0000000000000002,75.3662109375,74.9787111545482,74.58923969072164,
carwre,XC325250.ogg,8113.4033203125,9446.819378779484,-0.8807244048230382,-0.480180611849478,7934.9853515625,8112.8589926584145,8112.310926197255,
carwre,XC325657.ogg,3081.4013671875,3861.7823123931885,-2.0605745535104285,4.879103177802163,3090.0146484375,3080.800000921355,3080.181461633073,
carwre,XC326372.ogg,3818.7939453125,84683.67992747914,-3.9663173160472027,15.245653400301965,3865.2099609375,3805.0435977914867,3787.496669082481,
carwre,XC326953.ogg,,
carwre,XC327791.ogg,3014.6484375,87569.06032562256,2.2648386059154997,3.13546270378398,2906.982421875,3003.4470346506578,2993.6063775689263,
carwre,XC327792.ogg,7592.24853515625,2715.3313701803036,0.1701127816705729,-1.269980201797737,7536.62109375,7592.084732254068,7591.921049913015,
carwre,XC327802.ogg,3951.3427734375,231.83941841125488,0.0,-1.1300000000000003,3951.3427734375,3951.3161033827,3951.289433194696,
carwre,XC328707.ogg,2345.5810546875,29806.269228458405,2.3017219941388314,4.069630876981297,2260.986328125,2340.1093401884664,2335.1642521439917,
carwre,XC331001.ogg,3856.627887228261,474212.4598097923,2.0427575056408145,3.028955649629058,3757.5439453125,3806.813566286077,3765.917170085559,
carwre,XC332580.ogg,55.1788330078125,47.609880566596985,-0.05439506453662819,-0.3137996219281658,53.8330078125,54.79364677300902,54.39967105263158,
carwre,XC332606.ogg,2167.67578125,18995.376348495483,0.004850856884682346,-1.9869217003510895,2045.654296875,2164.0220524550714,2160.3750106473035,
carwre,XC332653.ogg,2618.975830078125,106.25973343849182,-0.49338220021815865,-1.371900826446281,2627.05078125,2618.9605980406027,2618.9453489216025,
carwre,XC332659.ogg,,
carwre,XC332763.ogg,7873.846435546875,335918.6039865017,2.4806050604831817,5.4958510496286355,7504.3212890625,7855.372851432841,7838.762497643508,
carwre,XC332764.ogg,3111.0929247359154,73077.23076410696,0.0017550261780056673,-1.2704428054523917,2756.25,3099.4622314555722,3087.8150627536397,
carwre,XC332765.ogg,,
carwre,XC332786.ogg,4766.37451171875,3607.6789498329163,-0.2729600875378511,-0.2723444641143491,4769.6044921875,4766.033110135768,4765.690906911939,
carwre,XC333282.ogg,3523.1011962890625,2570.965396670195,-0.33694925999206154,0.17184660831755894,3542.2119140625,3522.7442132292513,3522.3859729839673,
carwre,XC333688.ogg,3465.8669211647725,144516.0476511175,-0.5498818125091257,-1.6735975082100578,2982.3486328125,3446.093480782605,3425.6372827339824,
carwre,XC336484.ogg,3161.7919921875,13495.864326303656,0.19766355879014347,-0.23562282246606703,3111.5478515625,3159.8419317795883,3157.897764522106,
carwre,XC340492.ogg,,
carwre,XC340726.ogg,,
carwre,XC341853.ogg,,
carwre,XC341854.ogg,,
carwre,XC341855.ogg,,
carwre,XC341856.ogg,,
carwre,XC341857.ogg,,
carwre,XC342512.ogg,3561.95068359375,1703.6684534766457,-0.36251229500414994,-1.3344244871931128,3509.912109375,3561.730860784583,3561.510445744242,
carwre,XC343414.ogg,2672.601787860577,640.5307008669929,-0.7283021013367106,-1.0412923057046182,2680.8837890625,2672.490677589545,2672.379074434285,
carwre,XC343415.ogg,3533.6258900316457,48298.03525705069,0.7481006852965992,1.8835709322080474,3445.3125,3527.0322332030596,3520.5637951036338,
carwre,XC343416.ogg,3236.5750122070312,104951.33863210301,-0.5274651830972481,-0.5725249914078332,3305.3466796875,3219.8368868004486,3202.372244339996,
carwre,XC346362.ogg,,
carwre,XC348109.ogg,2441.677989130435,13316.684241032663,1.4626166480194314,0.18852606357605417,2379.4189453125,2439.106066050054,2436.647769470809,
carwre,XC349455.ogg,72.2699333639706,846.0204783054328,0.6945521837451343,-1.3896131714997748,53.8330078125,67.14308541431855,62.99753307342971,
carwre,XC353910.ogg,2995.806884765625,720.3581929206848,-0.06654491595544934,-1.7384066587395957,2971.58203125,2995.701643562202,2995.5963650047834,
carwre,XC353911.ogg,2632.972412109375,5716.366923169086,-0.5589128838701308,-0.7344833749893538,2713.18359375,2631.9296647568317,2630.8755112669232,
carwre,XC353922.ogg,3313.8635436100744,4607.061332892854,0.744969925448281,0.5743959359540893,3337.646484375,3313.185290617576,3312.5133934463156,
carwre,XC356084.ogg,,
carwre,XC358111.ogg,,
carwre,XC358181.ogg,,
carwre,XC358182.ogg,,
carwre,XC358183.ogg,,
carwre,XC358184.ogg,21.533203125,92.73576736450195,0.0,-1.5,10.7666015625,19.564213414037443,17.61807528409091,
carwre,XC358185.ogg,,
carwre,XC358186.ogg,,
carwre,XC358187.ogg,26.91650390625,38.63990306854248,0.0,-2.0,21.533203125,26.37268009197709,25.83984375,
carwre,XC358188.ogg,,
carwre,XC358189.ogg,,
carwre,XC358190.ogg,,
carwre,XC360936.ogg,3614.5559210526317,446.1020388101277,0.16881689234591105,0.9533155194638612,3617.578125,3614.4953305826252,3614.4347746797857,
carwre,XC362046.ogg,2655.567725929054,19025.104706351824,1.0454982036730909,-0.5511120518740462,2540.91796875,2652.1985102742865,2648.9456429962374,
carwre,XC363525.ogg,2915.7416909427966,52341.64431316682,2.288235558384568,5.145892098721124,2863.916015625,2907.792288064801,2900.6073945410003,
carwre,XC364592.ogg,467.0013427734375,527.8486758470535,0.7028446749355676,-0.9301960784313725,452.197265625,466.51671644012134,466.0421916619146,
carwre,XC364669.ogg,2441.185238486842,99753.3160761783,2.369930351899365,3.933641960627498,2293.2861328125,2424.9049455091813,2411.259167207203,
carwre,XC365748.ogg,2956.900301846591,4874.950679865749,-0.5494348640364997,-1.6549326734416556,3003.8818359375,2956.1445632613763,2955.382705918565,
carwre,XC365750.ogg,2898.402786254883,38114.32563699782,0.19267672407783568,-1.5781731570735187,2745.4833984375,2891.9730572608264,2885.6015101534126,
carwre,XC366386.ogg,,
carwre,XC366387.ogg,1624.9286358173076,294812.05736215296,1.9150391670936637,1.6745664528651227,1378.125,1563.9508482631136,1521.1618788559715,
carwre,XC366390.ogg,3520.6787109375,927.3576736450195,-1.4082017705437315,0.14453124999999867,3531.4453125,3520.572576027546,3520.4656653871234,
carwre,XC366478.ogg,3853.7092729048295,2883588.480904982,1.190279924675443,-0.15037246610616473,7149.0234375,3562.7171473361072,3344.933924708776,
carwre,XC366604.ogg,3320.1123046875,662.0086922365076,0.6534324420334812,-0.19126725515580434,3305.3466796875,3320.0157722060953,3319.9195546601195,
carwre,XC370505.ogg,10.7666015625,122.73851562948788,1.6666666666666667,2.666666666666667,10.7666015625,0.0,0.0,
carwre,XC370940.ogg,6.799958881578948,27.70200732083273,-0.5455447255899811,-1.702380952380953,10.7666015625,0.0,0.0,
carwre,XC371070.ogg,807.0810171274038,1805393.6510792144,1.0405285522638439,-0.917146184274038,10.7666015625,0.0,0.0,
carwre,XC371639.ogg,2400.2792358398438,309265.8380515152,-1.597342289608726,0.5586303853928589,2670.1171875,2314.881077061631,2203.8358943592275,
carwre,XC372261.ogg,22.7294921875,70.83982229232788,-0.17816579452322398,-1.146694214876033,21.533203125,21.13051923159863,19.3798828125,
carwre,XC372312.ogg,27.9931640625,56.671857833862305,0.6578429336242115,-0.6280991735537191,21.533203125,27.14239336956629,26.3671875,
carwre,XC375067.ogg,157.1923828125,1456.9277135949385,-0.2862001481861613,-1.0154878243815395,118.4326171875,152.36095810871225,147.14527678893558,
carwre,XC376987.ogg,3627.26806640625,1259.0663799872766,-0.010794412237820433,-0.9623756443488563,3639.111328125,3627.0988256562773,3626.9295646516357,
carwre,XC379720.ogg,4354.3212890625,1733.2756519317627,1.8528832445124093,1.7622925879346028,4328.173828125,4354.152529799302,4353.985593150001,
carwre,XC380936.ogg,57.588799055232556,137.35779496126398,0.8422100040305974,2.0539461961743397,53.8330078125,56.469840556137015,55.36321099570541,
carwre,XC381594.ogg,3226.5966796875,213283.88754760518,1.4184604793070337,0.19799472453006617,3003.8818359375,3198.0649946509666,3172.949210259938,
carwre,XC382238.ogg,3735.1825420673076,61697.522149636185,-0.2656322285130484,-1.7762231696928543,3951.3427734375,3727.4608882272682,3719.6615412698243,
carwre,XC382875.ogg,,
carwre,XC382885.ogg,,
carwre,XC383048.ogg,,
carwre,XC383962.ogg,3938.8761821546054,106.42920669756437,0.31811107864010535,-0.10513611099843789,3940.576171875,3938.863389934554,3938.850604518422,
carwre,XC384029.ogg,2591.162109375,107113.67529630661,0.338691300376581,-0.8692277438951601,2702.4169921875,2571.802673072108,2552.8470683808678,
carwre,XC384159.ogg,,
carwre,XC384609.ogg,5.38330078125,57.95985460281372,0.0,-2.0,0.0,0.0,0.0,
carwre,XC396372.ogg,3411.156384698276,107399.15475438598,-1.862100318642025,1.5523369860813512,3520.6787109375,3393.5140356652155,3373.510540138363,
carwre,XC396437.ogg,3026.5483655427633,18442.757945311696,3.9573981676314745,13.807705987359828,3003.8818359375,3023.955251031727,3021.6249730191616,
carwre,XC398817.ogg,3631.657527043269,640154.7048871332,-0.40533428797721777,-1.0229823237734883,4005.17578125,3542.710918842573,3447.847718138392,
carwre,XC404487.ogg,3398.05908203125,929.2517865405363,-3.080080755155607,9.369515667479725,3391.4794921875,3397.927573973219,3397.7936433401605,
carwre,XC404722.ogg,3285.0557767427886,1069.4930709325351,-0.31278431494918696,-0.1792850735856475,3273.046875,3284.8989199076173,3284.7417243323425,
carwre,XC406663.ogg,2885.9744188262193,2026.169009324981,4.865008253046281,34.984905208851295,2885.44921875,2885.643664540861,2885.327669514751,
carwre,XC408112.ogg,2588.291015625,34.77591276168823,0.40824829046386296,-1.8333333333333333,2583.984375,2588.2856442548064,2588.280275872818,
carwre,XC408640.ogg,3121.4862530048076,45893.80179460231,-0.9363347309449452,-0.630679728911832,3219.2138671875,3114.3909187689173,3106.987379415315,
carwre,XC408641.ogg,2788.2806396484375,54360.32470946129,-0.19669983772235658,-1.4721291874185205,2508.6181640625,2778.6397982838716,2768.8963953246425,
carwre,XC408642.ogg,3389.68505859375,9282.237404379352,-0.6614504562028659,-0.4639537579669728,3380.712890625,3388.3441158923856,3386.9857452852375,
carwre,XC408643.ogg,2350.7080078125,494.59075927734375,0.8562621178430848,-0.181640625,2347.119140625,2350.6207655242943,2350.533946932351,
carwre,XC410119.ogg,2512.20703125,493686.9784937067,-2.7497217006617034,7.682337295428349,2627.05078125,2049.5359600636007,573.8711407773324,
carwre,XC412667.ogg,2.1533203125,23.18394184112549,1.5,0.25,0.0,0.0,0.0,
carwre,XC412907.ogg,48.80859375,149.7629346518681,0.5613089550544081,-0.4035663175491697,43.06640625,47.38154495809797,46.017360816655376,
carwre,XC413197.ogg,7343.206787109375,20182.756036520004,0.4070364889529282,-0.7003614018238595,7299.755859375,7341.8880268224375,7340.575722502923,
carwre,XC416559.ogg,33.49609375,121.22322531307445,0.4555988504155822,-0.8868749999999999,21.533203125,31.835878210928595,30.28106689453125,
carwre,XC418674.ogg,64.599609375,15.455961227416992,0.0,4.999999999999999,64.599609375,64.4859702174544,64.3697175266904,
carwre,XC423188.ogg,3938.78173828125,1103.9020583547394,-0.11311241165845497,-1.5085111024752251,3897.509765625,3938.646187596659,3938.5105522794906,
carwre,XC425809.ogg,2567.3450816761365,86793.2513627139,0.48260988235797275,-1.6063368336158226,2379.4189453125,2551.7069974809287,2536.667162546997,
carwre,XC425813.ogg,2409.5654296875,664.6063327789307,0.8108338579184814,0.27366143861546854,2422.4853515625,2409.441974204725,2409.319177561086,
carwre,XC425814.ogg,2844.10546875,972.5663602352142,0.31015851114264015,-0.5153942464187504,2831.6162109375,2843.941674541008,2843.77822644414,
carwre,XC425985.ogg,3140.8109224759614,41004.758998449994,0.3337912191725026,-0.3356328088948004,3014.6484375,3134.514241072469,3128.2809631852833,
carwre,XC429067.ogg,3101.5237742456898,173.30853075816714,-0.25192205001753704,-0.8768364142662812,3111.5478515625,3101.4967791355007,3101.4697648364236,
carwre,XC430853.ogg,2532.3046875,34972.9762673378,0.3745823393598232,-1.7562501586139485,2357.8857421875,2526.862864696659,2521.5180019287354,
carwre,XC432885.ogg,3628.3447265625,615.2661488606379,-0.6346414634493398,0.24102079395085063,3639.111328125,3628.2628439041755,3628.180723019055,
carwre,XC437942.ogg,3397.0968495244565,483.38060558077837,-0.4085747305613877,-0.4237618202645952,3391.4794921875,3397.0286765258934,3396.9603832334637,
carwre,XC444832.ogg,3605.1551231971152,393148.0294634939,0.9332200977326638,-0.8653875682785275,3154.6142578125,3556.645164927629,3513.0192809555247,
carwre,XC451901.ogg,3540.596923828125,72666.71013047821,-2.5352284400269536,7.179421475595891,3423.779296875,3529.2917040091843,3516.0920166768656,
carwre,XC452778.ogg,3778.2796223958335,480.85212707519526,-0.5660808011184243,-0.8359794823994524,3789.84375,3778.2182120939538,3778.156668756639,
carwre,XC452779.ogg,3091.80908203125,188246.27949246045,0.30934109089828954,-1.8050836099672107,3531.4453125,3063.037558672131,3035.269970633843,
carwre,XC453225.ogg,5593.24951171875,257185.9068274498,0.23047345661964372,-0.8060718574511614,5038.76953125,5570.914538018536,5548.756006146059,
carwre,XC453227.ogg,2719.1650390625,2921.479730045094,-0.49331093762643036,-0.4173126754015941,2745.4833984375,2718.6542602243385,2718.1400535995745,
carwre,XC454065.ogg,,
carwre,XC454610.ogg,122.3477450284091,107.3574579574845,0.07415403165945557,-0.9380292822462262,118.4326171875,121.92177236356781,121.4959772988821,
carwre,XC455578.ogg,,
carwre,XC457190.ogg,819.158935546875,1314286.2466384063,0.7069221975187724,-1.4998034023781313,32.2998046875,159.80950606155855,59.58929831743278,
carwre,XC463213.ogg,147.74169921875,223854.94244098663,5.74241642404441,30.994021883702068,64.599609375,75.63220338999363,69.32029715999147,
carwre,XC464175.ogg,3077.0313936121324,30545.05000618052,3.5974602872849695,11.368927729518656,3057.71484375,3072.771249314372,3069.002016981132,
carwre,XC464178.ogg,3202.705078125,639407.8943697182,3.016401799838793,9.114427041451753,3499.1455078125,3133.0991424396143,3082.5489991354652,
carwre,XC466690.ogg,2935.9408674568967,61666.05946156594,-0.53234987132641,-0.7624714176932663,2519.384765625,2925.245787026227,2914.1869026589575,
carwre,XC468209.ogg,50.244140625,270.47932147979736,-0.38180177416060623,-1.5000000000000002,32.2998046875,48.24949934647729,46.142578125,
carwre,XC468714.ogg,96.8994140625,811.4379644393921,-0.5951700641394974,-1.5,64.599609375,93.74036063983304,90.32996226165255,
carwre,XC469529.ogg,2763.3155822753906,176.56721835655551,-1.3076708762038038,1.4483866601901516,2767.0166015625,2763.284503144925,2763.253294240016,
carwre,XC469757.ogg,5267.021484375,81.14379644393921,-0.3436215967445456,-1.153061224489796,5264.8681640625,5267.01531980099,5267.0091530624895,
carwre,XC470288.ogg,2348.4649658203125,138621.34225666523,0.8260899330218088,-0.8479323215253922,1981.0546875,2324.3375855867553,2301.991206216059,
carwre,XC472499.ogg,4084.975298713235,474040.0131835657,0.5128804952177949,-0.806025828366987,3391.4794921875,4032.3656008646844,3982.135507046284,
carwre,XC475560.ogg,3027.899639423077,1297.4090530322148,0.4305281741539175,-1.1547119975752242,2993.115234375,3027.7025087052143,3027.506017960407,
carwre,XC475996.ogg,2640.301983173077,73078.63809145414,0.8668465342614461,-0.8800168528006971,2444.0185546875,2627.6712223310506,2615.743357663583,
carwre,XC477366.ogg,3632.958984375,110.39972305297852,0.2134537420613656,-0.7324999999999999,3628.3447265625,3632.9459656653225,3632.9329518464733,
carwre,XC477368.ogg,3164.35546875,62004.34845685959,-1.986148122385773,2.0432330118768585,3283.8134765625,3153.9299447133567,3142.320388471183,
carwre,XC477391.ogg,46.37920673076923,72.04855772165152,-0.0916222363262673,-0.5991569453975103,43.06640625,45.599818220587,44.7890625,
carwre,XC477595.ogg,2878.8236177884614,1707.051471563486,0.07198780739154641,-1.1470759627825196,2853.1494140625,2878.5386912270665,2878.253937342328,
carwre,XC477862.ogg,2855.4160670230262,484.01562791121626,-1.9376778305426445,3.2155568109596544,2863.916015625,2855.3349828346168,2855.253099000981,
carwre,XC484357.ogg,4470.29296875,81.14379644393921,-0.3436215967445456,-1.153061224489796,4468.1396484375,4470.285705022321,4470.278438288595,
carwre,XC486222.ogg,3009.26513671875,82206.39377832413,-0.8595615791242955,-1.238976656112506,2583.984375,2996.265298405486,2982.6030125333396,
carwre,XC487506.ogg,,
carwre,XC488141.ogg,2848.293887867647,191978.4034883275,1.6125367012132619,3.7510745373343806,2777.783203125,2818.634830852365,2791.0786851200537,
carwre,XC489130.ogg,2748.796198918269,214913.00081106334,0.877912189836836,-1.137946339034218,2433.251953125,2714.253989186491,2683.021288623975,
carwre,XC492589.ogg,2924.208984375,129.16767597198486,0.48274740957091455,0.13905325443786953,2928.515625,2924.188395379794,2924.16783082116,
carwre,XC493029.ogg,3041.56494140625,34.77591276168823,0.0,-2.0,3036.181640625,3041.560177419531,3041.5554134402655,
carwre,XC494030.ogg,2922.36328125,22215.821192814754,-0.17819138312827235,-0.988534898156721,2896.2158203125,2918.806514093004,2915.224355650484,
carwre,XC494690.ogg,116.16596422697368,237849.77213760314,11.384967110525483,127.74891629605406,64.599609375,74.88832378184033,71.75056437237089,
carwre,XC494938.ogg,7292.110011888587,131773.7800225882,-1.0695557875158914,5.2295454694003904,7299.755859375,7282.797510259597,7272.995905741317,
carwre,XC497558.ogg,,
carwre,XC497559.ogg,,
carwre,XC498646.ogg,3845.9634696487833,2775191.2224464184,0.8416888667537114,-0.6655033096373759,2497.8515625,3536.196491620506,3289.4179339049374,
carwre,XC498647.ogg,5608.941260804521,758165.083610824,-2.6136991136722774,7.0044641657561755,5587.8662109375,5511.985054767726,5367.039449266571,
carwre,XC498648.ogg,6171.954345703125,129093.1561589241,-1.11393149376315,-0.6947244755097,5587.8662109375,6162.407235349031,6152.467093731665,
carwre,XC498768.ogg,2597.9176240808824,503.7393245626899,0.7056056766783376,0.08769872967609516,2594.7509765625,2597.826728001069,2597.736181649876,
carwre,XC498947.ogg,2894.343367866848,2799.483886349343,0.11643344210034491,-1.6824663761213554,2842.3828125,2893.881363392106,2893.4200281047306,
carwre,XC499745.ogg,3783.546303803066,296.19252257838474,0.01307745042378377,-0.6628179557378,3789.84375,3783.507900944676,3783.469498943007,
carwre,XC501898.ogg,51.6796875,81.14379644393921,0.3436215967445456,-1.153061224489796,43.06640625,51.06471234925177,50.46844482421875,
carwre,XC502630.ogg,3139.66064453125,358458.70077610016,0.33934552749163405,-1.8737998207017692,2648.583984375,3085.9600227823303,3035.281080877981,
carwre,XC503061.ogg,4767.70450367647,5254948.116930968,-1.5579757485869008,0.6551866801542321,5469.43359375,2486.2947055470117,264.1461696923219,
carwre,XC503074.ogg,4270.065846162684,249.62429038990584,-0.03274183110634641,-0.39354708069767863,4263.57421875,4270.037043731075,4270.008238560126,
carwre,XC505822.ogg,4075.7568359375,640.7783925533295,-1.267494314679987,-0.18185146839726274,4091.30859375,4075.686613167424,4075.6160414776655,
carwre,XC505921.ogg,5563.318359375,2695418.401515484,0.22905886910061715,-1.9283492560948339,3875.9765625,5335.825060220809,5126.1852672669065,
carwre,XC511443.ogg,3286.3974609375,1384.0813279151917,-0.48513439027287397,-1.1499716617706062,3294.580078125,3286.1945646250574,3285.9909343144964,
carwre,XC513350.ogg,2970.7538311298076,202.1164160508376,-0.30762790675562773,-1.0476859861591763,2971.58203125,2970.7224000851925,2970.690939130973,
carwre,XC513354.ogg,3064.60546875,1129665.3869390488,0.5822958701018239,-1.6575913284575883,2239.453125,2904.171985306035,2769.0771743607697,
carwre,XC513670.ogg,3199.3806537828946,3274.9012583180474,-0.5260521915140826,0.3520505184531242,3176.1474609375,3198.892614080098,3198.4013320813838,
carwre,XC513675.ogg,3866.3432874177633,22487.067799819146,1.942802933520675,5.908019182189429,3854.443359375,3863.7078859018043,3861.1816010713533,
carwre,XC516974.ogg,3138.181023848684,33917.70017774482,-3.7891935113010775,12.9725410584575,3165.380859375,3132.1632856202614,3125.0800807389173,
carwre,XC52356.ogg,2750.2489433913934,2498.1647495363577,-1.1041424529451038,-0.28091374824963244,2788.5498046875,2749.7961262426134,2749.337200143358,
carwre,XC52357.ogg,2949.3063038793102,340049.89592165785,0.07047746951860676,-1.9923183205004138,2400.9521484375,2893.623590990445,2839.477671551052,
carwre,XC52358.ogg,4175.13427734375,1519.057727777041,0.6136254450084718,-0.44492227364423886,4188.2080078125,4174.965961915467,4174.798253929465,
carwre,XC52359.ogg,3407.62939453125,377747.55638837814,-1.78717822906474,1.1969899171614387,3671.4111328125,3349.1478466082103,3276.7210100209904,
carwre,XC52360.ogg,3089.600548377404,33853.013538397274,0.489156133191922,-0.020454497053603582,2960.8154296875,3084.411421079355,3079.2969771047706,
carwre,XC52361.ogg,2985.2197265625,506344.75130870426,0.988018971467457,-0.7408632323745166,2444.0185546875,2912.7839266583533,2850.3767920129553,
carwre,XC52362.ogg,,
carwre,XC52363.ogg,2868.885216346154,744.0261950859656,0.21891557983076573,-0.9010221087669321,2853.1494140625,2868.7606930759266,2868.63633299656,
carwre,XC530427.ogg,2751.0403540826615,527.3090103579098,-0.2013129987727694,-0.8210131133700282,2756.25,2750.9459515263193,2750.8514397680283,
carwre,XC531473.ogg,3517.742365056818,2019.110571254383,0.9806907726471328,0.39315880771093026,3509.912109375,3517.4834879282316,3517.226616870506,
carwre,XC534174.ogg,3135.1124889445755,71950.72417897651,-1.754209503712891,1.1157134731509561,3240.7470703125,3122.5674305859843,3108.6544266822716,
carwre,XC534668.ogg,2605.15869140625,106398.44414137177,1.7887062970229126,1.27272356197388,2465.5517578125,2587.5692927672867,2572.267648299993,
carwre,XC53722.ogg,2409.234149639423,1604058.820607975,-1.3757983543209213,-0.04878994980333706,0.0,0.0,0.0,
carwre,XC537553.ogg,2874.6826171875,231.83941841125488,1.5275252316519465,1.083333333333334,2863.916015625,2874.6482245846482,2874.614002460147,
carwre,XC538843.ogg,3570.8106994628906,256299.29503546125,-1.4036399672388298,0.36407496064882006,3789.84375,3530.2257729363214,3483.297469085524,
carwre,XC538861.ogg,2871.990966796875,81300.89815509946,1.5359865097774401,2.557432187859943,2713.18359375,2859.61632547974,2848.194039671759,
carwre,XC539275.ogg,,
carwre,XC540855.ogg,,
carwre,XC540857.ogg,,
carwre,XC542146.ogg,,
carwre,XC542519.ogg,56.9091796875,1457.2763442993164,0.3278792213029195,-1.737388085399449,21.533203125,45.98306616771785,37.63084041262136,
carwre,XC54302.ogg,3733.9042331861415,4485895.010753818,-0.653310634554579,-0.4685220123001481,0.0,0.0,0.0,
carwre,XC543512.ogg,2821.431587837838,57848.35537863147,-1.3673395692540085,0.03181093935798929,2960.8154296875,2810.433271367523,2798.5274694188465,
carwre,XC544193.ogg,2616.2841796875,3883.3102583885193,-1.236844472327626,-0.03218979728224669,2637.8173828125,2615.6796939717465,2615.0643707020195,
carwre,XC545775.ogg,,
carwre,XC546760.ogg,2347.119140625,1812.56272576072,0.8200478790311915,0.17036235803136845,2314.8193359375,2346.768414401345,2346.4208780526164,
carwre,XC550935.ogg,6049.4842529296875,6798.690944910049,0.4917529528610507,-1.3214950286921296,5975.4638671875,6048.959675550405,6048.437361040139,
carwre,XC551472.ogg,,
carwre,XC551473.ogg,,
carwre,XC552564.ogg,2241.1095252403848,390646.4477227283,-3.1723199847694707,8.07142752079862,2400.9521484375,1960.860551150886,1164.631619936135,
carwre,XC556630.ogg,3305.3466796875,10973.732471466064,-0.6713894774918077,-1.2472062421477224,3154.6142578125,3303.831708877996,3302.296292370143,
carwre,XC556631.ogg,3388.0537553267045,986.8229790167376,-0.1602090544177593,-0.9484801004157566,3369.9462890625,3387.914598882517,3387.7753015587127,
carwre,XC556632.ogg,3839.3701171875,498.454749584198,-1.2864700617061375,-0.030557057869117443,3843.6767578125,3839.3179529022086,3839.2655548865064,
carwre,XC556688.ogg,2776.1268028846152,233613.88165217175,0.4743029124820849,-1.7745611866756306,2411.71875,2738.9884602890365,2704.1578944634066,
carwre,XC558225.ogg,2812.236328125,23.18394184112549,1.5,0.25,2810.0830078125,2812.233035583407,2812.2297480782086,
carwre,XC562219.ogg,7469.927978515625,44492.10038781166,0.6759953361731805,-1.0228030891641824,7288.9892578125,7467.067335310314,7464.241980654795,
carwre,XC562223.ogg,3610.9525240384614,31018.92526333149,1.2634717117993666,-0.37532076456896846,3520.6787109375,3607.1355897942162,3603.465873319587,
carwre,XC562224.ogg,3053.2506431021343,122044.709775506,1.5545571811923877,3.142954651023527,2637.8173828125,3035.2660113640104,3018.7736429765732,
carwre,XC563199.ogg,3201.8361944901317,335694.1810407137,-0.5217785607219227,-1.0531575473183936,2368.65234375,3145.6899556016806,3085.4146480260983,
carwre,XC563611.ogg,2872.4251039566534,98247.65377350437,-0.40085935353563107,0.18829367717653644,3003.8818359375,2854.702694770331,2836.186759749696,
carwre,XC563615.ogg,2343.7777815193967,13624.618580115253,-0.5765662684902956,-0.9303755493768473,2357.8857421875,2340.8304068197917,2337.8237697911522,
carwre,XC563616.ogg,2804.69970703125,33.119916915893555,0.0,-2.0,2799.31640625,2804.6945407109615,2804.689374400192,
carwre,XC563816.ogg,3529.4265747070312,198427.01122909784,1.2563008720121158,1.6532270965435503,3111.5478515625,3505.1169555434685,3482.626659716391,
carwre,XC564318.ogg,3291.888427734375,7112.284263497905,-0.19284973294423693,-0.48749411837587475,3294.580078125,3290.85822397659,3289.824071760463,
carwre,XC564322.ogg,2946.4599609375,166154.37644073763,0.45758750769660805,-0.8928328074259704,2422.4853515625,2919.3764824386512,2893.1812354253693,
carwre,XC564323.ogg,3232.7891474184785,196559.9650945588,1.3290090918726867,5.490354027728891,3208.447265625,3205.5084279921894,3179.093961812328,
carwre,XC564895.ogg,,
carwre,XC567330.ogg,3501.45263671875,773365.9830230933,2.9587878490945076,7.664824017183992,2939.2822265625,3429.2699198809337,3377.8776987713586,
carwre,XC568353.ogg,3578.69873046875,6380.735993385315,0.2253676170400938,-1.2232260757343807,3585.2783203125,3577.8346058122465,3576.973232748537,
carwre,XC569631.ogg,4345.598722759046,174664.62495483848,-3.467899466347398,12.87194144982454,4403.5400390625,4319.26867326555,4283.6987165680775,
carwre,XC569632.ogg,3457.9039492849574,2942.5720221671627,0.011296439308250361,-0.11794328893315553,3466.845703125,3457.4856047885673,3457.0671704916413,
carwre,XC569714.ogg,2885.44921875,20309.133052825928,1.7109608081639094,1.5936473775567652,2799.31640625,2882.267280838818,2879.2482553735076,
carwre,XC57030.ogg,7098.2666015625,47409.88722214332,-0.36174291216071963,-1.5368085732690921,7224.3896484375,7095.142163026839,7091.995709222612,
carwre,XC57031.ogg,3435.8917236328125,1978.825035950412,0.8499276887125409,0.34127251281461835,3402.24609375,3435.617678359761,3435.345535797819,
carwre,XC570326.ogg,1978.5213694852941,449095.11458347825,0.6152196926119828,-1.6187023391323943,1507.32421875,1882.0758437394718,1800.7655590001568,
carwre,XC570651.ogg,4252.8076171875,33323.052406311035,3.502978745909621,10.567356576633015,4177.44140625,4249.454320190718,4246.3924469420435,
carwre,XC570954.ogg,3370.6409085181454,28685.765458691505,-1.4050428584827137,1.014177250117557,3369.9462890625,3366.3128183833587,3361.765199665492,
carwre,XC571512.ogg,2811.005859375,186.64047297309426,-1.8272412477516866,5.54305464149825,2810.0830078125,2810.9734185284815,2810.9407841735106,
carwre,XC572160.ogg,4001.5869140625,95703.31192016602,-0.23376479377955278,-0.7481296196142062,3908.2763671875,3989.7597894908617,3977.7359803610216,
carwre,XC572226.ogg,2990.244140625,12146.177530288696,0.2440127984197517,-1.4396588698437305,2853.1494140625,2988.3582896238527,2986.48326896066,
carwre,XC572229.ogg,3407.2705078125,733421.7921495438,1.0629115341414526,-0.8571720838994104,2906.982421875,3320.324974518053,3247.513505991419,
carwre,XC573125.ogg,,
carwre,XC573676.ogg,3106.93359375,262166.2223339081,0.25087695827932444,-0.9099408055407374,2357.8857421875,3071.006134192317,3035.423734027944,
carwre,XC57385.ogg,3051.2548828125,25507.488012313843,-0.6970024968750154,-0.5744502955871194,3057.71484375,3047.396820275825,3043.442764425386,
carwre,XC573918.ogg,8747.265625,13247.046768665314,-1.7273119886741481,2.632304846630391,8753.2470703125,8746.582661583632,8745.889641432746,
carwre,XC574085.ogg,2834.9807739257812,657240.8581707389,1.8963677387934512,3.343939607201727,2142.5537109375,2745.716483920166,2674.5680784285205,
carwre,XC576277.ogg,3151.5380859375,5001.107454299927,-1.212697868681042,-0.2991994797279993,3197.6806640625,3150.788050476508,3150.024708398986,
carwre,XC577724.ogg,3292.9236778846152,1697.1834347798274,-0.4998757294502706,-1.2866073591971634,3316.11328125,3292.6848255852215,3292.445013026717,
carwre,XC578525.ogg,3253.6669921875,30336.1878991127,-0.4038651987108938,-1.8269768856492097,3057.71484375,3249.886466913997,3246.060787859611,
carwre,XC580290.ogg,4512.021706321023,1826275.1086487635,-0.7327105873867847,-1.4246617165235334,5415.6005859375,4269.94717786909,3999.192818376985,
carwre,XC581488.ogg,4027.4430708451705,15540.77704001935,-0.44555407971030275,-0.7994768880487233,3951.3427734375,4025.5388785730834,4023.6162452950775,
carwre,XC583926.ogg,3217.41943359375,158.42360258102417,-0.48756686638394087,-1.0101130279595483,3219.2138671875,3217.3988931921754,3217.3783288463947,
carwre,XC584315.ogg,,
carwre,XC584327.ogg,,
carwre,XC584334.ogg,,
carwre,XC58461.ogg,0.0,0.0,0.0,-3.0,0.0,0.0,0.0,
carwre,XC58477.ogg,3452.0416259765625,110307.26328492165,0.7920668159990623,-1.3471942891413173,3197.6806640625,3437.731287421384,3424.137018481023,
carwre,XC58478.ogg,21.869659423828125,916.0227827247112,0.9767619455502404,-0.5338326472380657,0.0,0.0,0.0,
carwre,XC585427.ogg,5764.976806640625,3702029.8312510313,-0.17979830294123306,-1.9410141996230745,3649.8779296875,5437.479672266783,5115.3876480796225,
carwre,XC585430.ogg,7153.80859375,1307.3167204856873,-0.8299609391269966,-0.6137918901210901,7170.556640625,7153.727158231208,7153.645506918972,
carwre,XC585721.ogg,3610.5241446659484,3148.676239210984,-0.22130761483847583,-0.9945069835097753,3639.111328125,3610.1021162840293,3609.679089361187,
carwre,XC587444.ogg,43.06640625,43.46989095211029,0.0,-0.16666666666666696,43.06640625,42.578699012721685,42.076373922413794,
carwre,XC588414.ogg,4240.123675620719,42092.837146292,-0.2532892019606422,-0.2560930358725053,4155.908203125,4235.175181834751,4230.1719552277955,
carwre,XC590918.ogg,600.7097696520618,900695.9911466567,1.6329957596849953,0.7009440955565762,139.9658203125,253.48915350395473,179.57221806935038,
carwre,XC590942.ogg,3869.665106411638,5377.989267480784,-0.7999138381221131,-0.700476514182991,3908.2763671875,3868.9873016993474,3868.302645553917,
carwre,XC590943.ogg,3594.5068359375,195511.7163716293,-0.8399970369341566,-1.0704893156834157,3919.04296875,3565.819648843742,3535.1144898525845,
carwre,XC593815.ogg,6282.31201171875,2346809.6328299977,-1.09544505949104,-0.3231187109562197,7278.22265625,6054.015183410845,5771.258090762967,
carwre,XC598822.ogg,3111.5478515625,0.0,0.0,-3.0,3111.5478515625,3111.5478515625014,3111.5478515625,
carwre,XC598951.ogg,3045.87158203125,10451.560815860485,-0.44876891349610776,-1.4029197042731454,3122.314453125,3044.1956907362005,3042.5032470403135,
carwre,XC600722.ogg,2798.54736328125,1192.9303407669067,-0.41408886146352303,-0.041338875635239525,2799.31640625,2798.3411163509427,2798.134137276781,
carwre,XC601159.ogg,3342.0113228462837,878.7967143832027,0.014309141120465338,0.3161128486877316,3337.646484375,3341.88339595856,3341.7554619787957,
carwre,XC601906.ogg,3857.9266716452207,26561.214010664484,-0.13246517180064055,-1.0495377153368857,3692.9443359375,3854.5689262887136,3851.196102819509,
carwre,XC607666.ogg,5447.900390625,965174.7740717495,-0.7281834402766176,0.025957373221770386,4425.0732421875,5352.791726200324,5244.375457021366,
carwre,XC608738.ogg,4709.09619140625,615348.6101746559,-1.4781535148019767,0.26417901733201354,5092.6025390625,4631.435611775018,4539.238542787501,
carwre,XC610663.ogg,4017.9793074324325,22667.698811840368,-0.33742607458446944,-0.7916665475593483,3822.1435546875,4015.208611027163,4012.4121720655653,
carwre,XC616850.ogg,3302.342046693314,1232.7541168345965,-0.4773283526312404,1.6328566651516612,3294.580078125,3302.159087152839,3301.9754535264533,
carwre,XC616857.ogg,2828.4495634191176,380387.11635505455,1.5273321265292483,0.5682370549848286,2476.318359375,2775.525411246629,2732.0274940417535,
carwre,XC616879.ogg,2801.239013671875,27082.73872733116,-1.3202708311520215,-0.0359675209959498,2853.1494140625,2796.3200412707524,2791.139480138711,
carwre,XC62771.ogg,62.4462890625,81.14379644393921,0.3436215967445456,-1.153061224489796,53.8330078125,61.93651304007604,61.43984587296195,
carwre,XC62772.ogg,2706.850298713235,149928.50624463137,2.5799350736795073,6.338791177412618,2519.384765625,2685.398080924232,2667.6481042363916,
carwre,XC62773.ogg,3920.11962890625,1109.1685859780562,0.3748082881495053,-1.0945259542455898,3886.7431640625,3919.9855028469087,3919.851651186474,
carwre,XC62788.ogg,2897.75390625,5310.226678848267,-0.25594470519467644,-1.8335037020068208,2810.0830078125,2896.965272148339,2896.1736619670646,
carwre,XC62789.ogg,3329.571533203125,4556298.690140247,0.5163917645013807,-1.7333105973852307,1787.255859375,2794.0284018624125,2415.301682719818,
carwre,XC8843.ogg,,
