#filename,mean,variance,skewness,kurtosis,mode,gmean,hmean
caskin,XC11762.ogg,2759.6145629882812,36985.39850932937,-1.0832974815242966,0.34010184663399423,2745.4833984375,2752.752715277758,2745.5036882546933,
caskin,XC124108.ogg,2891.9091796875,13323.038578033447,0.853380988312022,-1.1927252401383142,2810.0830078125,2889.8788203583763,2887.8922213482856,
caskin,XC124109.ogg,3504.52880859375,57.95985460281372,0.0,-2.0,3499.1455078125,3504.52467395169,3504.5205393145166,
caskin,XC124110.ogg,2987.73193359375,266.6153311729431,-0.5652900927505684,-0.7599243856332705,2982.3486328125,2987.6946809197384,2987.6573576471883,
caskin,XC124111.ogg,2942.595027043269,14538.828266583956,0.4038766904433523,-1.0050578961341343,2799.31640625,2940.242552294823,2937.914006545911,
caskin,XC124114.ogg,3597.2412109375,306149.2555281695,0.38008371959516124,-1.7076738585963855,3090.0146484375,3558.246491997548,3520.9492612094627,
caskin,XC124115.ogg,73.212890625,197.06350564956665,-0.3631734744194305,-1.3719723183391002,86.1328125,72.070659342234,70.87731436128527,
caskin,XC124116.ogg,2839.2161649816176,47581.63122569813,0.13363442855494537,-1.263158499600267,2530.1513671875,2831.355016838982,2823.535410745159,
caskin,XC124117.ogg,3359.7463507401317,22436.346874425286,-0.7450511559321846,0.4191057210740121,3359.1796875,3356.3840928793284,3352.936607112263,
caskin,XC124118.ogg,3317.5682274070946,93850.92889134948,-0.35134587347783786,-0.9870204788771892,3294.580078125,3303.421589892408,3288.920573666702,
caskin,XC124119.ogg,3640.3076171875,11430.971324443817,-0.05659109833776211,-1.8143326324142037,3531.4453125,3638.9101870294226,3637.511639141897,
caskin,XC124120.ogg,3201.9873046875,204281.4395427704,0.45869455143434806,-1.7253076254426702,2853.1494140625,3174.27228852908,3147.8401890386554,
caskin,XC124121.ogg,2451.5950520833335,7203.204494256241,-1.2035140017537502,1.730594253627765,2433.251953125,2450.138123025576,2448.6367969309003,
caskin,XC124122.ogg,3617.578125,46445.16348838806,1.1489402399529116,-0.6710972560984048,3499.1455078125,3612.94284483964,3608.487692145759,
caskin,XC124123.ogg,3098.47412109375,81644.20827952298,1.1534367661899592,0.716782495370933,2799.31640625,3086.2940784278885,3074.8320948190003,
caskin,XC124124.ogg,3440.826416015625,4878.287762403488,0.5024098195885798,-1.2137654953614176,3402.24609375,3440.1806811639244,3439.5391085174024,
caskin,XC124125.ogg,3480.3612242353724,14673.76233856508,-0.2604543252245444,-0.06154249431782777,3499.1455078125,3478.282642139513,3476.1881564018795,
caskin,XC124198.ogg,2953.4745649857955,6738.648550076919,3.7488577274492494,13.91674079421179,2950.048828125,2952.4534933127784,2951.4954200090297,
caskin,XC124201.ogg,2958.587856950431,23336.122149023515,1.3292563678747793,0.23887577838616636,2853.1494140625,2954.9387582358177,2951.445172788758,
caskin,XC124202.ogg,3113.34228515625,29482.246041297913,-0.4450868677274469,-1.2886811757495826,2863.916015625,3108.926406855598,3104.4398302224054,
caskin,XC124204.ogg,2828.62548828125,3758591.637138058,1.8895193853287526,2.159196164993614,1625.7568359375,2440.8186804892644,2220.286747114455,
caskin,XC124207.ogg,4291.733022836538,1150880.5959958297,-1.1694743039923245,0.4129024601725617,3509.912109375,4124.72609420808,3897.199770208579,
caskin,XC124209.ogg,2150.5116338315215,577092.7559504866,1.6221592826311646,2.4940286316658256,1356.591796875,2047.1301992322499,1962.1849198401455,
caskin,XC124211.ogg,3267.66357421875,56284.287897023285,-0.9021640161372649,-0.8234631776921777,2917.7490234375,3259.4040596645414,3250.7863757992545,
caskin,XC124215.ogg,2942.3189603365386,146186.64250924037,0.7531113303478512,-0.5648669483166606,2497.8515625,2919.3272265469823,2897.5704386726356,
caskin,XC124222.ogg,3082.6126098632812,19331.060506403446,-1.0869531181832763,0.030536009742827552,3100.78125,3079.572433029928,3076.4297246700057,
caskin,XC124224.ogg,3496.453857421875,8452.478796243668,-1.1231375627409361,-0.6908525714285716,3359.1796875,3495.5314216047145,3494.593140345276,
caskin,XC124227.ogg,2628.0295632102275,8264.021450823002,-0.8292792307270905,-1.0339974831928205,2487.0849609375,2626.5729713726773,2625.089577546059,
caskin,XC124229.ogg,,
caskin,XC124233.ogg,2681.5171185661766,11540.82987238379,0.07833430187176597,-0.8780213885658563,2659.3505859375,2679.4933880466,2677.471788091302,
caskin,XC124238.ogg,2627.912109375,121067.70349144936,1.886521978031726,2.2644076139329385,2476.318359375,2608.693400094782,2592.023716366012,
caskin,XC124307.ogg,3827.52685546875,193.1995153427124,0.0,-1.3599999999999999,3811.376953125,3827.50792673763,3827.4889979802942,
caskin,XC124308.ogg,1026.05712890625,2576278.1851887703,0.8727937428885205,-1.2380863817287937,21.533203125,117.10685039151927,37.87097331653127,
caskin,XC124309.ogg,1816.0565185546875,3588478.212307279,0.11364720299666631,-1.9650250994360863,32.2998046875,342.43214823158246,70.74481409807153,
caskin,XC124494.ogg,,
caskin,XC124495.ogg,,
caskin,XC124979.ogg,2740.638427734375,2482.8171400647416,0.22999944644794107,-0.24027065309723783,2702.4169921875,2740.209129534302,2739.7808302205276,
caskin,XC124982.ogg,2802.9052734375,9433.656334877014,-0.22849813112220166,-1.1614416295377685,2896.2158203125,2801.3254105166643,2799.7368911312383,
caskin,XC124983.ogg,2763.5111964026164,17568.57546262963,0.09181539344067449,-0.9515270645301026,2573.2177734375,2760.410093318515,2757.3142458341417,
caskin,XC132006.ogg,,
caskin,XC132050.ogg,370.909423828125,827940.9653560112,2.6639740566755483,5.102751594064284,64.599609375,105.27451504042179,77.2904171069743,
caskin,XC138139.ogg,2427.86865234375,16460.598707199097,0.2501834878738558,-1.771020489131975,2314.8193359375,2424.924333947887,2422.0064105863476,
caskin,XC147302.ogg,3695.09765625,794710.75040102,-0.4082297910236937,-1.8331716262551994,4349.70703125,3602.43712130152,3506.417801563831,
caskin,XC147303.ogg,2625.1507927389707,2524.6630784343274,-0.4439511003593909,-1.3948782257001882,2583.984375,2624.695643232804,2624.237989050641,
caskin,XC147304.ogg,2588.0218505859375,110021.03400295196,-0.2725020458606044,-1.807670093600371,2874.6826171875,2567.067797059294,2545.7538792944374,
caskin,XC147305.ogg,2268.52294921875,11155.340015888214,-0.793919265042118,-1.2496863840297596,2314.8193359375,2266.2555427242214,2263.9353260486323,
caskin,XC158082.ogg,,
caskin,XC172652.ogg,299.50727982954544,418651.4065048911,2.8451699825241823,6.09702594046864,96.8994140625,137.66356867431386,113.64166348502141,
caskin,XC172654.ogg,105.35888671875,92.35361447701088,1.0996366987529707,0.7213317479191441,96.8994140625,104.97375004464276,104.60925177444796,
caskin,XC172940.ogg,8.074951171875,28.97992730140686,-1.1547005383792515,-0.666666666666667,10.7666015625,0.0,0.0,
caskin,XC172941.ogg,2593.800982306985,842668.6144369172,-1.614521348499372,1.8496861739212713,3305.3466796875,2151.932189857066,1101.708197780061,
caskin,XC172942.ogg,3065.789794921875,2733.7731420993805,1.1229212517996208,-0.6933036996341566,3036.181640625,3065.459038939393,3065.131922163905,
caskin,XC184896.ogg,3173.455810546875,1497.2962439060211,-0.513023958460306,-1.2775858480749218,3122.314453125,3173.2782273080516,3173.100000603597,
caskin,XC184899.ogg,,
caskin,XC191749.ogg,,
caskin,XC213438.ogg,,
caskin,XC233617.ogg,2900.830078125,33.119916915893555,0.28867513459481287,-1.9166666666666667,2896.2158203125,2900.8251866814235,2900.820296974364,
caskin,XC233735.ogg,2935.367098721591,646418.4802228755,2.107844314613488,2.4650304325628287,2583.984375,2857.3560001397645,2800.8196069188702,
caskin,XC252317.ogg,8.074951171875,28.97992730140686,-1.1547005383792515,-0.666666666666667,10.7666015625,0.0,0.0,
caskin,XC283717.ogg,,
caskin,XC287510.ogg,,
caskin,XC290044.ogg,3166.9189453125,759786.4798938527,2.371138241372565,3.7305961557581346,2896.2158203125,3083.290723281579,3024.3394278534497,
caskin,XC295601.ogg,,
caskin,XC297264.ogg,2675.0110973011365,750.3166632218795,0.34202646875666465,-1.4334758868829762,2659.3505859375,2674.883878747381,2674.756943196285,
caskin,XC305794.ogg,3669.2578125,367.63107776641846,0.8608608923190941,-0.7863403944485023,3660.64453125,3669.2111905820584,3669.164703284772,
caskin,XC307448.ogg,701.3671875,1623368.587642908,1.3234424635767126,-0.24268148285661928,21.533203125,63.60878960725919,24.78111354750032,
caskin,XC307856.ogg,2216.3818359375,2566.7935609817505,-0.7326209255870416,-0.004086021505376181,2207.1533203125,2215.8800921554857,2215.3728722947603,
caskin,XC307862.ogg,3549.0118729440787,951858.0837626207,0.04526550819244404,-1.7103813178975302,2605.517578125,3419.062246833042,3291.540218839802,
caskin,XC317188.ogg,2440.8519071691176,7995.050531976363,0.8850658517303658,-0.4634665463423029,2368.65234375,2439.3409267945804,2437.860411416481,
caskin,XC318000.ogg,168.29898231907896,595.1900858628122,0.5303285595463607,-0.41372631939435855,172.265625,166.67559256559414,165.10450470343386,
caskin,XC318749.ogg,450.42741331335617,1247460.3347500707,2.5906572801447125,4.905244753362912,75.3662109375,95.44588647425019,62.29232781971577,
caskin,XC321772.ogg,3024.7421264648438,347.27612882852554,0.17832512485951008,-1.0088614034714416,3014.6484375,3024.6883451676044,3024.634601096447,
caskin,XC321775.ogg,3059.8681640625,4717.932164669037,1.1230634237288335,-0.23638235063296476,3003.8818359375,3059.260411492246,3058.661625203105,
caskin,XC321778.ogg,2285.595703125,143.51963996887207,0.19201160638565623,-1.143491124260355,2271.7529296875,2285.568808084386,2285.541929536407,
caskin,XC321781.ogg,2810.80078125,26453.981637954712,0.3928111207774352,-1.4429048418000903,2691.650390625,2806.466026120594,2802.1949212636305,
caskin,XC321800.ogg,2452.47802734375,6227.18130166714,0.6293334019643829,-0.5497923108454463,2390.185546875,2451.3134129520195,2450.1631303534623,
caskin,XC321801.ogg,2629.742431640625,15049.168914556503,1.804001680399556,3.083816682792656,2573.2177734375,2627.1206390512502,2624.627763770216,
caskin,XC323430.ogg,2947.357177734375,244820.9005829535,-1.810733743447682,2.935930548654812,3057.71484375,2895.7301483822926,2827.982945460479,
caskin,XC323432.ogg,2884.512992527174,36671.86436917,0.7665337173755632,-0.7155618977172677,2691.650390625,2878.6132342490514,2872.897435390679,
caskin,XC323434.ogg,2580.069247159091,1629.198822108182,2.041998992837179,3.5814186424424426,2573.2177734375,2579.787862263952,2579.5119952366085,
caskin,XC323435.ogg,1869.473544034091,132919.86146840182,2.5573968276456402,5.223889595580765,1819.5556640625,1844.3879011653569,1824.8919180280463,
caskin,XC325135.ogg,3070.4390092329545,669.4237752394243,0.11842446094687353,-0.8079408571576279,3046.9482421875,3070.335014884147,3070.2310833322285,
caskin,XC341892.ogg,3804.19921875,654.605416690602,-0.4089564406759849,0.4427083333333339,3800.6103515625,3804.117811450745,3804.0362525619685,
caskin,XC348429.ogg,2654.250616776316,193616.41956003092,0.2405761552783762,0.17550598663138883,2820.849609375,2619.5292804711585,2584.5915663109404,
caskin,XC348431.ogg,3466.07666015625,391585.05767583847,0.1368674896058943,-1.6228345402602062,2950.048828125,3413.765544822836,3362.4698929121496,
caskin,XC351546.ogg,3069.3096454326924,35383.74815995877,-0.6700856434347021,-1.293048500786198,2799.31640625,3063.837253425371,3058.2212243658655,
caskin,XC351819.ogg,2670.1171875,218686.98986677022,2.1577073112729934,4.5264579749179354,2314.8193359375,2637.517191016533,2610.2765237136805,
caskin,XC358681.ogg,2611.184210526316,16091.824895457215,-0.07524433205449964,-1.0688505225633431,2680.8837890625,2608.2534841333254,2605.313163709717,
caskin,XC358682.ogg,2291.49169921875,10359.358012676239,-1.0953060611327001,-0.42255411664355513,2347.119140625,2289.54884830775,2287.5466322018638,
caskin,XC376756.ogg,2998.7548828125,5895.897209644318,0.4609508955719754,0.9220163551585574,3025.4150390625,2997.824862271012,2996.9007067987145,
caskin,XC381302.ogg,,
caskin,XC381303.ogg,,
caskin,XC386043.ogg,152.0782470703125,1985.6519279154863,1.7549429018049183,5.987251922403278,139.9658203125,146.34361428131353,140.43934884591948,
caskin,XC387756.ogg,2699.0524291992188,11541.256047785282,-0.6975380596214622,0.16958444082166846,2702.4169921875,2697.007969592294,2694.922310326683,
caskin,XC392999.ogg,,
caskin,XC395198.ogg,2408.642578125,10421.733856201172,1.9547730519588284,1.983292954161879,2379.4189453125,2406.8770855358803,2405.19728134033,
caskin,XC417862.ogg,2396.6455078125,3019.064426422119,1.2705880156255143,1.8292991182191978,2400.9521484375,2396.0885246512144,2395.5411374254454,
caskin,XC420482.ogg,2772.39990234375,3411.351442337036,0.5280599626666891,-1.655009897257046,2734.716796875,2771.8652199975763,2771.334303946829,
caskin,XC430510.ogg,3017.63916015625,3761.329387917238,0.03174548863313597,-1.472458057810211,2950.048828125,3017.0506881535975,3016.462456357742,
caskin,XC441524.ogg,,
caskin,XC446121.ogg,3774.107947716346,42264.62320639537,-0.6503492440774538,-1.2791118792599365,3434.5458984375,3768.812910657406,3763.3970476962177,
caskin,XC446123.ogg,3520.6787109375,92.73576736450195,0.0,-1.5,3509.912109375,3520.6677357742697,3520.656760611046,
caskin,XC446125.ogg,2931.74560546875,112504.34851019006,-0.160639331531581,-1.5573463245726777,3283.8134765625,2913.1841882352905,2894.404418715685,
caskin,XC449578.ogg,3299.365234375,71554.66049909592,-0.27329532899311454,-1.8630242010727192,3520.6787109375,3289.5733950497734,3279.6683869811213,
caskin,XC450684.ogg,34.453125,81.14379644393921,-0.3436215967445456,-1.153061224489796,32.2998046875,33.416205961751636,32.2998046875,
caskin,XC450685.ogg,2417.385382401316,6096.969968394229,-0.40395701566129855,-0.4354560441524793,2390.185546875,2416.1793093187644,2414.9617702765927,
caskin,XC451242.ogg,,
caskin,XC485513.ogg,2858.53271484375,57.95985460281372,0.0,-2.0,2853.1494140625,2858.527645817805,2858.522576800847,
caskin,XC492573.ogg,2629.0877058699325,131149.2266767734,1.6714320977887636,1.0236333620594733,2444.0185546875,2607.8544664716924,2589.418282309723,
caskin,XC493343.ogg,3895.3564453125,81.14379644393921,0.3436215967445456,-1.153061224489796,3886.7431640625,3895.348116874953,3895.339792373142,
caskin,XC493344.ogg,3099.514590992647,39151.10691983432,0.6025393961619679,-1.414236022911178,2960.8154296875,3093.527085847586,3087.6925684852245,
caskin,XC493351.ogg,3493.76220703125,38.63990306854248,0.0,-2.0,3488.37890625,3493.758059647601,3493.7539122688754,
caskin,XC494817.ogg,3755.8875450721152,54228.13165646334,-0.6051979212851555,-0.345046018166276,3639.111328125,3749.0355322302,3741.9903902179767,
caskin,XC503316.ogg,2431.45751953125,27886.418044567108,0.8068043355613892,-1.2061359442046842,2325.5859375,2426.828571804376,2422.355642817935,
caskin,XC511269.ogg,2494.2626953125,6754.255056381226,0.7041925010344092,-1.4840942770816206,2444.0185546875,2493.1498248753437,2492.0528647762007,
caskin,XC530990.ogg,3217.8680419921875,301240.1343137026,-0.5174047722997374,-1.729564821688135,3606.8115234375,3174.1960016267003,3128.5767085114962,
caskin,XC537963.ogg,2546.839599609375,20529.68555218295,0.1718223575935131,-1.3160005957587588,2357.8857421875,2543.028007082965,2539.23838243141,
caskin,XC537964.ogg,2568.603515625,124439.17091076191,0.0020376372772089057,-1.8283857181441696,2196.38671875,2545.981010417597,2523.494345305703,
caskin,XC539284.ogg,3589.4193209134614,144678.20013944918,0.6128152883057718,-0.30988777583256244,3122.314453125,3571.3963209234953,3553.948068396426,
caskin,XC542115.ogg,3183.3251953125,31051.026105880737,1.7711501644263752,1.1673303880670387,3100.78125,3179.48587164886,3175.8638341283367,
caskin,XC542117.ogg,311.3484700520833,605816.2197107029,3.886554077553083,13.131058774788286,129.19921875,147.23028162163698,128.03344948144405,
caskin,XC550327.ogg,2716.3238525390625,100223.48177242787,-0.061545128995355705,0.3772727138219589,2723.9501953125,2697.859827105475,2678.9618505575263,
caskin,XC554898.ogg,3564.82177734375,655.5903553962708,-1.7963065323509764,2.5058340827772003,3563.7451171875,3564.7383348129633,3564.65420129242,
caskin,XC554901.ogg,3583.125,3506.57120347023,1.1038960160626918,0.3285408555881886,3552.978515625,3582.6606832434836,3582.201747305719,
caskin,XC559352.ogg,3621.1669921875,91.33067998019132,0.12068685239272864,-0.6213017751479288,3617.578125,3621.1554346879743,3621.1438794738315,
caskin,XC559353.ogg,,
caskin,XC562725.ogg,,
caskin,XC562732.ogg,3102.57568359375,1450.7527243007314,-0.20778844982957245,-1.5110014129179392,3057.71484375,3102.361005011531,3102.1459778362228,
caskin,XC565883.ogg,3177.22412109375,3051.2643456459045,0.39713852730485055,-1.7570532990767729,3133.0810546875,3176.7938051017823,3176.3654060842246,
caskin,XC565884.ogg,3229.98046875,1931.995153427124,-1.80969389676818,1.6732000000000014,3240.7470703125,3229.7201377361325,3229.4557774239597,
caskin,XC566613.ogg,4345.400390625,34.77591276168823,-0.40824829046386296,-1.8333333333333333,4349.70703125,4345.3971883959475,4345.393985110932,
caskin,XC574235.ogg,3066.68701171875,3431.9259361787276,0.20092940831598965,-1.7161490117115352,3025.4150390625,3066.175281052756,3065.664843479532,
caskin,XC574274.ogg,2480.16357421875,2828.56828891314,-0.5082987828338935,-1.4578142577498236,2400.9521484375,2479.6302398229473,2479.0931882206237,
caskin,XC575302.ogg,2621.0693359375,1133.437156677246,-0.25622040041711236,-1.68210065857438,2648.583984375,2620.8767342849105,2620.683740191759,
caskin,XC575509.ogg,2880.5145263671875,1975.4650443792343,0.8347577956282752,3.4896200657307235,2885.44921875,2880.188456352629,2879.8647904565278,
caskin,XC575511.ogg,2924.600497159091,107391.83241670782,0.12257397932770359,-1.1438198640364154,2767.0166015625,2907.085634783119,2889.640079849501,
caskin,XC577333.ogg,3031.1572265625,194941.6229724884,-0.6770165466087811,-1.5050256569264204,2422.4853515625,2998.897649277995,2964.761038409788,
caskin,XC579146.ogg,3161.7919921875,217.78854456814852,-0.254000254000381,-0.3340270551508846,3165.380859375,3161.76039698813,3161.7287771609012,
caskin,XC581097.ogg,1543.0240028782894,1119205.4460629036,-0.7047862407073344,-1.4999946488960048,64.599609375,680.4716548707513,171.46402710985785,
caskin,XC581829.ogg,2946.4599609375,38562.623262405396,-1.6755842385007231,0.9778505307207603,2551.6845703125,2940.5970379891364,2934.3069726521107,
caskin,XC586468.ogg,3113.85498046875,11327.648506714748,-1.8274208023577894,1.7058427161842937,3133.0810546875,3112.0941216888905,3110.2591549232798,
caskin,XC592811.ogg,3033.489990234375,1978.91503572464,-1.875583412367086,2.1567199453791073,3046.9482421875,3033.1995607759504,3032.904032757252,
caskin,XC593007.ogg,3206.9091796875,4277.564653983483,0.8331778469117781,-0.3627354125037554,3143.84765625,3206.2963989863456,3205.690116709374,
caskin,XC599358.ogg,2225.5198759191176,60692.28671298307,3.4636876605194993,11.215661981985104,2185.6201171875,2214.7171159100426,2205.947114851576,
caskin,XC599359.ogg,2406.9687787224266,140144.75880937782,1.5912138223358678,0.6980260969933245,2185.6201171875,2382.4506163828414,2361.385715020252,
caskin,XC599360.ogg,2184.423828125,3258.6318254470825,-2.3092878758405426,3.6630327375837783,2196.38671875,2183.7343670497517,2183.017527812634,
caskin,XC599365.ogg,4019.0185546875,2439789.719581604,-0.29421672941908467,-1.9057166023159113,5264.8681640625,3727.4197640537977,3435.9335724809666,
caskin,XC606763.ogg,3188.3033014112902,98475.66264290965,-0.5243141185663215,-0.07995698259971551,3057.71484375,3172.662578783968,3156.2767000351346,
caskin,XC606764.ogg,3093.1812959558824,13225.9274098803,0.574807993082095,-1.252136124433232,2971.58203125,3091.1953624763923,3089.2366066596355,
caskin,XC606765.ogg,2640.509033203125,9455.082596916902,3.5871895503991,12.218639461776446,2616.2841796875,2638.9397251597507,2637.490712095762,
caskin,XC606766.ogg,2969.4287109375,502751.5068054199,1.3554893166643678,0.10500968461986515,2616.2841796875,2904.940325669427,2851.3524687759323,
caskin,XC606767.ogg,,
caskin,XC606768.ogg,2558.5121713033536,55964.62194948662,1.2777004968601078,0.2596311137181764,2400.9521484375,2548.5644650998534,2539.314680201712,
caskin,XC606769.ogg,,
caskin,XC606770.ogg,2918.8823499177633,11075.4164269096,-1.1075127971232486,0.09411207071762906,2982.3486328125,2917.0353805138325,2915.1379863549714,
caskin,XC606771.ogg,3574.51171875,78439.00322914124,-1.1512888915868336,-0.6692916595889247,3154.6142578125,3565.816216349662,3556.6586315446607,
caskin,XC606970.ogg,0.0,0.0,0.0,-3.0,0.0,0.0,0.0,
caskin,XC608502.ogg,569.86083984375,198840.32785892487,4.984339488176553,22.910874581811584,473.73046875,516.8502241057229,499.59149619980553,
caskin,XC610078.ogg,3529.7889122596152,21384.21404820222,-2.2000204259521827,4.502465261847293,3499.1455078125,3526.8124064834633,3523.6419918798333,
caskin,XC610079.ogg,3888.896484375,1124.4211792945862,0.29310456784806627,-1.6703687958337765,3854.443359375,3888.781001298535,3888.6656936777886,
caskin,XC612566.ogg,3096.295166015625,25238.003961064598,-0.30072358965964635,-1.3117382917192337,3122.314453125,3092.5170235795313,3088.700433608222,
caskin,XC612569.ogg,3947.3052978515625,6790234.602123499,1.13738613917993,-0.6798744899534883,2196.38671875,3360.7757969384056,3004.171046525619,
caskin,XC617991.ogg,2903.3935546875,19849.870204925537,-0.5426785049818532,-0.9839830995012382,2928.515625,2900.143442509404,2896.835501161647,
caskin,XC617992.ogg,0.0,0.0,0.0,-3.0,0.0,0.0,0.0,
caskin,XC617994.ogg,0.0,0.0,0.0,-3.0,0.0,0.0,0.0,
caskin,XC618125.ogg,3090.0146484375,231.83941841125488,0.816496580927726,-1.0000000000000002,3079.248046875,3089.9865776925367,3089.9585720484797,
caskin,XC618126.ogg,3116.93115234375,38.63990306854248,0.0,-2.0,3111.5478515625,3116.9265035485905,3116.9218547603627,
caskin,XC65644.ogg,2678.4912109375,167.43957996368408,0.4431470361295505,-0.45821005917159763,2670.1171875,2678.4634643372724,2678.4357545254534,
caskin,XC9693.ogg,,
