#filename,mean,variance,skewness,kurtosis,mode,gmean,hmean
caster1,XC118163.ogg,4531.842041015625,14278.32236344164,1.0857478057708376,0.186813439761349,4543.505859375,4530.423176390039,4529.029210362977,
caster1,XC118277.ogg,76.13525390625,347.12220613773053,-0.11317949157880584,-0.8575776449793788,75.3662109375,73.86877529180244,71.46673624176859,
caster1,XC119938.ogg,1134.08203125,2370529.07332778,0.7070678815503642,-1.4998899782402886,96.8994140625,332.3063990489645,157.7715094701417,
caster1,XC120514.ogg,1802.0599365234375,627.2084265947342,0.460725585735995,-1.33849622586021,1776.4892578125,1801.9082575116315,1801.757182459047,
caster1,XC120515.ogg,1911.8408203125,23606.857703282283,-0.06633699364347295,-1.6237218251799503,1798.0224609375,1906.0728583574964,1900.2889932743615,
caster1,XC128923.ogg,300.029296875,430921.03099823,3.4600182568983926,10.010487914855567,139.9658203125,154.43136028166208,128.53448487263688,
caster1,XC131574.ogg,,
caster1,XC140788.ogg,1983.2080078125,2776.921033859253,0.02253543577284107,-1.9230141710926232,1937.98828125,1982.5780335996255,1981.948467637676,
caster1,XC140789.ogg,2049.2431640625,16445.641325366112,-0.16983217051302735,-0.8783125406748824,1916.455078125,2045.2538243105253,2041.2267949253878,
caster1,XC149409.ogg,1912.60986328125,5289.632884355692,0.1712361861054992,-1.3856826201257666,1830.322265625,1911.3302315397605,1910.055797431174,
caster1,XC149411.ogg,2126.40380859375,193.1995153427124,0.0,-1.3599999999999999,2110.25390625,2126.369736447437,2126.335664148259,
caster1,XC149413.ogg,3548.9908854166665,384.74775277651275,-0.32890761674764607,-0.638682974451557,3563.7451171875,3548.938624275948,3548.8862997294054,
caster1,XC149414.ogg,4561.962890625,36658.228039741516,2.0322109123069407,2.1470172096013416,4478.90625,4558.689075673169,4555.579130813071,
caster1,XC149415.ogg,4412.1533203125,81.14379644393921,0.3436215967445456,-1.153061224489796,4403.5400390625,4412.1459669838005,4412.138616723957,
caster1,XC150861.ogg,4637.713623046875,263162.5798344612,-1.1008753298309566,-0.13129405006026795,3606.8115234375,4610.624470198787,4581.17864829097,
caster1,XC154308.ogg,3461.46240234375,38.63990306854248,0.0,-2.0,3456.0791015625,3461.4582162597385,3461.4540301807933,
caster1,XC155020.ogg,1979.26025390625,22189.842516725712,0.6875184254315067,-1.4957491624563843,1862.6220703125,1974.2789280230268,1969.4668407117206,
caster1,XC155032.ogg,1886.846923828125,7344.341576099396,0.8483135945397746,-0.8994838383312,1841.0888671875,1885.1825646520995,1883.5573463579478,
caster1,XC169792.ogg,,
caster1,XC173581.ogg,2151.1669921875,81.14379644393921,0.3436215967445456,-1.153061224489796,2142.5537109375,2151.1519166606377,2151.136854006721,
caster1,XC181201.ogg,,
caster1,XC197268.ogg,1916.9677734375,7876.468241214752,0.0015424250884404783,0.14018158235815026,1916.455078125,1915.0059730310004,1913.0376128509708,
caster1,XC203779.ogg,2130.9895833333335,34008.3987896259,-0.11647238796951377,0.06712939023836517,2099.4873046875,2123.181396664967,2115.2309456514668,
caster1,XC203780.ogg,2008.2403564453125,27606.650284849682,0.007903931200222834,0.09555546296096118,1981.0546875,2001.4840467832967,1994.6611428193817,
caster1,XC203781.ogg,2153.6279296875,136433.99092029122,0.06935367112482727,-1.8268393448943288,1701.123046875,2122.798448939489,2092.485745787161,
caster1,XC203782.ogg,3546.5185546875,406187.81304359436,-0.0364666164308746,-1.9529311971609489,2863.916015625,3494.3398760585287,3442.6318688992283,
caster1,XC234645.ogg,2966.9677734375,28394.808769226074,2.025589486806218,2.1330756257119985,2906.982421875,2963.1335073901228,2959.5536823855205,
caster1,XC239844.ogg,3830.9525923295455,756835.5661413887,0.18189588121992567,-1.9656610836686277,4737.3046875,3742.4391009098495,3658.1480625023287,
caster1,XC246636.ogg,2256.591796875,455332.2234749794,0.3100552631931754,-1.707226435042827,1636.5234375,2160.6624471647933,2072.4136051698315,
caster1,XC253664.ogg,1912.8662109375,1893.3552503585815,-0.7071067811865476,-1.5,1937.98828125,1912.5333309087932,1912.1975626782319,
caster1,XC256628.ogg,2015.66162109375,51110.77845096588,0.0669354912146384,-0.779318977739353,1808.7890625,2003.3627863326838,1991.001201640583,
caster1,XC265593.ogg,1827.33154296875,29672.793798586903,3.519567863899279,11.325903480709632,1733.4228515625,1820.9654546937795,1815.665161527383,
caster1,XC270527.ogg,,
caster1,XC278117.ogg,28.1982421875,63.47984075546265,0.7178646545143699,-0.7813610586011346,21.533203125,27.215104647855554,26.34158828883495,
caster1,XC278703.ogg,183.8935546875,1053.747550133736,0.5824116464432336,0.21564403225538342,183.0322265625,181.13588334391252,178.43703225402456,
caster1,XC283058.ogg,,
caster1,XC283060.ogg,,
caster1,XC300718.ogg,3373.0224609375,1998.2349872589111,0.2494757977045047,-1.8378941424254447,3337.646484375,3372.769073557299,3372.5162171053794,
caster1,XC312711.ogg,2078.6270141601562,190285.58365255594,2.421311954607443,5.351820842195416,1819.5556640625,2045.2314179612827,2019.107635194228,
caster1,XC313388.ogg,2034.2351740056818,20481.1245304617,0.1624746711270912,-1.2342018350430832,2002.587890625,2029.3756103610378,2024.5466226801125,
caster1,XC317152.ogg,2605.854034423828,1331098.4252627578,1.6972094196377847,1.1987921011566556,2088.720703125,2429.5624131719755,2309.190856142594,
caster1,XC317154.ogg,2121.8487079326924,13822.682247712064,1.8605027880685,1.5730777162839518,2067.1875,2119.024697398687,2116.3756767459963,
caster1,XC322512.ogg,,
caster1,XC324717.ogg,2153.3203125,49613.635540008545,-1.204375419294111,1.0723100315329201,2153.3203125,2142.2566281139334,2130.102393625311,
caster1,XC324718.ogg,2379.4189453125,17677.755653858185,0.4007319906800001,-1.8224402042461703,2271.7529296875,2376.4844086269786,2373.5918452537126,
caster1,XC332712.ogg,124.30530894886364,2425.783005627719,0.13305061744746327,-1.4687725151915758,64.599609375,114.5642501756345,105.18922619421313,
caster1,XC339507.ogg,1990.4754638671875,2161.902576684952,-0.34286006659897567,-0.604451025067863,1981.0546875,1989.9634619665678,1989.448592273502,
caster1,XC339508.ogg,,
caster1,XC341281.ogg,2551.6845703125,540.9586429595947,0.0,-1.2499999999999998,2519.384765625,2551.593708871056,2551.5028458118018,
caster1,XC342985.ogg,2014.7003173828125,62313.05368244648,0.3285680972060692,-1.5897065978091591,1873.388671875,2001.4312376736743,1988.5142134329342,
caster1,XC347184.ogg,1937.98828125,24435.874700546265,-0.09406110450338771,-1.8767647598918367,1765.72265625,1932.701243009723,1927.4006732648631,
caster1,XC365791.ogg,1944.7174072265625,130.40967285633087,0.035996616477069254,-1.114134542705971,1937.98828125,1944.6880724220305,1944.6587411412477,
caster1,XC365792.ogg,76.263427734375,641.9492987069217,1.1203166256130954,-0.10510871863777504,64.599609375,72.99435400326165,70.30352839994504,
caster1,XC366917.ogg,2050.2685546875,2634.3072377718413,-0.890819230152954,-0.598962172031023,1959.521484375,2049.663127198634,2049.0488306338734,
caster1,XC367951.ogg,17.9443359375,28.101747686212715,-0.7071067811865475,-1.5000000000000004,21.533203125,17.090914646434957,16.149902343750004,
caster1,XC370352.ogg,2719.464111328125,1292451.188686219,-0.25639935576361234,-1.5198314958305263,3380.712890625,2461.1315564605343,2186.275279732387,
caster1,XC370595.ogg,,
caster1,XC373962.ogg,1221.112060546875,529783.8073562492,-0.05106506164380467,-1.9472205092655879,473.73046875,994.1619178240156,800.8989169395869,
caster1,XC385681.ogg,3214.727783203125,32172.110202637585,-1.4939607013000897,2.4532164771979126,3208.447265625,3209.8604288820197,3204.6877632530523,
caster1,XC385956.ogg,2716.7724609375,713601.7298698425,0.6901647981541589,-1.49975926927342,2228.6865234375,2611.771578622026,2522.1640727237655,
caster1,XC390778.ogg,4422.919921875,3210.97594499588,0.3671888581433347,-1.7742509351092806,4371.240234375,4422.630328499244,4422.341560070007,
caster1,XC396283.ogg,,
caster1,XC402450.ogg,2588.291015625,1218991.054058075,0.48450449593352973,-1.0884082479054824,2088.720703125,2376.9176482435314,2166.785602575477,
caster1,XC411277.ogg,375.03662109375,419982.5743627998,1.7860917214544676,1.1969451657694101,96.8994140625,142.3208326198319,98.63153650205925,
caster1,XC420610.ogg,3117.4205433238635,2129615.7762245694,0.5667795625619793,-1.678482693734983,2056.4208984375,2840.0372518532613,2621.743044977122,
caster1,XC424327.ogg,,
caster1,XC424667.ogg,,
caster1,XC426250.ogg,1885.94970703125,21070.339143276215,0.8461541310092946,-1.0351742272939801,1776.4892578125,1881.463575541802,1877.1522976270562,
caster1,XC426251.ogg,1930.989990234375,25944.966283283735,-0.645400311746281,-0.9637070946556654,1636.5234375,1924.348931633723,1917.4582149890869,
caster1,XC432679.ogg,1800.714111328125,3120.1721727848053,1.1255773537287337,-0.6871148002952201,1776.4892578125,1800.077020441173,1799.4526562568933,
caster1,XC432881.ogg,2263.677978515625,3120.1721727848053,1.1255773537287337,-0.6871148002952201,2239.453125,2263.169172240527,2262.668466487921,
caster1,XC432945.ogg,1349.9661959134614,445702.36499492935,-0.4309387404032476,-1.7460922747226397,570.6298828125,1155.6807815366956,960.7686079636317,
caster1,XC433371.ogg,,
caster1,XC436283.ogg,,
caster1,XC449719.ogg,1991.8212890625,7032.462358474731,0.7543313108007923,-1.25,1927.2216796875,1990.3364225770988,1988.8806540796413,
caster1,XC449721.ogg,1949.7336647727273,937.8958290273492,0.4234828497945794,-0.1246029541724516,1916.455078125,1949.5158782978967,1949.2989507925865,
caster1,XC449723.ogg,1970.6868489583333,29082.306531759412,0.4330920136424341,-0.6821029788188211,1948.7548828125,1963.7117306551322,1956.8734130165483,
caster1,XC452795.ogg,3911.865234375,257979.31283712387,-1.2060497561891892,-0.30361309379382106,4112.841796875,3879.094494687942,3842.824748649912,
caster1,XC452796.ogg,2295.977783203125,261621.123701334,-1.1536773968161005,-0.6674541650759758,1528.857421875,2244.9674789356823,2186.041904587804,
caster1,XC452954.ogg,4462.75634765625,298.079252243042,0.0,-0.8148148148148149,4457.373046875,4462.727125556338,4462.697903194202,
caster1,XC452955.ogg,2088.720703125,278.20730209350586,-1.414213562373095,0.5,2099.4873046875,2088.6648192745142,2088.608548014354,
caster1,XC46561.ogg,614.6325152853261,697393.1305304818,0.9982783745294963,-0.7195731779417414,86.1328125,214.53430635065132,118.50123988607629,
caster1,XC46562.ogg,1772.522615131579,555734.6774716127,-0.576484416130327,1.5571485021464948,1668.8232421875,1389.3743570130605,589.9538373558563,
caster1,XC468800.ogg,1956.650390625,21192.787663689975,1.2498109965205024,1.0491619800358993,1927.2216796875,1951.689733374307,1946.9864696290517,
caster1,XC473230.ogg,2881.3709605823865,1192741.634871993,0.4492216987494352,-1.5271415864796678,2013.3544921875,2689.1240881138156,2522.2114733369453,
caster1,XC473231.ogg,1748.6227596507354,710.8605696874508,-0.9476968830878593,-0.14526076980141678,1765.72265625,1748.4296151837607,1748.2346246503985,
caster1,XC485505.ogg,2115.920538651316,10437.519079760501,-1.1116213600001865,0.24573987456886348,2142.5537109375,2113.4948835754954,2110.9777820867043,
caster1,XC486319.ogg,,
caster1,XC486320.ogg,,
caster1,XC486321.ogg,,
caster1,XC486322.ogg,2180.7262073863635,44532.23737803373,0.23587106841875188,-1.2034644192125123,2002.587890625,2171.0690723017797,2161.5301092802865,
caster1,XC487213.ogg,,
caster1,XC487214.ogg,,
caster1,XC488946.ogg,1992.89794921875,33988.94673585892,-0.30411133361284814,-1.498468714581489,1754.9560546875,1985.0559317987163,1977.0784464536664,
caster1,XC490167.ogg,,
caster1,XC493886.ogg,37.68310546875,38.63990306854248,0.0,-2.0,32.2998046875,37.29660186220092,36.9140625,
caster1,XC493887.ogg,65.67626953125,320.7111954689026,0.29319290626674643,-0.9533072047225044,43.06640625,63.48450656240087,61.342608947546914,
caster1,XC496291.ogg,2519.384765625,68276.70872211456,-0.7855752054963677,-1.067965468069526,2088.720703125,2505.7632520001907,2491.3989203376923,
caster1,XC498125.ogg,,
caster1,XC498895.ogg,,
caster1,XC499538.ogg,3040.966796875,1549357.0733070374,-0.04087781917900065,-1.8747547794031538,1744.189453125,2800.2880778065287,2572.3428649039565,
caster1,XC499955.ogg,,
caster1,XC501715.ogg,120.8251953125,515.1987075805664,-0.3085075037706741,-1.3140234375000002,96.8994140625,118.82142161530362,116.73605633618888,
caster1,XC504132.ogg,3696.17431640625,1644464.0427231789,-2.6466588572086582,5.048691141417478,4005.17578125,2658.3804136135786,481.42931965985633,
caster1,XC505894.ogg,2480.8516652960525,1063618.9191906075,1.5393817247558605,0.7204589432540573,1991.8212890625,2329.5708043059976,2222.4373644226816,
caster1,XC514690.ogg,1642.8567325367646,45499.338214011754,0.33269374995086665,-0.9808901614254006,1431.9580078125,1630.0332463363134,1617.4606124554584,
caster1,XC514691.ogg,1871.8505859375,10565.253496170044,-0.2868753398804942,-1.9051101764592195,1765.72265625,1869.4061788873382,1866.9408641184164,
caster1,XC52364.ogg,,
caster1,XC528960.ogg,3814.60693359375,302371.4094758034,-0.40445097089764315,-1.830450697976086,4220.5078125,3777.375205792829,3739.0818336495913,
caster1,XC528961.ogg,3616.8269667514537,221717.94612740361,0.10657467343788628,-1.5706683196481592,3197.6806640625,3586.9443911478797,3557.399908326406,
caster1,XC528962.ogg,239.556884765625,86.93978190422058,0.38374171128079004,-0.3140495867768598,236.865234375,239.39188632951,239.22821144630802,
caster1,XC531263.ogg,1800.32958984375,337597.0454170154,1.1194971537754357,0.32803626060553803,1281.2255859375,1725.1494391387023,1661.127286757745,
caster1,XC538079.ogg,,
caster1,XC544169.ogg,,
caster1,XC547207.ogg,1848.5426682692307,374.5098297412579,-0.23650498788281168,-1.3534580498866235,1862.6220703125,1848.4490080664248,1848.3551981677538,
caster1,XC549294.ogg,2072.57080078125,38.63990306854248,0.0,-2.0,2067.1875,2072.563809469743,2072.5568181818185,
caster1,XC555555.ogg,2062.701416015625,44691.43879684535,-0.14435707739535375,-0.42717387848062227,2002.587890625,2052.575262596112,2042.250102430995,
caster1,XC556708.ogg,1846.47216796875,38.63990306854248,0.0,-2.0,1841.0888671875,1846.4643205748414,1846.4564732142858,
caster1,XC557112.ogg,,
caster1,XC558043.ogg,2061.03515625,3510.711193084717,1.19547629736745,-0.1268467426130293,2034.8876953125,2060.3200346799026,2059.619722292164,
caster1,XC559962.ogg,1863.69873046875,41400.41909092351,1.3509387935651356,1.0800655413696703,1647.2900390625,1853.9758183169133,1845.0157690578276,
caster1,XC568823.ogg,591.732421875,21894.14187669754,1.494584114234338,1.3989755033978195,947.4609375,576.8392581924411,564.355510560929,
caster1,XC571810.ogg,17.9443359375,40.91283854316263,0.19245008972987526,-0.6666666666666665,21.533203125,16.819933110115734,15.713418496621621,
caster1,XC571865.ogg,14.35546875,40.91283854316263,-0.19245008972987526,-0.666666666666667,10.7666015625,0.0,0.0,
caster1,XC571868.ogg,12.2021484375,47.47188091278076,-0.0927863397331912,-0.4632233639805299,10.7666015625,0.0,0.0,
caster1,XC571869.ogg,2678.192138671875,57498.81030483679,-2.7235068426731215,6.043334547301045,2659.3505859375,2666.425787393812,2652.363917804402,
caster1,XC575379.ogg,,
caster1,XC575415.ogg,1987.7838134765625,6257.5943022966385,-1.0109498371072854,-0.8117269201640656,1862.6220703125,1986.3703123607677,1984.920896259697,
caster1,XC577268.ogg,3293.6012961647725,984.2637127096002,-0.5164592884034255,-1.2599007744544806,3316.11328125,3293.465027490774,3293.3283313118245,
caster1,XC578230.ogg,2447.607421875,2354619.0932393074,0.5139976197340298,-1.500737881221302,1012.060546875,2043.7460643984764,1726.6228252410517,
caster1,XC578412.ogg,2055.34423828125,15003.874361515045,-1.5700143429741855,1.614966723348652,2131.787109375,2051.840533238018,2048.103848613626,
caster1,XC578610.ogg,4656.969275841346,228006.6372568791,0.15861828658338767,-1.9642952421284354,4220.5078125,4634.5502776377725,4612.466199158906,
caster1,XC581391.ogg,1992.59033203125,3949.5500922203064,-2.6748112595455766,6.5253612121646185,2002.587890625,1991.6160165383487,1990.5841565808453,
caster1,XC582027.ogg,1768.115234375,457.2388529777527,0.5900477821724369,-0.5809859154929575,1744.189453125,1768.0008013217227,1767.88687036141,
caster1,XC582596.ogg,1660.748291015625,174835.9014093876,-1.1541916337474576,-0.667062888829745,1873.388671875,1612.2507947165534,1555.2342637024822,
caster1,XC582936.ogg,,
caster1,XC585039.ogg,2442.22412109375,2462.415641004389,0.31508689245818206,-0.4805240526576058,2400.9521484375,2441.763711388524,2441.305012951783,
caster1,XC585933.ogg,2594.7509765625,453304.0228486061,0.40821592046113986,-1.8330500481452396,2099.4873046875,2528.1785073603646,2467.083670374725,
caster1,XC587039.ogg,1964.1357421875,7683.820724487305,-0.6961349653402613,-1.21894043549346,1841.0888671875,1962.4250882312033,1960.681466521757,
caster1,XC587891.ogg,1331.907804247359,4503871.027816025,3.7578846816632967,12.228821117287056,796.728515625,0.0,0.0,
caster1,XC594726.ogg,,
caster1,XC595222.ogg,1898.837002840909,1814.670356837186,0.07229440390678811,-1.531549086023463,1851.85546875,1898.4029572886518,1897.9693665094637,
caster1,XC603051.ogg,132.3394775390625,1745.122241931902,0.5045573382518986,-1.0632282033377072,96.8994140625,126.11880546779787,120.35515656794539,
caster1,XC64537.ogg,3589.5849609375,2128381.908774376,-2.007525016295943,2.2985421817056046,4468.1396484375,2340.2594087794355,403.0455715316545,
