#filename,mean,variance,skewness,kurtosis,mode,gmean,hmean
chbant1,XC112866.ogg,2470.3369140625,90.15977382659912,0.1765833205492804,-0.5242346938775508,2465.5517578125,2470.320699903623,2470.3044924571823,
chbant1,XC112940.ogg,,
chbant1,XC112961.ogg,2566.7578125,1371.1645603179932,-0.7663693618539728,-0.4470699432892258,2594.7509765625,2566.506692872575,2566.253745424277,
chbant1,XC113033.ogg,,
chbant1,XC113460.ogg,2464.6787901182433,352874.9115402635,-3.9297587912497622,13.48625463729628,2616.2841796875,1972.4487310967443,242.21147301438742,
chbant1,XC116864.ogg,2510.41259765625,1085.7812762260437,-1.6847760466383443,1.0216435962057222,2519.384765625,2510.2299128837785,2510.0447360046624,
chbant1,XC116968.ogg,,
chbant1,XC116969.ogg,26.91650390625,81.14379644393921,-1.1222634354993895,-0.3673469387755106,32.2998046875,25.138024427905574,22.799862132352942,
chbant1,XC116970.ogg,,
chbant1,XC116971.ogg,,
chbant1,XC118039.ogg,2764.324951171875,2738.1891310214996,-0.42109842637067285,-0.9735935968539122,2734.716796875,2763.840783158379,2763.354001461786,
chbant1,XC119775.ogg,2739.0234375,382.53504037857056,-0.38046460848157393,-1.5578512396694213,2756.25,2738.9674814807663,2738.9114350931895,
chbant1,XC120683.ogg,2794.7021484375,380.8790445327759,-0.7587286469806238,-1.1988027725267802,2810.0830078125,2794.643547502907,2794.5847548215074,
chbant1,XC122717.ogg,16.5087890625,97.1517562866211,-0.10107482573913668,-0.7120351239669427,21.533203125,0.0,0.0,
chbant1,XC146496.ogg,,
chbant1,XC153965.ogg,1839.2431640625,1330720.6608337515,-0.9473599165369998,-1.100009089867711,2530.1513671875,0.0,0.0,
chbant1,XC153979.ogg,,
chbant1,XC153980.ogg,845.17822265625,1470186.4879131317,0.8103082256666765,-1.3413930576475264,53.8330078125,179.6035422914148,76.4213741423809,
chbant1,XC153981.ogg,2529.55322265625,470.11882066726685,-0.41136621584097555,-0.8362586123716866,2551.6845703125,2529.465254312672,2529.3770813851465,
chbant1,XC153982.ogg,28.38467684659091,52.69077691164883,0.5091168824543139,-0.6759999999999997,21.533203125,27.575060997462696,26.814932193396228,
chbant1,XC154043.ogg,1139.0625,1080960.8497470617,0.5511602590803283,-1.684636213584863,387.59765625,723.033006665059,510.7555139858916,
chbant1,XC162289.ogg,10.41929183467742,119.65905466387349,0.8399532632087334,-0.344114583333333,0.0,0.0,0.0,
chbant1,XC165982.ogg,2477.0361328125,5025.395393371582,-1.380162552531083,0.9158002546631616,2487.0849609375,2476.063980553088,2475.065880911808,
chbant1,XC166624.ogg,2582.90771484375,1376.8685460090637,0.5524217029461806,-0.5657053399617245,2551.6845703125,2582.668995070158,2582.4314382432285,
chbant1,XC166625.ogg,3652.4880149147725,898327.251015739,-2.713073345894155,5.65343703942964,3940.576171875,3384.549390785836,2826.0510884069913,
chbant1,XC166626.ogg,3938.78173828125,66603.60091924667,-0.7856948193761881,-0.6930765055502963,4145.1416015625,3931.4905978325774,3923.955683074314,
chbant1,XC166627.ogg,2577.5244140625,1304.924726486206,0.5557856074271081,-1.2836326625267338,2562.451171875,2577.289313642353,2577.055389133294,
chbant1,XC166817.ogg,2459.5703125,3393.871486186981,-1.2930993233774457,0.2352842159083135,2487.0849609375,2458.944799820074,2458.3069248302413,
chbant1,XC17187.ogg,2611.9775390625,1078.0532956123352,-0.7001217104245254,-1.1049254249046134,2637.8173828125,2611.811564131167,2611.6447144087006,
chbant1,XC17188.ogg,2613.8916015625,718.0581986904144,-0.09342871680563519,-1.1908845945022022,2627.05078125,2613.7694279212405,2613.6471772345662,
chbant1,XC17189.ogg,2621.66748046875,312.9832148551941,-0.5925925925925926,-1.2098765432098766,2627.05078125,2621.617615161584,2621.5676282452714,
chbant1,XC175200.ogg,2643.6900745738635,796.6845469041305,-1.3635731659719807,0.33352229780798615,2659.3505859375,2643.5518078177647,2643.4122469585027,
chbant1,XC175201.ogg,2652.7970023777175,292.3192666924517,-0.528124315193173,0.8164743860614738,2648.583984375,2652.7441809837655,2652.691237696609,
chbant1,XC186792.ogg,,
chbant1,XC186953.ogg,2614.74609375,50.95371833214393,0.13416407864998736,-0.6100000000000003,2616.2841796875,2614.737048255414,2614.728004834138,
chbant1,XC186954.ogg,,
chbant1,XC192241.ogg,2505.4779052734375,16021.90980768722,-0.09011001727593534,-1.6326015311968285,2637.8173828125,2502.4013532338795,2499.3166561242024,
chbant1,XC193073.ogg,2538.226318359375,466.3133756680922,-0.48986335996174407,-0.8750359092214883,2562.451171875,2538.1418865220917,2538.057227149282,
chbant1,XC199004.ogg,2178.9945162259614,647.9614514570969,0.386332326306726,-1.1548165137614614,2174.853515625,2178.857655008368,2178.721184572105,
chbant1,XC199014.ogg,2659.3505859375,1159.1970920562744,0.1591979899370592,-1.7283999999999997,2637.8173828125,2659.1526972688416,2658.955071995833,
chbant1,XC199031.ogg,0.0,0.0,0.0,-3.0,0.0,0.0,0.0,
chbant1,XC203512.ogg,,
chbant1,XC203513.ogg,,
chbant1,XC203514.ogg,3267.4641927083335,727247.8905090919,0.2267009386206276,-1.9443304090722804,2519.384765625,3162.63131823506,3064.8532331557453,
chbant1,XC211226.ogg,1854.0087890625,933277.3067951202,-1.497960403335144,0.2472671060485614,21.533203125,907.4287595383718,103.79882225175626,
chbant1,XC214300.ogg,,
chbant1,XC214309.ogg,,
chbant1,XC215072.ogg,2779.9365234375,1463.1643295288086,-1.442315807484537,0.8965731005752824,2788.5498046875,2779.696631871618,2779.4536676759235,
chbant1,XC233977.ogg,3895.218999335106,636353.5219513632,0.44740525019740374,-1.6670031417466917,3143.84765625,3818.9094069618473,3747.960199042648,
chbant1,XC234120.ogg,2655.50537109375,2400.557054923131,-0.3285921684908351,-1.5507543947668772,2702.4169921875,2655.0839619028297,2654.660924484491,
chbant1,XC244810.ogg,2363.0349864130435,5868.378005951288,-0.34676518887628766,-1.4515313993615784,2433.251953125,2361.8379239726364,2360.632087099782,
chbant1,XC244988.ogg,1461.7244944852941,1589194.4345481254,-0.3584352823402952,-1.8713438310457813,0.0,0.0,0.0,
chbant1,XC245008.ogg,2470.93505859375,83.71978998184204,0.0,-0.4852071005917158,2465.5517578125,2470.9198115828062,2470.9045643809136,
chbant1,XC248201.ogg,,
chbant1,XC248263.ogg,1399.658203125,1187326.9414901733,0.0157154067521616,-1.966677652245626,376.8310546875,917.7834964820554,595.5848509913071,
chbant1,XC248432.ogg,2804.285606971154,9169.546228188736,-1.8909119451868088,1.63405756404834,2842.3828125,2802.7104728282825,2801.0674576811925,
chbant1,XC248433.ogg,4679.1650390625,9303.3846616745,0.42811816366591,-1.4637318688176297,4586.572265625,4678.24227190271,4677.324767648773,
chbant1,XC248434.ogg,2803.295367697011,3221.8399177426872,-0.5323756630608152,-0.9649790667914724,2820.849609375,2802.7290366772245,2802.1585878371607,
chbant1,XC248435.ogg,5958.544921875,5645.105838775635,0.9408425185968623,-0.5136687353777938,5889.3310546875,5958.0916204519135,5957.641798989949,
chbant1,XC251213.ogg,,
chbant1,XC251214.ogg,5146.435546875,2935869.495123625,1.2462897814325609,-0.4433740053305364,4263.57421875,4929.686553970395,4763.5120289123915,
chbant1,XC251215.ogg,4801.519775390625,3464.5579755306244,-1.3541895307690206,3.401677280960852,4791.1376953125,4801.167949012463,4800.812083077747,
chbant1,XC251216.ogg,2785.1240678267045,1008.9029236273332,-1.4119387823629757,1.8622410163107181,2788.5498046875,2784.949315951205,2784.772676050023,
chbant1,XC258545.ogg,3890.8841646634614,27985.6928724509,1.000352539419313,0.4829366608927499,3671.4111328125,3887.647892090088,3884.492532217789,
chbant1,XC262084.ogg,2470.6183938419117,13955.53969723337,1.6093818359418783,1.059082088514077,2411.71875,2468.08308776926,2465.666736591063,
chbant1,XC262086.ogg,4172.472205528846,178898.70887903066,0.6770406718668679,-0.4379532166418256,4059.0087890625,4152.594317182218,4133.459668662015,
chbant1,XC262087.ogg,4715.771484375,3338.4876251220703,-0.5528362266698146,-0.5451388888888888,4705.0048828125,4715.475256549817,4715.177776860489,
chbant1,XC262088.ogg,2898.6083984375,4595543.491691351,-0.6933429527792561,-1.5008107423954544,4435.83984375,953.2979745641218,135.5312000684706,
chbant1,XC262089.ogg,6182.421875,1879843.406607123,-1.7199541577473105,1.0667854537648855,6826.025390625,5984.444880389186,5722.579227079053,
chbant1,XC262090.ogg,4899.476623535156,11274.640716612339,0.14624833176299384,-1.417878655147786,4855.7373046875,4898.399889382327,4897.325320376672,
chbant1,XC262091.ogg,3829.9400592672414,23315.564959213654,-0.5185966894468362,-0.8636019346611374,3682.177734375,3826.957506846045,3823.9320206708812,
chbant1,XC262092.ogg,3171.533203125,1895552.2048473358,-2.0289059712739834,2.1391442929219924,3746.77734375,2017.357979137193,346.4977772573273,
chbant1,XC262093.ogg,2583.984375,7244.981825351715,-0.5731489439927461,-0.4988640000000002,2573.2177734375,2582.7222069147138,2581.4439706023,
chbant1,XC262094.ogg,2677.03857421875,76107.65830828593,0.1181356158668905,-1.4114325009305766,2422.4853515625,2663.873630149102,2650.805438214324,
chbant1,XC262095.ogg,3133.0810546875,3140.370303934271,-0.98988230665093,-0.525787126706005,3165.380859375,3132.6163271729883,3132.1462726445216,
chbant1,XC275404.ogg,2607.91015625,253.05348284104292,-0.16773892824991468,-1.28911040195059,2627.05078125,2607.8643037345837,2607.8184205018683,
chbant1,XC277150.ogg,,
chbant1,XC278647.ogg,2550.0281700721152,286.8269727780268,-0.2729539531133747,-0.9616231308223133,2551.6845703125,2549.976194350868,2549.9241572041033,
chbant1,XC278650.ogg,2417.5914417613635,4114.89876833829,1.1104525837701495,2.218455324211787,2357.8857421875,2416.7934632231822,2416.0092142006383,
chbant1,XC278876.ogg,2464.013671875,1085.3142004746658,0.12317258556567241,-1.0944918336308935,2444.0185546875,2463.8093623643804,2463.605255490712,
chbant1,XC278972.ogg,2613.592529296875,157.31960535049438,-0.07244707385386161,-1.4349030470914126,2605.517578125,2613.566188928429,2613.539842814494,
chbant1,XC293755.ogg,,
chbant1,XC293757.ogg,,
chbant1,XC315057.ogg,647.07275390625,914231.6985726357,1.4955121722197635,0.24437326406605653,204.5654296875,316.6696673670514,226.18242390022252,
chbant1,XC315058.ogg,181.5640536221591,7609.802728349515,0.6682914655629143,0.15319845135193155,183.0322265625,160.94009661398817,139.90550813191638,
chbant1,XC328700.ogg,68.1884765625,77.27980613708496,-0.6260990336999411,-0.9600000000000004,75.3662109375,67.68717868574595,67.15800974628712,
chbant1,XC328704.ogg,66.39404296875,158.42360258102417,0.48756686638394087,-1.0101130279595474,53.8330078125,65.4360482913656,64.52279652199762,
chbant1,XC329125.ogg,3912.3138427734375,22685.07309257984,-0.6849675594309,-1.2905855928126901,3692.9443359375,3909.7332706367565,3907.1102639212445,
chbant1,XC335207.ogg,2440.7417629076085,415.5698665988304,-0.002329788949469681,-0.6907022314498654,2433.251953125,2440.6603264621604,2440.578884576576,
chbant1,XC335208.ogg,2493.2373046875,547.7524720705472,0.20269506182401514,0.6230827474310434,2487.0849609375,2493.135414954227,2493.0336321500276,
chbant1,XC335209.ogg,457.8369140625,469737.02162504196,2.678761886447441,5.348683856245236,118.4326171875,284.3939092983575,230.63821400032023,
chbant1,XC335752.ogg,2528.884708180147,5243.662139948677,-1.0580264051462498,-0.6499983195543968,2573.2177734375,2527.8890987171126,2526.873708505876,
chbant1,XC338629.ogg,2483.49609375,985.3175282478333,1.0557433089816848,0.45415224913494834,2454.78515625,2483.3212047684106,2483.1477471726994,
chbant1,XC353927.ogg,2464.78271484375,364.9560075539809,-0.1461052373928955,-1.3884670559103827,2487.0849609375,2464.7139167314485,2464.645068169893,
chbant1,XC363223.ogg,2646.123046875,764.2907885944142,-0.9163339686985277,2.000942531963598,2648.583984375,2645.981839410143,2645.8396959071,
chbant1,XC366568.ogg,,
chbant1,XC368232.ogg,4906.600215517241,5788870.809236153,-0.0006430797582007893,-1.998098347744501,7256.689453125,4287.470797326619,3745.9171676485516,
chbant1,XC368267.ogg,2580.6430158943967,1549.212665393435,0.337941778401225,1.1138634489656631,2583.984375,2580.3540681685827,2580.065931750763,
chbant1,XC368268.ogg,2776.2451171875,20341.14897251129,-0.7662244470457555,-1.1577063860419134,2573.2177734375,2773.0237505609207,2769.7236283040656,
chbant1,XC370310.ogg,2792.9461669921875,1988.1610125303268,-1.5937929888386906,3.6272236125108925,2788.5498046875,2792.586962061769,2792.2213127208865,
chbant1,XC373578.ogg,2550.7057883522725,2004.3571537191215,-0.9654263362780777,-0.7057206924804551,2573.2177734375,2550.3446653531005,2549.9796136762743,
chbant1,XC393319.ogg,2428.406982421875,4947.636220015977,-1.0430907134717484,-0.6633606223430153,2465.5517578125,2427.419483803125,2426.4123182115027,
chbant1,XC393320.ogg,2387.9425048828125,5090.177230860876,-0.07655481075891402,-1.1044534522740703,2454.78515625,2386.9189604055373,2385.8935194817313,
chbant1,XC393321.ogg,2486.546630859375,176.62503060541655,0.2683004811177552,-0.8419196935935638,2476.318359375,2486.5129212166644,2486.479242412053,
chbant1,XC394055.ogg,2528.884708180147,5243.662139948677,-1.0580264051462498,-0.6499983195543968,2573.2177734375,2527.8890987171126,2526.873708505876,
chbant1,XC394347.ogg,2901.59912109375,1584.2360258102417,-1.097025449363867,-0.7055324211778706,2917.7490234375,2901.3925707172293,2901.1842182696832,
chbant1,XC394708.ogg,2877.91259765625,671.0463166236877,1.0413683121930515,-0.273156965970506,2863.916015625,2877.8082842390563,2877.7045836097686,
chbant1,XC403855.ogg,,
chbant1,XC403857.ogg,2610.90087890625,2402.113974094391,-0.01489920143638035,-1.6048559250767271,2573.2177734375,2610.4867320628773,2610.0725253971764,
chbant1,XC406937.ogg,,
chbant1,XC406946.ogg,,
chbant1,XC406947.ogg,,
chbant1,XC406950.ogg,,
chbant1,XC406951.ogg,2586.0031127929688,1827.1844163537025,-0.22896062105136983,1.0170324564398987,2594.7509765625,2585.6709505860686,2585.3377646173512,
chbant1,XC409312.ogg,1705.5563534007354,1441636.3158865883,-0.6609978306831379,-1.5170531381176537,2562.451171875,625.2819657902926,88.78845140792843,
chbant1,XC410600.ogg,2601.717601102941,701.7171701645469,-0.04334768227343858,-0.9854079003774987,2616.2841796875,2601.5866630287564,2601.455680234583,
chbant1,XC414457.ogg,,
chbant1,XC421818.ogg,,
chbant1,XC424023.ogg,2534.1888427734375,262.8893405199051,0.12157482884913659,-0.35352470704941386,2540.91796875,2534.1434780762784,2534.0981335378087,
chbant1,XC425539.ogg,,
chbant1,XC437357.ogg,0.0,0.0,0.0,-3.0,0.0,0.0,0.0,
chbant1,XC445405.ogg,2667.041015625,34579.616668747694,-0.12682448474735813,-1.5754404985460997,2820.849609375,2660.6614574179243,2654.246919914584,
chbant1,XC453796.ogg,,
chbant1,XC454084.ogg,,
chbant1,XC455510.ogg,,
chbant1,XC461996.ogg,2382.110595703125,4532.2849940169945,-0.460660312163921,1.0608066452817608,2368.65234375,2381.1592926479375,2380.197853087213,
chbant1,XC46870.ogg,4180.3125,368152.1644592285,1.677996670268133,1.0995325652390129,3865.2099609375,4144.495134491395,4113.523783726675,
chbant1,XC46872.ogg,,
chbant1,XC46873.ogg,2522.61474609375,4369.562933319493,0.8098472685222639,-0.5382019861721714,2454.78515625,2521.802805364249,2521.001712622647,
chbant1,XC489611.ogg,2472.01171875,476.46997714864796,0.43332603015637655,-0.8346921309850908,2454.78515625,2471.918786107115,2471.826082517875,
chbant1,XC490014.ogg,2069.3408203125,10762.501001358032,-0.3387448028223986,-1.5918427487573674,2174.853515625,2066.9727842495995,2064.5800881696587,
chbant1,XC490051.ogg,2550.60791015625,3012.692231880991,0.18428097849640437,-1.883093740265071,2497.8515625,2550.0482262110463,2549.4900818342894,
chbant1,XC496255.ogg,3880.283203125,25069.56911087036,0.42009661899403505,-1.5522110945725214,3757.5439453125,3877.405371235509,3874.5592928976016,
chbant1,XC497653.ogg,7981.640625,398.6011053386487,0.15423419082660395,1.929820907955019,7988.818359375,7981.616301228396,7981.5919831248,
chbant1,XC497691.ogg,2535.53466796875,1503.5468164612266,0.10884353741496598,-1.564625850340136,2508.6181640625,2535.254917932463,2534.9754736151644,
chbant1,XC512049.ogg,,
chbant1,XC524428.ogg,1132.646484375,2211365.516602993,0.4082416264396915,-1.8332751667804867,43.06640625,237.86539049821056,76.05709681021489,
chbant1,XC539601.ogg,2607.5113932291665,3058.8271984687217,-0.056767290919683966,-1.5038227471107777,2637.8173828125,2606.9460086930976,2606.380180938983,
chbant1,XC539667.ogg,2631.7319123641305,1715.8866046445642,0.9232692396433284,-0.7495947779059269,2605.517578125,2631.4229778270615,2631.1169434926514,
chbant1,XC540291.ogg,2537.605168269231,567.7093450839703,-0.3631132246978166,-1.3940887037087688,2562.451171875,2537.501683392241,2537.3979721140813,
chbant1,XC541732.ogg,2645.5078125,143.51963996887207,-0.19201160638565623,-1.143491124260355,2637.8173828125,2645.484549608259,2645.461274092136,
chbant1,XC545567.ogg,2473.2421875,143.51963996887207,-0.19201160638565623,-1.143491124260355,2465.5517578125,2473.2173033348304,2473.192404713646,
chbant1,XC564847.ogg,3006.818181818182,9808.915029872547,-1.5812640382419942,0.7550504355643568,3046.9482421875,3005.28375150961,3003.696723846181,
chbant1,XC574665.ogg,2530.1513671875,920.5388672211591,0.8881015031151512,-0.4333333333333331,2508.6181640625,2529.9758624080073,2529.8015684679535,
chbant1,XC574668.ogg,2524.76806640625,178.51635217666626,0.7684189748072586,0.5366840951256537,2519.384765625,2524.734162105605,2524.7003463350393,
chbant1,XC574671.ogg,2711.9873046875,563.4985864162445,-0.22297223610979405,-0.7617795918367349,2702.4169921875,2711.894838937544,2711.8022552032307,
chbant1,XC576457.ogg,2547.80859375,481.83959126472473,1.163722887748093,0.01182211807134248,2540.91796875,2547.71840299551,2547.6287971013267,
chbant1,XC576862.ogg,2656.817267922794,1746.4667953112546,0.40802631143899787,-0.7091824959073714,2605.517578125,2656.5091459063096,2656.20225297635,
chbant1,XC580506.ogg,2494.2626953125,38.63990306854248,-0.7071067811865475,-1.5,2497.8515625,2494.257526510788,2494.2523527557637,
chbant1,XC585872.ogg,1641.1376953125,1611724.7076217944,-0.5956500080437964,-1.6443294564131146,0.0,0.0,0.0,
chbant1,XC590414.ogg,154.87342247596155,372343.96149031067,4.068182807567041,14.551573810599976,10.7666015625,18.346490830582493,13.992923750530906,
chbant1,XC601464.ogg,2415.7562255859375,880590.2809649706,-2.253861643140348,3.107989721303948,2702.4169921875,1808.1179163487645,621.6440506081761,
chbant1,XC601465.ogg,2746.56005859375,732.8701615333557,0.014145973139694403,-1.613739764826523,2777.783203125,2746.4399901205807,2746.319933423519,
chbant1,XC609362.ogg,2427.6949974798385,3538.4179622896254,1.2168031969624684,-0.11666790324670684,2390.185546875,2427.0030633973893,2426.3243753266775,
chbant1,XC609363.ogg,2442.1185661764707,1626.2853320907143,-1.07895198389216,0.7469723639624108,2433.251953125,2441.801441239867,2441.4805177245353,
chbant1,XC65682.ogg,2492.8271484375,6356.816053390503,-0.6366226106781663,-1.4389582683096058,2390.185546875,2491.6209026766674,2490.3989850398216,
chbant1,XC71110.ogg,2832.8125,2968.832552433014,-1.0999597152852874,-0.40250022350732406,2842.3828125,2832.340356759668,2831.8618474609016,
chbant1,XC71139.ogg,3362.6850926598836,582986.2770646119,-3.365436402630315,9.358344832493788,3563.7451171875,3155.140178815703,2666.5289877139326,
chbant1,XC71246.ogg,2661.223038383152,2356.8813602914925,0.902613673590937,0.3442448841937109,2659.3505859375,2660.8038323601454,2660.388933661351,
chbant1,XC71273.ogg,2711.4836040296054,1419599.9183017195,-1.1308120229311147,1.1998979938857683,2648.583984375,1702.9882708507253,235.93755110249276,
chbant1,XC7134.ogg,,
chbant1,XC8082.ogg,2413.7804396609044,15707.817616890581,-0.18099030263766888,-1.6616183538927214,2551.6845703125,2410.5725677979467,2407.3463426120707,
chbant1,XC8877.ogg,,
chbant1,XC9082.ogg,,
chbant1,XC9719.ogg,,
