#filename,mean,variance,skewness,kurtosis,mode,gmean,hmean
chbwre1,XC117818.ogg,2298.66943359375,1713958.7670564651,-1.1556372147422997,-0.6629326454228508,3036.181640625,1137.1277807861277,189.65935765138065,
chbwre1,XC117819.ogg,1891.3330078125,1304478.2976061106,-0.8414285292726499,-1.113880709344442,2745.4833984375,1083.3490640575271,367.53909962474455,
chbwre1,XC117820.ogg,2285.6361790707238,268741.5020076851,-3.89873946775295,13.516283360957853,2476.318359375,2052.623158406605,1192.6728669469185,
chbwre1,XC117821.ogg,1792.1497691761363,711600.4839810459,-1.2988396679199992,0.3165351634754283,2024.12109375,1269.0069720744245,521.3345894324347,
chbwre1,XC117822.ogg,116.89453125,50.95371833214393,0.13416407864998736,-0.6100000000000003,118.4326171875,116.69257169677921,116.4910988729508,
chbwre1,XC117823.ogg,114.29161658653847,49.04295389468853,0.5035560994609043,-0.6460055096418751,107.666015625,114.09689421008515,113.9055997610974,
chbwre1,XC117824.ogg,1404.8421223958333,1614096.0842370992,-0.0707027866892867,-1.9903800267484486,107.666015625,571.7691294129365,221.49685269647173,
chbwre1,XC117825.ogg,1575.1247096706081,2321825.825233718,0.05406955116975844,-1.9970308185180865,3122.314453125,565.2786090387034,210.84152262694317,
chbwre1,XC117826.ogg,114.24560546875,42.80695143867941,0.37295836197862975,-0.6968439188660036,118.4326171875,114.07065681118324,113.89779747328585,
chbwre1,XC117827.ogg,106.7297894021739,757.8308261901494,-2.6871602365025513,5.758516234872328,118.4326171875,99.16022135148735,83.25879353986248,
chbwre1,XC117828.ogg,1813.7436048119469,749189.1538701224,-1.4478748596529776,0.13904746735735607,2207.1533203125,1225.929786202185,468.80010232256336,
chbwre1,XC117829.ogg,2293.2861328125,0.0,0.0,-3.0,2293.2861328125,2293.2861328124995,2293.2861328125,
chbwre1,XC117830.ogg,1324.8046875,1065437.569211169,-0.2474687004498188,-1.6684777347336508,118.4326171875,642.1934295234598,246.34845999185836,
chbwre1,XC117831.ogg,69.6240234375,2134.0266466140747,0.09982655380353286,-1.926834656812853,118.4326171875,53.844163140942484,41.458325736581116,
chbwre1,XC117832.ogg,2653.884465144231,7846.761161891314,0.1080023719266899,-1.856239036391095,2573.2177734375,2652.4318177532286,2650.9832147428237,
chbwre1,XC117834.ogg,2386.984665329392,160225.92778946905,0.16187290105780472,-1.971995593261719,2810.0830078125,2354.6844619383482,2323.373744785803,
chbwre1,XC117836.ogg,197.3876953125,6898.602694272995,2.228868024528119,5.668722282163975,204.5654296875,184.9154191129383,175.2255287449863,
chbwre1,XC117844.ogg,2459.3994140625,90.59271391700295,-0.169245376976504,-0.7566770724939302,2465.5517578125,2459.381514704289,2459.3636074526603,
chbwre1,XC117855.ogg,,
chbwre1,XC117890.ogg,70.39701021634616,2330.283385056716,0.14366572521865842,-1.9342376060755935,118.4326171875,53.93904241244461,41.51795119382024,
chbwre1,XC117895.ogg,2318.2193153782896,802351.3409181646,-2.069987629336274,2.286503189332964,2670.1171875,1733.4039082709469,674.9819527087951,
chbwre1,XC117896.ogg,1923.99169921875,1388487.4970724708,-0.8739863856297853,-1.2317804804704031,2702.4169921875,1157.9148350790972,466.58002397552946,
chbwre1,XC117897.ogg,27.115885416666668,520.4827968890851,4.731859714766501,20.915264097889665,21.533203125,24.142499701772483,23.113621702981654,
chbwre1,XC117898.ogg,119.2608173076923,45.65453162560097,-0.04687499999999944,-0.38867187500000044,118.4326171875,119.07584124139147,118.88988597972971,
chbwre1,XC117899.ogg,,
chbwre1,XC119653.ogg,2461.4408735795455,27.61190070819618,-0.48651277256735115,-1.7633053221288377,2465.5517578125,2461.4353118396875,2461.429746275673,
chbwre1,XC119654.ogg,2045.4039107921512,63.41565486996673,0.035935920823907265,-1.1281491255388563,2045.654296875,2045.3887705572913,2045.3736316349411,
chbwre1,XC129247.ogg,2789.9853515625,14.351963996887207,2.1572774865200244,2.653846153846154,2788.5498046875,2789.9829555008278,2789.9805639510655,
chbwre1,XC130193.ogg,2544.14794921875,155.84760904312134,0.28850488354620585,-1.2393962161054572,2530.1513671875,2544.1204077435323,2544.0928907945163,
chbwre1,XC130799.ogg,2652.1728515625,30.911922454833984,0.7071067811865475,-1.5,2648.583984375,2652.167999551459,2652.1631519214525,
chbwre1,XC144640.ogg,4275.2021484375,223685.62606573105,0.22003000455261693,-1.9170208012542516,4801.904296875,4250.403648113848,4226.1216257251535,
chbwre1,XC146511.ogg,107.666015625,324.57518577575684,-0.28056585887484736,-1.469387755102041,86.1328125,106.35789660614074,105.01414331896551,
chbwre1,XC14769.ogg,2798.3376242897725,9559.612382542004,-0.1818163405199083,-1.9588105565544487,2885.44921875,2796.6999104043916,2795.0563329316483,
chbwre1,XC14770.ogg,3038.7451171875,28102.38413694428,-0.7041773823266624,-1.4968547789120028,3154.6142578125,3034.1086058211613,3029.356740620223,
chbwre1,XC152683.ogg,,
chbwre1,XC184779.ogg,2468.7362455985917,111923.44137144761,-2.7059584558327523,5.944190021382564,2594.7509765625,2438.363308838465,2397.196534213516,
chbwre1,XC188750.ogg,2889.0380859375,27316.138533984915,2.4695897056207428,4.112581003681696,2831.6162109375,2884.9411409099307,2881.1860220887834,
chbwre1,XC189429.ogg,2778.321533203125,89.86704728820108,0.438365369111516,-0.5901601077995515,2777.783203125,2778.3055377395153,2778.2895579948377,
chbwre1,XC192598.ogg,2526.236239346591,15609.11575230685,-0.566946709513843,-1.6785714285714266,2616.2841796875,2523.3749675912204,2520.4648546352505,
chbwre1,XC192600.ogg,3068.4814453125,231.83941841125488,-0.1957474261541655,-1.2672176308539944,3079.248046875,3068.444754935137,3068.408040962335,
chbwre1,XC192603.ogg,2796.624755859375,615151.948839426,-2.5227313212009923,6.601132080814901,3283.8134765625,0.0,0.0,
chbwre1,XC204957.ogg,3768.310546875,63.2289322939786,0.0,-1.0000000000000002,3768.310546875,3768.3028564217684,3768.2951659528453,
chbwre1,XC20773.ogg,1759.5703125,119909.38535103432,3.0951030428651105,8.202747902599553,1668.8232421875,1736.2832456198241,1719.0681919393908,
chbwre1,XC20774.ogg,4098.0377197265625,880.615855416944,1.0184022937686605,-0.5024409374281578,4080.5419921875,4097.934132172329,4097.831043065098,
chbwre1,XC250761.ogg,,
chbwre1,XC250762.ogg,,
chbwre1,XC259404.ogg,2538.874672103102,5086.033235245275,3.4401374154737403,10.148692103857593,2519.384765625,2537.939625605615,2537.0602810851256,
chbwre1,XC259405.ogg,1947.6410964439656,35490.84614063132,-4.59303221286525,20.575710133441202,1981.0546875,1934.7711238650172,1915.6166031788891,
chbwre1,XC261084.ogg,3452.490234375,41.772868182208086,0.27950849718747367,-0.65625,3456.0791015625,3452.484267414401,3452.4783025047636,
chbwre1,XC269313.ogg,2809.0861002604165,5018.529548959912,4.83400472709156,21.60452412835813,2799.31640625,2808.2739678356597,2807.521392651642,
chbwre1,XC27427.ogg,2846.9970703125,71.75981998443604,-0.8598938232981915,-0.636094674556213,2853.1494140625,2846.9862508445385,2846.975414246409,
chbwre1,XC277132.ogg,1547.998046875,7303.699325112735,0.08596247652648537,-1.683323806408292,1464.2578125,1545.7742862857608,1543.558585400243,
chbwre1,XC277133.ogg,4677.138384650735,52853.18848283533,-3.6398705537244007,11.550420130337526,4748.0712890625,4670.903478173455,4663.812161195159,
chbwre1,XC277134.ogg,3628.775390625,101318.46263408661,-0.9625825323509467,-1.0472903560909157,3133.0810546875,3614.5544992642567,3599.548054920322,
chbwre1,XC296472.ogg,73.212890625,844.9258804321289,-0.38424459098812525,-1.0234235574063055,53.8330078125,66.48653400187834,58.07327897581335,
chbwre1,XC30327.ogg,3335.6889204545455,40.14535383744673,0.02371708245124274,-0.2524999999999995,3337.646484375,3335.6831765753036,3335.6774328399906,
chbwre1,XC313136.ogg,4400.20751953125,255676.40154100046,-0.09290896972165535,-1.9872740594689875,3875.9765625,4371.550881229638,4342.877874809183,
chbwre1,XC315030.ogg,2305.5908203125,38824.82260465622,4.245863006724327,16.035600476305675,2260.986328125,2299.064477887941,2293.746743620499,
chbwre1,XC315031.ogg,602.9296875,4462.9088044166565,0.0,-1.2054545454545458,495.263671875,599.3778052548629,595.8134211846907,
chbwre1,XC335183.ogg,328.38134765625,446224.64060783386,2.264803418038823,3.1353508207273633,96.8994140625,133.26251095332913,100.9656918556121,
chbwre1,XC335186.ogg,2980.55419921875,16.799957855888035,-1.788854381999832,1.2000000000000002,2982.3486328125,2980.551494040373,2980.5487845126736,
chbwre1,XC354278.ogg,2612.09716796875,25763.344782240252,0.9872136777533059,-0.8833999638600427,2497.8515625,2607.6101256684724,2603.2964963977506,
chbwre1,XC354279.ogg,3004.6793619791665,103.36073759560271,0.5213888797798102,-0.6388787083831322,3003.8818359375,3004.6623410463676,3004.6453398971066,
chbwre1,XC354280.ogg,2999.811535346799,50.490171444125295,-0.7154283605450071,0.29623144845019356,3003.8818359375,2999.8032130195847,2999.794881275169,
chbwre1,XC354322.ogg,,
chbwre1,XC366939.ogg,,
chbwre1,XC367845.ogg,,
chbwre1,XC367846.ogg,,
chbwre1,XC367847.ogg,,
chbwre1,XC379575.ogg,2873.5610961914062,20354.229887065136,-0.47061430415920324,-1.7683105853338275,2982.3486328125,2869.9987952257784,2866.3846165623695,
chbwre1,XC383026.ogg,,
chbwre1,XC387525.ogg,2265.3511665962837,28.718846875268063,0.3853373177942471,-1.8515151515151411,2260.986328125,2265.3450028805937,2265.3388428737007,
chbwre1,XC405553.ogg,2312.127685546875,24.839937686920166,-1.1547005383792515,-0.6666666666666665,2314.8193359375,2312.122978029284,2312.118263200117,
chbwre1,XC408269.ogg,2915.6251430511475,298701.96933030436,-1.5314008771018475,0.7705268820586602,3014.6484375,2850.4776628567847,2769.360173841827,
chbwre1,XC425981.ogg,6.92138671875,64.32906939433171,0.6502223223154384,-0.8314871091069502,0.0,0.0,0.0,
chbwre1,XC425982.ogg,14.907602163461538,29.723002360417297,0.4743416490252569,-1.7750000000000004,10.7666015625,14.055924284424457,13.330078125000004,
chbwre1,XC431877.ogg,,
chbwre1,XC433396.ogg,14.166581003289474,313.95608296943766,2.248252400192299,4.271107707788997,10.7666015625,0.0,0.0,
chbwre1,XC436248.ogg,1803.40576171875,7175.429999828339,-0.6154187765735251,-1.4695075960236035,1851.85546875,1801.717126738914,1799.999262316696,
chbwre1,XC440240.ogg,,
chbwre1,XC442516.ogg,3061.8558443509614,33278.70940216458,-0.682396600783532,-1.5229893032589752,3186.9140625,3056.351464405914,3050.7038968812367,
chbwre1,XC443578.ogg,2556.286424206149,307973.54838223936,0.7990752039344259,-1.360296467118372,2185.6201171875,2502.1035096838464,2454.3821693108325,
chbwre1,XC443579.ogg,2390.337189150528,6514.500073769295,1.5366211039231747,0.5958208310509661,2347.119140625,2389.0285046600175,2387.7634498309394,
chbwre1,XC443580.ogg,2984.3994140625,32808.48285844249,1.0363585008303582,-0.90587731732268,2874.6826171875,2979.2004318853674,2974.215324272242,
chbwre1,XC443581.ogg,2946.2870034826806,24839.144482915275,1.5378592027566873,0.4112686619748218,2863.916015625,2942.333621633431,2938.5865482988065,
chbwre1,XC507057.ogg,3022.18505859375,19243.860648228572,-1.69777693483306,0.9151185696538469,3090.0146484375,3018.909877368,3015.4586675071114,
chbwre1,XC513179.ogg,2488.87939453125,59.71621383320201,-0.2282688235636075,-0.8927335640138407,2487.0849609375,2488.868392588874,2488.8573856124112,
chbwre1,XC523524.ogg,,
chbwre1,XC523525.ogg,,
chbwre1,XC529437.ogg,1095.2232623922414,367489.4615699504,-1.2037810080967757,-0.5431466168689303,43.06640625,602.1503754324249,149.94918467768449,
chbwre1,XC529438.ogg,36.6064453125,92.73576736450195,-0.84375,-0.921875,43.06640625,35.395242032084795,33.99979440789474,
chbwre1,XC529462.ogg,32.2998046875,115.91970920562744,0.0,-1.5,21.533203125,31.056252954373395,29.815204326923077,
chbwre1,XC535637.ogg,2888.0593039772725,12519.544761497658,-0.7699953555430031,-1.3797965684954976,2971.58203125,2885.8807095254424,2883.659623464365,
chbwre1,XC538309.ogg,,
chbwre1,XC574412.ogg,2603.9794921875,16458.05102128249,0.9443453177684181,-1.1017612552598033,2530.1513671875,2601.1283588190827,2598.3623444847185,
chbwre1,XC606220.ogg,2759.3902587890625,15799.404195648558,-1.1494396141075525,-0.47776636906352987,2853.1494140625,2756.484117902095,2753.4750037682943,
chbwre1,XC63361.ogg,4084.130859375,381.8531597361845,0.6411897309977962,0.2831632653061229,4080.5419921875,4084.086794540959,4084.0428157676174,
chbwre1,XC63362.ogg,2686.395263671875,274367.9688332311,0.7073043616062323,-1.4983374812467811,2314.8193359375,2639.74175233305,2597.641565259826,
chbwre1,XC63363.ogg,3014.6484375,3836333.7962329388,-0.9036477217925238,-1.1829252494932814,4231.2744140625,1251.2227096549748,205.29091204801188,
