#filename,mean,variance,skewness,kurtosis,mode,gmean,hmean
chswar,XC101583.ogg,4543.047706117021,6622.328919243964,-2.057812185512099,5.211808549227808,4543.505859375,4542.316120707878,4541.5655734270495,
chswar,XC101584.ogg,4970.769942434211,441774.8054548314,1.4759515627009805,0.6090770728726729,4812.6708984375,4931.812096650654,4897.240983841126,
chswar,XC101585.ogg,4697.9296875,2747.589342734393,-0.47228168025364653,-0.8718317825296111,4726.5380859375,4697.644605102868,4697.358517028056,
chswar,XC101586.ogg,4696.837116109914,99472.81529163495,-0.7823421320715194,-0.24592518149832276,4823.4375,4686.206676037542,4675.16182147811,
chswar,XC110127.ogg,4640.6813401442305,51965.507210990196,0.058879697561220974,-1.784351650383676,4392.7734375,4635.231819138487,4629.79637058532,
chswar,XC122261.ogg,34.453125,81.14379644393921,-0.3436215967445456,-1.153061224489796,32.2998046875,33.416205961751636,32.2998046875,
chswar,XC132403.ogg,,
chswar,XC133793.ogg,5603.118896484375,195107.15055724847,-0.8873705495131154,-0.70768947931573,4834.2041015625,5585.573537156192,5567.17763339058,
chswar,XC134507.ogg,4756.726792279412,108500.93873388627,-2.9038845643704976,7.282863703546793,4888.037109375,4743.742804822398,4728.650337337762,
chswar,XC135118.ogg,4758.837890625,115.91970920562744,0.0,-1.5,4748.0712890625,4758.829771002123,4758.821651379249,
chswar,XC135534.ogg,4933.154296875,201568.8827345448,-0.6488542294424052,-0.4549085734559055,5286.4013671875,4912.069150720835,4889.9728973495585,
chswar,XC135535.ogg,4837.459120639535,69863.8972986576,-0.3710853572762663,-1.4955494707946586,5038.76953125,4830.300956976213,4823.048316723043,
chswar,XC135536.ogg,4875.570518092105,139751.03889641011,-1.4145992961370184,0.5601129465317345,4037.4755859375,4860.905369654462,4845.100839666969,
chswar,XC137609.ogg,6396.340110085227,116823.98330081593,-2.68992802696068,5.580447181061546,6438.427734375,6386.697051183827,6376.035827565097,
chswar,XC137632.ogg,4723.4619140625,31982.799768447876,0.94066788026735,-1.1033755117151296,4608.10546875,4720.621427954628,4717.84333567124,
chswar,XC138238.ogg,,
chswar,XC139462.ogg,7358.558067908654,176441.6866119091,-0.1387747813095598,-1.9438759089056525,7665.8203125,7347.425873234787,7336.252573865513,
chswar,XC139621.ogg,5387.100758272059,347309.08639290754,2.1654978120336623,3.0968176885467917,5017.236328125,5360.623058022118,5337.571424989011,
chswar,XC144697.ogg,5705.362601902174,245480.984190236,-0.23353284107215003,0.3204219895138607,5727.83203125,5683.821205852721,5661.739557791471,
chswar,XC166427.ogg,5050.3974609375,187344.79722976685,0.9904312886662682,0.7229274416855636,4941.8701171875,5033.396368199645,5017.141177141825,
chswar,XC177059.ogg,2993.115234375,1065418.0473089218,1.3506580619989716,0.5352495566086999,2325.5859375,2868.780928525683,2770.066115673594,
chswar,XC177099.ogg,5927.01416015625,735742.3943281174,-1.1545790851141544,-0.6667596389461741,6352.294921875,5875.175377422238,5818.162225468112,
chswar,XC177100.ogg,5640.720436789773,10304.208332842047,-1.3956771444173846,0.34067275307700484,5437.1337890625,5639.876481203203,5639.018805643384,
chswar,XC179363.ogg,5605.5234375,393461.69482759526,-0.534771796023763,-0.8976085895892534,5803.1982421875,5569.140230745619,5531.080785977644,
chswar,XC179718.ogg,5269.1748046875,13575.853943824768,-1.1417857618399054,-0.4537351977921893,5351.0009765625,5267.95232365101,5266.709698852631,
chswar,XC179837.ogg,5804.177024147727,493457.5563018971,-1.5657935067301962,0.6063977955059525,6050.830078125,5759.899638303558,5709.621371189022,
chswar,XC179963.ogg,5144.779146634615,674282.6561973646,0.18069273523811866,-1.895372108666506,4349.70703125,5084.993975402236,5026.875529562723,
chswar,XC179964.ogg,4459.109595514113,535287.0530582244,2.11051432119434,2.6591860976543957,4220.5078125,4411.240883390903,4372.092648147484,
chswar,XC182692.ogg,4778.966754415761,447480.4656927848,0.05072632610132032,-0.7572209816713071,3843.6767578125,4732.2813910459645,4685.220896294664,
chswar,XC182693.ogg,6520.815641983696,423007.97157607996,-1.333383681578401,0.7934034016478093,5867.7978515625,6486.502462015485,6448.586620786918,
chswar,XC184517.ogg,6075.727844238281,4524.249650537968,0.7798481270934772,-0.9734091556997004,6018.5302734375,6075.380707709813,6075.035495655744,
chswar,XC187789.ogg,4725.392702792553,755076.9654001824,-0.8052914265745938,1.4494885953098517,4812.6708984375,4632.722067566694,4520.7949395439655,
chswar,XC194081.ogg,8274.13330078125,405.71898221969604,0.0,-1.2685714285714287,8247.216796875,8274.112869627448,8274.092438450314,
chswar,XC195311.ogg,5788.088809742647,134911.5215032431,-0.12065297402711253,0.866672976064355,5749.365234375,5776.3913531403405,5764.512652405518,
chswar,XC195312.ogg,6502.5146484375,41307.712376117706,0.27668463947772265,-1.8413577144215043,6309.228515625,6499.5057187249095,6496.514755362618,
chswar,XC195313.ogg,6350.679931640625,261725.65480752997,-1.7258122982284136,1.3207623408104263,6621.4599609375,6329.068151462181,6305.280732954502,
chswar,XC195314.ogg,6989.83154296875,27556.40779550259,0.4179560370145777,-0.3822589702177148,6772.1923828125,6988.0118389498275,6986.2027726963015,
chswar,XC195315.ogg,6622.998046875,46869.650423526764,0.12681232347500543,-1.5235910137890836,6330.76171875,6619.635555016175,6616.282205472343,
chswar,XC196662.ogg,,
chswar,XC202251.ogg,5661.576021634615,31017.26077519931,0.027563388802406295,0.07197645506498684,5469.43359375,5658.940410402311,5656.302378994494,
chswar,XC216954.ogg,,
chswar,XC216959.ogg,,
chswar,XC216960.ogg,,
chswar,XC216961.ogg,,
chswar,XC236536.ogg,5421.397986778846,408184.50526549265,-0.1576856673299084,-1.949825034222329,6018.5302734375,5386.106916894875,5350.610561845532,
chswar,XC243427.ogg,,
chswar,XC243582.ogg,3633.4113625919117,1150272.979149047,0.3570961409754359,-1.864021120617722,2734.716796875,3491.1759346279937,3362.908577551252,
chswar,XC244533.ogg,14.35546875,28.97992730140686,0.7071067811865475,-1.5,10.7666015625,13.565067944424776,12.919921875000002,
chswar,XC245891.ogg,24.224853515625,65.86347113956104,0.9145228263963673,0.8351999999999995,21.533203125,23.038658131091076,21.836487676056336,
chswar,XC252963.ogg,6408.819580078125,163272.91041612625,-1.148731657089336,-0.6707167546412611,5749.365234375,6397.1319752826275,6384.906998788098,
chswar,XC253563.ogg,5402.025305706522,25936.69129925754,-0.8434301008285587,-0.07650190974241067,5415.6005859375,5399.688943958253,5397.312035041641,
chswar,XC253752.ogg,5006.937839673913,555091.8365961949,0.5305764800121673,-0.2780492684715492,4037.4755859375,4955.529589336304,4905.736049468677,
chswar,XC269770.ogg,6895.828857421875,46458.26230789626,0.4602345054827894,-1.36875498502848,7202.8564453125,6892.49998041856,6889.2028099405325,
chswar,XC296176.ogg,5322.860995205966,900298.3251620422,1.173319410614249,0.2573764752348402,4791.1376953125,5248.6716705900035,5182.222467429216,
chswar,XC296192.ogg,4522.194648034794,74321.38876471015,1.845667936221305,5.036645259097563,4586.572265625,4514.567207613458,4507.386673665152,
chswar,XC296485.ogg,4660.558143028846,1379.9294937960046,-2.865706200130494,12.9577078169126,4672.705078125,4660.4116562999525,4660.262866308636,
chswar,XC296492.ogg,6488.671875,38.63990306854248,-0.7071067811865475,-1.5,6492.2607421875,6488.669889274552,6488.667902817169,
chswar,XC301191.ogg,,
chswar,XC31034.ogg,50.244140625,77.27980613708496,0.6260990336999411,-0.9600000000000004,43.06640625,49.635284289407764,49.062994462025316,
chswar,XC31035.ogg,44.6044921875,55.19986152648926,-0.13416407864998736,-0.6100000000000003,43.06640625,44.05333757059157,43.48050631009615,
chswar,XC31036.ogg,21.533203125,0.0,0.0,-3.0,21.533203125,21.533203125,21.533203125,
chswar,XC31037.ogg,32.2998046875,38.63990306854248,0.0,0.49999999999999956,32.2998046875,31.760870205871853,31.186018318965516,
chswar,XC31038.ogg,33.6456298828125,47.609880566596985,-0.05439506453662819,-0.3137996219281658,32.2998046875,32.993103770725206,32.2998046875,
chswar,XC31188.ogg,35.888671875,38.63990306854248,0.7071067811865475,-1.5,32.2998046875,35.55053507721021,35.23615056818182,
chswar,XC31189.ogg,1949.5830829326924,8904709.818707064,0.8332445852882404,-1.3055248589659332,21.533203125,168.70937457061459,43.97180446580594,
chswar,XC315091.ogg,10.3179931640625,55.22986145123191,0.050174164646135506,-0.8120111610692655,10.7666015625,0.0,0.0,
chswar,XC315280.ogg,5840.88134765625,529939.8306012154,-0.20802775054287503,-1.0883335015848454,4780.37109375,5798.969697894944,5756.171768782875,
chswar,XC317664.ogg,4755.19624597886,113212.41406558688,-1.3752846713415203,1.6044616477369722,4683.4716796875,4742.574171201491,4728.974048080348,
chswar,XC318457.ogg,5020.46630859375,17466.524183750153,1.4737979036040132,0.21973472306288544,4941.8701171875,5018.9378643767795,5017.446217699812,
chswar,XC321693.ogg,4828.82080078125,435166.8994214909,0.264110971702068,-0.6804206596452018,3768.310546875,4784.4558837174745,4740.473867791798,
chswar,XC324408.ogg,4807.71826171875,27788.60388994217,-0.5332544274937409,-1.3774608168244864,4931.103515625,4804.849570561293,4801.9458839256995,
chswar,XC330193.ogg,5398.832927766393,216157.50876704196,1.9057315641108659,3.8805419828837424,5081.8359375,5380.898744113501,5364.50981563659,
chswar,XC330194.ogg,5900.09765625,66847.03230857849,-1.1506975332336349,-0.6697463998128903,5512.5,5895.719402523833,5891.2121962439915,
chswar,XC330441.ogg,5886.220703125,397154.740431092,-1.3231545595368852,1.3671708185575957,6319.9951171875,5849.221183039892,5807.534638303132,
chswar,XC361024.ogg,4691.897715692935,209571.83790772327,0.9476322602186797,-0.8006374086943024,4295.8740234375,4671.6745691754795,4652.617509270436,
chswar,XC368775.ogg,5307.9345703125,128670.87721824646,-2.54808386726272,5.414783619802925,5383.30078125,5295.137861768836,5280.655202485644,
chswar,XC368786.ogg,4871.7333984375,21045.369323562172,-0.7868167961267659,0.4086386921559937,4812.6708984375,4869.600107901897,4867.430789871952,
chswar,XC368801.ogg,4697.364068800403,1271068.8351585015,-1.2897566158574625,-0.30100795483430876,2627.05078125,4527.873472368166,4319.878317089207,
chswar,XC370542.ogg,6122.607421875,105762.93468475342,-0.7153731876899501,-1.4399264680244594,6319.9951171875,6114.3370013601,6105.868149801288,
chswar,XC371479.ogg,3102.3193359375,4221518.5832977295,-0.5704374309166513,-1.472617174914672,258.3984375,1794.817932945119,744.4525159839812,
chswar,XC373629.ogg,,
chswar,XC375011.ogg,4893.42041015625,1215.809043063674,-0.14128358059989196,-0.3161538045535668,4898.8037109375,4893.298917446194,4893.177337042971,
chswar,XC377737.ogg,53.8330078125,115.91970920562744,0.0,-1.5,43.06640625,53.10544554588561,52.37806165540541,
chswar,XC381042.ogg,,
chswar,XC383967.ogg,5510.9619140625,544877.8331279755,0.848515318530541,-1.1699359661833992,4995.703125,5471.176848190388,5434.162253114208,
chswar,XC389103.ogg,5480.2001953125,65726.47511959076,0.7082776430840506,-1.4752089107247837,5318.701171875,5474.975687704665,5469.8618598967405,
chswar,XC404844.ogg,,
chswar,XC404845.ogg,,
chswar,XC408506.ogg,6539.6337890625,2700.9292244911194,-1.302641798205298,-0.007303505314152137,6449.1943359375,6539.467555086801,6539.300288749593,
chswar,XC419887.ogg,4341.09375,2227801.101057153,-2.5746716756403876,4.838269141098461,4780.37109375,2708.8738448142253,139.80204310303048,
chswar,XC419978.ogg,,
chswar,XC419979.ogg,,
chswar,XC420880.ogg,5744.580078125,1156041.4999723434,-0.8017627199962767,-0.9708649890783811,4026.708984375,5643.997250696544,5533.042325028595,
chswar,XC420914.ogg,5777.952417834052,105123.11719723059,-2.0173935456934564,3.57881737781426,5910.8642578125,5768.246923718466,5757.7020524846885,
chswar,XC425817.ogg,4130.3375244140625,97.28975594043732,-0.39104231763265346,-0.46627433227704795,4134.375,4130.327213084409,4130.316895700211,
chswar,XC425818.ogg,4167.503004807692,1112.1158563173735,1.5163795864644227,0.8614327781208604,4155.908203125,4167.375714078244,4167.249422691524,
chswar,XC425819.ogg,4180.3125,1580.9240341186523,-0.0426173710357511,-1.193926336568771,4123.6083984375,4180.135958693091,4179.959366771116,
chswar,XC425820.ogg,5445.7470703125,253781.7313671112,0.2488106336635111,-0.4839589856614843,5404.833984375,5424.92155567043,5404.241215143677,
chswar,XC425822.ogg,150.732421875,0.0,0.0,-3.0,150.732421875,150.73242187500009,150.73242187500003,
chswar,XC444951.ogg,,
chswar,XC447905.ogg,,
chswar,XC450536.ogg,51.041666666666664,201.45590488727277,0.694815224687091,-0.15977156678312232,43.06640625,49.24979422446478,47.571892350964355,
chswar,XC452513.ogg,5659.832442434211,177476.86733053214,-1.8327292109642987,2.4361605486489104,5738.5986328125,5642.955361601511,5624.298416156492,
chswar,XC453797.ogg,44.091796875,311.8792176246643,0.819734189591116,-0.21370976583914159,32.2998046875,41.02622758957053,38.31407132590277,
chswar,XC454297.ogg,,
chswar,XC459985.ogg,0.0,0.0,0.0,-3.0,0.0,0.0,0.0,
chswar,XC475091.ogg,5224.493408203125,407697.8972554207,2.2664195004446617,3.1394077878718107,4984.9365234375,5195.22662482421,5170.261527754071,
chswar,XC476559.ogg,7482.7880859375,1418095.4825878143,-3.2188423397869212,10.857456752661363,7170.556640625,7330.936651557764,7064.10377149086,
chswar,XC479477.ogg,4003.8299560546875,880771.4745104313,-0.4138665553600835,-1.2088162968168543,2971.58203125,3889.990494906953,3767.5451243832845,
chswar,XC479484.ogg,5076.990966796875,900701.9365131855,-1.4529987561848787,1.9035278580195403,6050.830078125,4968.168579019081,4826.563155244609,
chswar,XC479501.ogg,4797.881610576923,320424.3543423139,0.4670259344697984,2.456867676260032,4909.5703125,4764.995236466071,4731.638136188351,
chswar,XC486863.ogg,5205.65185546875,343091.4273262024,-0.02124861872386325,-1.95693167702539,4586.572265625,5174.609003942998,5143.686724617327,
chswar,XC497163.ogg,,
chswar,XC52368.ogg,4995.10498046875,4315.925643724554,1.2587606268617668,0.4265427309885501,4931.103515625,4994.7012465937905,4994.301764149772,
chswar,XC52991.ogg,5474.260001346983,35724.684174718524,1.6110741736410175,0.8129549232266062,5361.767578125,5471.218651469019,5468.284210468628,
chswar,XC554198.ogg,5619.124086441532,3418776.357904558,-1.8994028620649803,2.5880859282621334,538.330078125,4881.553676771399,3236.976773226217,
chswar,XC556588.ogg,5791.81640625,126495.28832295362,0.9257668106359563,-0.5382883850818869,5469.43359375,5781.569269038039,5771.685041931798,
chswar,XC557313.ogg,4120.01953125,540.9586429595947,0.3380617018914066,-0.96,4091.30859375,4119.964885334048,4119.910302178963,
chswar,XC561373.ogg,376.06201171875,28471.02703956457,0.2957579368197252,-1.487384430303213,204.5654296875,340.91304004145917,309.42814210735594,
chswar,XC561395.ogg,5735.5224609375,74718.53256225586,1.9987294320639994,2.0729235598949165,5598.6328125,5730.24459313762,5725.259677509108,
chswar,XC561396.ogg,5582.248853600543,112092.98425983536,1.3558520108742294,1.447915192184329,5490.966796875,5573.094492690539,5564.362169979536,
chswar,XC561397.ogg,3527.3043118990386,782912.7990740995,3.169902557704862,8.062038216367247,3316.11328125,3457.8379976164483,3411.098730042447,
chswar,XC561404.ogg,5501.7333984375,114381.1385198073,-0.7052227419896382,-1.4959173177781624,5738.5986328125,5491.92341852934,5481.85014458643,
chswar,XC563737.ogg,5299.560546875,272672.8790539962,-0.7135754240205731,-0.920393932677861,4651.171875,5273.442773538545,5246.028695832988,
chswar,XC563740.ogg,3191.220703125,166050.71271093268,1.0730313620653384,2.5427566618781574,2885.44921875,3167.924464364211,3145.7210488402384,
chswar,XC563741.ogg,4569.252080502717,510636.5110252215,0.9330427369090551,0.18324112582378005,4769.6044921875,4518.449988398195,4471.407363782106,
chswar,XC566130.ogg,91.51611328125,38.63990306854248,0.0,-2.0,86.1328125,91.35764370212912,91.19944852941177,
chswar,XC566141.ogg,5160.791015625,322599.0307331085,-0.8002810949095435,-0.5819561922770582,5135.6689453125,5129.603941116459,5096.40549301858,
chswar,XC566151.ogg,0.0,0.0,0.0,-3.0,0.0,0.0,0.0,
chswar,XC567897.ogg,5674.693642893145,45517.3072353486,-2.3378232052273855,3.7874858670567617,5749.365234375,5670.570550084996,5666.192276072581,
chswar,XC567903.ogg,4649.8798828125,263459.61028933525,0.2768124520526999,-1.4091528368306783,4091.30859375,4623.060410206838,4596.761969328582,
chswar,XC567912.ogg,288.74067826704544,3867.503025315024,0.5159615362849193,-1.6128302979456366,236.865234375,282.98204491368915,277.67451213334743,
chswar,XC568385.ogg,4200.557933134191,12735417.912878135,-0.23555731063021954,-1.9421653752879862,7364.35546875,1625.6623070141657,518.8084109631948,
chswar,XC568387.ogg,4739.996337890625,106.25973343849182,-0.49338220021815865,-1.371900826446281,4748.0712890625,4739.987926035034,4739.979508967853,
chswar,XC568406.ogg,4815.234375,274554.72725629807,0.2843393909773497,-1.3253370534968065,4242.041015625,4788.459130531266,4762.189512618713,
chswar,XC568574.ogg,5320.719909667969,16324.876047670841,0.7530577259916237,-1.3113688572033353,5221.8017578125,5319.2980408460635,5317.892813284346,
chswar,XC570039.ogg,5829.700646033654,169124.35899881218,-0.603026704214355,1.97026655878678,5534.033203125,5815.1944885510875,5800.009352480338,
chswar,XC572404.ogg,,
chswar,XC574076.ogg,5247.821044921875,205124.31633743373,0.014331258833557863,-1.700721443366467,4758.837890625,5229.871431721808,5211.961898117963,
chswar,XC574472.ogg,5062.787334735577,464358.6613324972,0.8201353369308432,-0.56959867361094,4220.5078125,5021.227237891293,4982.262331459346,
chswar,XC599827.ogg,33.27858664772727,2143.4608047658744,0.5837582781953613,-1.63626752290704,0.0,0.0,0.0,
chswar,XC600736.ogg,4721.15478515625,193.1995153427124,0.0,-1.3599999999999999,4705.0048828125,4721.139439316087,4721.124093461957,
chswar,XC600738.ogg,4188.2080078125,24333.05895846823,1.7432984794806354,1.1326245890960562,4102.0751953125,4185.535731713141,4182.9723259893835,
chswar,XC600739.ogg,4900.070369944853,556277.3188843447,0.2262433612987853,-1.0674832744968565,4069.775390625,4844.169466602681,4789.194016153685,
chswar,XC600740.ogg,4937.982177734375,552908.6225595273,-0.0523429009282013,-1.6788502472770757,4123.6083984375,4881.973228862416,4825.935197925521,
chswar,XC600741.ogg,4952.63671875,257.5993537902832,0.0,-1.3,4931.103515625,4952.613312961687,4952.589907129139,
chswar,XC603539.ogg,0.0,0.0,0.0,-3.0,0.0,0.0,0.0,
chswar,XC611928.ogg,5471.5869140625,29524.74993467331,1.1256199649010326,-0.3758806753412758,5361.767578125,5469.472261697194,5467.401269384189,
