#filename,mean,variance,skewness,kurtosis,mode,gmean,hmean
comrav,XC110257.ogg,1111.3151550292969,887.9776917878659,0.04765241171502078,-0.7665962863046323,1087.4267578125,1110.9282114343127,1110.5413859359996,
comrav,XC110324.ogg,5107.67578125,4393121.827483177,-1.1295948994891907,-0.3235365161566177,1302.7587890625,4421.164344883006,3465.460260633308,
comrav,XC110331.ogg,1425.498046875,609.4064712524414,0.5564574350513408,-0.5637405482041586,1410.4248046875,1425.2997298440603,1425.1025999870717,
comrav,XC112544.ogg,63.72664168074324,28203.126006835213,5.786555618657794,31.67524973156916,43.06640625,37.08290679466931,31.590627339071865,
comrav,XC113616.ogg,1457.692811547256,13092.424327280463,-0.8990827439689455,1.4934994416079164,1388.8916015625,1453.0458507166147,1448.0920707480136,
comrav,XC11556.ogg,979.7607421875,351313.99869918823,-0.6296753880636649,-1.4278471697342645,1281.2255859375,668.7864395359298,368.83486116833103,
comrav,XC115767.ogg,1376.5869140625,5525.930753121009,-0.3973635620674558,-0.4696595495307645,1324.2919921875,1374.6920066951413,1372.765444999792,
comrav,XC116979.ogg,1071.9497680664062,8902.15066820383,-3.1699359479315348,9.000505622930817,1098.193359375,1067.1385596850794,1061.1776261159644,
comrav,XC116983.ogg,447.8108723958333,288713.72291674983,0.3782344880932911,-1.854091218767573,10.7666015625,0.0,0.0,
comrav,XC119597.ogg,997.44873046875,6823.339806153224,1.9747007927981313,2.1112824736578766,958.2275390625,994.5657537105324,991.9550143735383,
comrav,XC121414.ogg,451.12060546875,302280.77517685137,0.6291232396927006,-1.6023714103429683,53.8330078125,165.1587940537434,84.77635151384577,
comrav,XC122382.ogg,19.73876953125,19.31995153427124,-1.788854381999832,1.2000000000000002,21.533203125,19.18390306151805,18.45703125,
comrav,XC124410.ogg,1374.5361328125,6901.086688041687,-0.7291883922242735,-0.978959783008067,1410.4248046875,1372.0700835802386,1369.5309298647503,
comrav,XC124411.ogg,1320.703125,7637.2608412867,0.020116727823659773,-1.8092113680190316,1227.392578125,1317.9306534064754,1315.1642706420516,
comrav,XC124413.ogg,1374.43359375,3395.3759530011343,-0.7477498243884132,0.47666002697929244,1399.658203125,1373.2053802538526,1371.9475884023784,
comrav,XC124414.ogg,1096.0400390625,97.88775444030762,-0.5071295169770312,-0.3213296398891967,1098.193359375,1095.9997297952143,1095.9593006487135,
comrav,XC124416.ogg,1205.2927117598683,66737.21363669945,0.08234609006601827,-1.9558777033677737,936.6943359375,1179.0541901660417,1153.6246895315478,
comrav,XC125485.ogg,1139.2410278320312,776.1790528893471,-1.8375218333265795,3.200023698435091,1141.259765625,1138.9118582131052,1138.5725100977197,
comrav,XC127296.ogg,1545.00732421875,521.6386914253235,0.0,-2.0,1528.857421875,1544.922914757844,1544.8385099085365,
comrav,XC130433.ogg,1071.27685546875,38.63990306854248,0.0,-2.0,1065.8935546875,1071.2633295020005,1071.2498037060302,
comrav,XC130898.ogg,266.8098449707031,232323.54679355217,1.3887890315813776,-0.02713759177114694,21.533203125,40.55486060543438,19.07133653655745,
comrav,XC133922.ogg,1393.1982421875,494.59075927734375,0.4688476460795927,-1.0032552083333333,1367.3583984375,1393.039219534136,1392.8809352697301,
comrav,XC134518.ogg,792.761872944079,114840.50349185342,1.3022720868086028,-0.010822034894461652,624.462890625,739.4009024248479,700.0830141924552,
comrav,XC136131.ogg,1175.35400390625,343.8951373100281,-1.0480877914669628,0.07650549173084142,1173.5595703125,1175.2308318945602,1175.1063921180398,
comrav,XC137046.ogg,1378.125,115.91970920562744,0.0,-1.5,1367.3583984375,1378.096961404644,1378.068922809302,
comrav,XC137826.ogg,1132.4507279829545,301781.1556837776,2.844528889780058,6.0948602539913495,958.2275390625,1064.5271242675585,1027.792952375057,
comrav,XC138437.ogg,1835.107421875,1859952.5403059446,1.3322168642671453,-0.2176997265291285,1108.9599609375,1512.0927292902913,1338.6178157411741,
comrav,XC138702.ogg,1543.8370414402175,3474.842192156042,-0.6469392760167382,-1.2372387592299536,1593.45703125,1542.7422566362334,1541.6297152080951,
comrav,XC139025.ogg,1029.5562744140625,25268.42661201954,2.2267008375123343,3.041398697084131,979.7607421875,1020.6388285654944,1013.2841410740242,
comrav,XC140810.ogg,38.87939453125,56.44456428640029,0.6619833773858554,-0.6732129183370117,32.2998046875,38.23288264398662,37.63084041262136,
comrav,XC142509.ogg,34.453125,81.14379644393921,-0.3436215967445456,-1.153061224489796,32.2998046875,33.416205961751636,32.2998046875,
comrav,XC143170.ogg,1102.03857421875,2852.606177330017,3.0676438410609403,8.039970134710465,1087.4267578125,1100.898845880947,1099.857804138355,
comrav,XC143435.ogg,1168.17626953125,691.059804879702,-0.08226265519417575,1.405119667013527,1173.5595703125,1167.9010320719308,1167.6250921371675,
comrav,XC143436.ogg,1376.33056640625,312.6319430091164,1.5626036163689263,1.6035854058830958,1367.3583984375,1376.2277589071923,1376.1262380289927,
comrav,XC143619.ogg,1152.0263671875,1947.451114654541,0.0071087621646874185,-1.5761904761904761,1108.9599609375,1151.2132641154196,1150.4003994959771,
comrav,XC146343.ogg,1191.86279296875,13963.172972202301,1.4948143567427352,0.24883766348682856,1130.4931640625,1187.0287285875622,1182.617576082035,
comrav,XC146802.ogg,2918.466796875,1415.3244495391846,0.6807486578007976,-0.9415098288798944,2896.2158203125,2918.2417367538974,2918.017936596762,
comrav,XC147252.ogg,911.8483323317307,489.35951086191034,0.8755838937455843,0.11148841044123659,893.6279296875,911.5937179000915,911.3424642457022,
comrav,XC147527.ogg,1121.3829627403845,789.145712669079,0.0891102360828228,-1.1315873471863118,1098.193359375,1121.058502161889,1120.7344362653103,
comrav,XC147748.ogg,1081.4453125,97252.84779773038,-0.7028100096803455,-1.499187615342354,656.7626953125,1031.0926414632368,975.6186735617647,
comrav,XC149157.ogg,1195.9209735576924,5785.582409455226,-1.1259440011045871,-0.4769637309986612,1216.6259765625,1193.5765826178845,1191.120551856467,
comrav,XC151623.ogg,2202.8466796875,6738591.543674469,1.4980151366598822,0.2472716009061262,925.927734375,1421.7727946803184,1144.1889787324146,
comrav,XC152520.ogg,1073.583984375,761.7580890655518,1.303307713841588,0.8004095778197855,1065.8935546875,1073.2859073834888,1072.9937410972857,
comrav,XC153308.ogg,4017.73681640625,2647045.879662037,-1.22950496542345,-0.4876946445357895,4931.103515625,3473.093578192132,2751.618740151481,
comrav,XC153940.ogg,1162.79296875,66.23983383178711,0.0,-1.0000000000000002,1162.79296875,1162.7680452598884,1162.7431212355852,
comrav,XC154376.ogg,869.2236328125,868.8458204269409,0.5701213486584606,-0.18563489616044704,872.0947265625,868.7624152398275,868.306379604829,
comrav,XC154513.ogg,952.4853515625,10331.20608329773,0.7638623443452355,-1.3005015383655474,882.861328125,947.6602939195265,943.0911857063766,
comrav,XC156774.ogg,1958.44482421875,655035.2287888527,1.4986023005629636,0.2482492655587487,1561.1572265625,1846.6238113615534,1768.7743352494629,
comrav,XC157318.ogg,851.9970703125,1206.6689729690552,0.1269596160753753,-1.5820182329705208,829.0283203125,851.3378749292068,850.6809688918172,
comrav,XC157667.ogg,1030.0883448401162,42391.953191091845,2.2351870137449916,3.582326829852766,968.994140625,1014.2378999661864,1001.8111346781557,
comrav,XC163613.ogg,1069.6935317095588,433.8465587181203,-0.35726136492764693,-1.0009707388808935,1087.4267578125,1069.5017599518414,1069.3090945341041,
comrav,XC163615.ogg,721.0149949596774,380854.0799502405,0.01646290296818408,-1.6985174167827044,21.533203125,274.8756348647725,67.23734074298781,
comrav,XC163643.ogg,1123.5265395220588,709.1558680814854,0.3730213748271396,-0.2126854890902341,1119.7265625,1123.2310332302982,1122.9370329617607,
comrav,XC163644.ogg,1415.3940054086538,593153.7212546055,0.9311214161956229,0.9944022654349558,1238.1591796875,1071.94736640786,327.45102513228755,
comrav,XC165407.ogg,1002.83203125,33.119916915893555,0.19201160638565623,0.3786982248520707,1001.2939453125,1002.8167077492991,1002.8013942168499,
comrav,XC165815.ogg,764.8699650998975,168103.5003304288,0.39494966863815745,-1.7641822530855777,452.197265625,661.3947188592679,579.4169561969484,
comrav,XC167827.ogg,35.327911376953125,293.42176392674446,0.8470274737559013,-0.9499335540110967,21.533203125,31.90792503199221,29.280276203966007,
comrav,XC167910.ogg,1004.1272615131579,938.203962225663,0.4106038380441027,-1.2095490577700567,968.994140625,1003.6880263135946,1003.2522800742024,
comrav,XC168257.ogg,1244.140625,589.4479330848245,1.144640296010212,1.7123994686791653,1216.6259765625,1243.9199705422025,1243.7023103122065,
comrav,XC168909.ogg,982.8369140625,17695.84894180298,0.7823268274385242,-0.5717799414381304,1130.4931640625,974.6354771709143,966.9377111122742,
comrav,XC168911.ogg,1156.8115234375,93521.44539356232,1.3304986698483514,-0.21952503461497663,1001.2939453125,1126.9203352447093,1102.8164534933942,
comrav,XC169295.ogg,1137.7866683467741,7939.627566645223,1.8284333156010748,6.615348764051394,1022.8271484375,1134.6529258111213,1131.7168425981693,
comrav,XC169598.ogg,957.0821559175532,101.97931864435866,-2.0246683583397154,6.1233518096508295,958.2275390625,957.0292533438267,956.9755707020903,
comrav,XC169999.ogg,1185.6719970703125,38632.31308758259,2.2056135353502753,2.9922560597584953,1130.4931640625,1173.947467330812,1164.3758106099342,
comrav,XC170400.ogg,1013.675537109375,210.79083963444359,-0.40992646820122575,-0.897388587189857,1012.060546875,1013.5763698714661,1013.476814077739,
comrav,XC171696.ogg,954.339599609375,371.9550669193268,0.4353713537155061,-0.37044304030950004,968.994140625,954.1511544417023,953.9637233773341,
comrav,XC171883.ogg,58.9471435546875,588.4411392303614,0.2374876131999501,-0.6463626756584109,53.8330078125,53.561844602824166,47.74420120100303,
comrav,XC171884.ogg,102.51677139945652,1126.2080839028943,-0.26062331080429646,-0.22919183867493054,75.3662109375,95.63322975766148,85.2895773383723,
comrav,XC171886.ogg,31.22314453125,269.19132471084595,2.160532067041979,3.5441954167715943,21.533203125,28.704629471039063,27.077680576347305,
comrav,XC172619.ogg,1121.2646484375,4228.309392929077,0.47328663766741436,-1.5857443298406835,1065.8935546875,1119.6738334675724,1118.1108005523174,
comrav,XC174593.ogg,1478.61328125,77.27980613708496,-0.6260990336999411,-0.9600000000000004,1485.791015625,1478.5914543129363,1478.5695776918762,
comrav,XC174594.ogg,1387.09716796875,22887.32376168756,-2.1826873664762703,3.2637609105322207,1442.724609375,1377.7776301752017,1366.6731430921327,
comrav,XC176260.ogg,1279.2680220170455,11309.548356316305,1.187403531783937,0.12301949756400132,1205.859375,1275.4721432675267,1271.8932016906788,
comrav,XC176932.ogg,1162.79296875,14345.064014196396,0.5980775892291276,-1.578546066727885,1065.8935546875,1157.1940922185786,1151.8300720214581,
comrav,XC183028.ogg,1045.0332641601562,165942.44471937418,-2.1352087928173504,2.843274267380176,1162.79296875,690.148138029095,105.88841106469845,
comrav,XC186315.ogg,1016.0980224609375,64.16983902454376,-0.6604840139049142,-0.7388137356919873,1022.8271484375,1016.0703018829594,1016.0424904212177,
comrav,XC187475.ogg,1686.3189697265625,10761.903002858162,-0.5107221789690332,-1.7314921518819315,1561.1572265625,1683.46846860619,1680.5655858157868,
comrav,XC188381.ogg,2086.029052734375,89808.79470705986,-2.9367538903299226,6.8127253499864935,2142.5537109375,2058.2635348802737,2019.4383258914484,
comrav,XC188462.ogg,1449.005126953125,21718.260063366455,-2.107190102703251,3.3897683770263596,1518.0908203125,1440.9483734574906,1431.499820035565,
comrav,XC189032.ogg,1456.182861328125,3583.851009607315,-1.0806098772534491,-0.7230839648069978,1367.3583984375,1455.235180111283,1454.2628875492283,
comrav,XC190128.ogg,1176.1784733952702,223811.36936110418,2.9495265502997032,7.733819856643157,1012.060546875,1120.3899827748658,1086.8738279985607,
comrav,XC192226.ogg,1059.8642578125,99952.54206061363,-0.5626955352234807,-1.6529049149315007,645.99609375,1007.4297461179457,951.2140730674499,
comrav,XC192227.ogg,1464.2578125,3918.0861711502075,0.31703538476730964,-1.0552326599208712,1453.4912109375,1463.0505704916302,1461.8529152460076,
comrav,XC192229.ogg,1374.5361328125,819.1659450531006,0.5313002945185141,-1.495194019223923,1356.591796875,1374.2894442701142,1374.0444268055205,
comrav,XC192230.ogg,1315.31982421875,251.15936994552612,-0.3053162697580516,-1.1517159763313605,1324.2919921875,1315.2400773727368,1315.160149021777,
comrav,XC192237.ogg,1049.74365234375,392.8390145301819,-0.6758537716491559,-0.4348293469497446,1055.126953125,1049.5738357297969,1049.4026009452464,
comrav,XC192239.ogg,1193.947390292553,1265.0656528315808,0.3064566422986305,-0.48888342105301863,1162.79296875,1193.4259587524298,1192.9072411486216,
comrav,XC192247.ogg,1199.1943359375,1350.1886129379272,0.40033277620316937,-0.4724963546203891,1195.0927734375,1198.661987100452,1198.1334345644357,
comrav,XC192253.ogg,1013.85498046875,65.68783521652222,-0.2282688235636075,-0.8927335640138407,1012.060546875,1013.8279534244652,1013.800895516615,
comrav,XC192804.ogg,1416.884765625,81504.80353832245,-0.3419214435086949,-1.820789965000183,1658.056640625,1388.4554287071965,1359.2259841313662,
comrav,XC195205.ogg,1134.08203125,38.63990306854248,0.7071067811865475,-1.5,1130.4931640625,1134.0706979223821,1134.0593885548105,
comrav,XC196071.ogg,211.1190132472826,2558.022673893352,-0.7620522458505549,-0.9098970323570934,236.865234375,204.2764142452189,196.44841254628042,
comrav,XC197024.ogg,1232.3617788461538,48582.24735810206,0.4804644948536181,-1.6623006868287526,1033.59375,1214.967113901681,1198.6491374090388,
comrav,XC197025.ogg,1121.52099609375,59.71621383320201,1.312545735490743,2.0968858131487895,1119.7265625,1121.4967302561467,1121.472601528278,
comrav,XC198252.ogg,1442.724609375,9866.055250167847,-1.099022193869469,-0.3172153331197296,1507.32421875,1439.4840802849503,1436.078332187155,
comrav,XC199732.ogg,337.8021240234375,195802.87881195545,0.5166068449167858,-1.7319607910179415,21.533203125,72.55018048080615,24.35165929568457,
comrav,XC199733.ogg,711.7919921875,263150.6198644638,-0.6989773568375061,-1.4995219651465161,32.2998046875,315.0845826160288,78.90541975704859,
comrav,XC199736.ogg,179.80224609375,37595.81221404829,0.4086194552499116,-1.8052353686126965,21.533203125,71.99051038483026,31.774543281387572,
comrav,XC201341.ogg,539.1582782451923,105.51665837948137,0.44677542737487036,-0.6862725649672599,538.330078125,539.068417780296,538.9790260704666,
comrav,XC204424.ogg,1009.5272288602941,196.04068468598757,2.0306305791615644,4.8060869565217255,1001.2939453125,1009.4374511592353,1009.3492385718893,
comrav,XC205111.ogg,939.7705078125,220.79944610595703,1.0984683939467716,0.21687499999999993,936.6943359375,939.6708655317627,939.5722666949948,
comrav,XC205528.ogg,700.7790958180148,11004.417100373437,3.8806890778992,13.47832895971019,678.2958984375,695.1763623573249,691.0471931594011,
comrav,XC206307.ogg,1072.55859375,33112.188935279846,-4.0343276447898395,14.907275835438195,1098.193359375,1042.45734065044,979.1963711966032,
comrav,XC207803.ogg,940.0071364182693,22328.63272520212,1.0011600884770877,-0.927467124938004,850.5615234375,929.5898742485322,920.2188296693458,
comrav,XC208552.ogg,408.3026592548077,265028.8361989535,0.5641578504231746,-1.527220027186819,0.0,0.0,0.0,
comrav,XC209295.ogg,1235.0830078125,607.1984767913818,0.8274271039321607,-1.1607438016528924,1216.6259765625,1234.8744106673435,1234.6679361235424,
comrav,XC209766.ogg,837.0263671875,44924.63459688074,0.42314542583284437,-1.7903772117003898,667.529296875,812.2941013008732,789.8024773461586,
comrav,XC209767.ogg,989.7848195043103,16455.970334054768,-2.000066743395022,2.202595331134363,1022.8271484375,979.7950162471384,967.7000055362206,
comrav,XC210861.ogg,1131.1660766601562,223.6284390091896,0.9654133191982258,0.34240958347522277,1130.4931640625,1131.0741483125792,1130.9829561142394,
comrav,XC210862.ogg,995.91064453125,305.6065060875633,-0.3327245797772466,-1.0344827586206902,1001.2939453125,995.7694461457552,995.6277049756782,
comrav,XC210864.ogg,682.781982421875,35565.39623574777,0.004938058984455217,-1.9900508911032637,506.0302734375,658.4891929197,635.0669081804203,
comrav,XC210865.ogg,1177.5970458984375,1079.9852907657623,-0.06310275766031054,-0.5792288171120803,1184.326171875,1177.1663593241897,1176.7348926311843,
comrav,XC211044.ogg,1372.74169921875,1675.566705790433,-1.8038292926091992,2.9611961552153785,1356.591796875,1372.1617225086395,1371.5603095849665,
comrav,XC212616.ogg,1147.48046875,137925.9536374699,-1.697843140247402,1.3733867776109792,1378.125,1032.0478168043792,819.940427278969,
comrav,XC212912.ogg,1071.9790251358695,1831.806313850192,0.5914027220264295,-0.24768906464237306,1087.4267578125,1071.1730024841102,1070.3781035754366,
comrav,XC213233.ogg,1260.589599609375,20463.96866440773,0.7585759000912907,-0.9281718137444592,1141.259765625,1253.075480670024,1245.95992978843,
comrav,XC213774.ogg,1055.126953125,3292.1197414398193,-1.27676713112933,0.10950208292005525,1087.4267578125,1053.7674487161912,1052.3473407205875,
comrav,XC215579.ogg,1328.13720703125,759.8473246280963,-1.8405077852304046,1.8090200660601203,1335.05859375,1327.8648259928843,1327.5855578661192,
comrav,XC215818.ogg,1157.2240369073277,2944.5319237380195,0.11602172586149029,-0.4993271872275038,1162.79296875,1155.997439787899,1154.7726005659774,
comrav,XC217404.ogg,1256.8212890625,8155.227541923523,0.7500476518605796,-1.2194245379538973,1195.0927734375,1253.8896177568229,1251.059322255854,
comrav,XC217405.ogg,1010.1605583639706,119.32911241755767,-0.3816194202660585,-0.8982653061224459,1012.060546875,1010.1048149978415,1010.0489195076174,
comrav,XC217619.ogg,1018.98193359375,438.8388991355896,-0.9063649707338939,-0.9790382140246598,1033.59375,1018.7795277945995,1018.5746866034559,
comrav,XC218146.ogg,1130.4931640625,540.9586429595947,0.0,-1.2499999999999998,1098.193359375,1130.2880394132999,1130.0828961489235,
comrav,XC229922.ogg,1026.05712890625,1083.2052826881409,-0.05313871007421379,-1.4969806908428192,990.52734375,1025.5813310898588,1025.1050176362876,
comrav,XC233980.ogg,1367.3583984375,5131.379127502441,-1.32413149927731,3.7165045725068957,1367.3583984375,1365.5047968780186,1363.544539156472,
comrav,XC234576.ogg,738.6495240977113,109141.64823713434,-0.31192600899169864,-1.899869349877327,355.2978515625,652.8924718427078,569.454973867664,
comrav,XC234578.ogg,1128.33984375,81.14379644393921,0.3436215967445456,-1.153061224489796,1119.7265625,1128.3111240922203,1128.2824509872707,
comrav,XC234579.ogg,954.638671875,96042.23906993866,-0.6980857241921592,-1.499044955626274,527.5634765625,897.4785487452791,834.2432928224184,
comrav,XC235407.ogg,1166.1929481907894,4806.628055965917,-1.7396259437612263,2.8120209503690763,1205.859375,1164.0283878351518,1161.6897716614326,
comrav,XC235408.ogg,1042.2898512620193,630.7815560927759,1.0851376540335547,-0.5294246716463862,1022.8271484375,1042.003713430452,1041.7223960501549,
comrav,XC235576.ogg,1251.0791015625,4370.1730370521545,1.377116441994151,0.08839504956764577,1205.859375,1249.738696145691,1248.4542907827404,
comrav,XC235624.ogg,1129.0888247282608,551.1913445627265,-0.9324104821529557,-0.12938663316772114,1141.259765625,1128.852280805151,1128.612646256169,
comrav,XC237692.ogg,1056.024169921875,473.3388125896454,0.1583873535523794,-1.2005121832845134,1055.126953125,1055.8191084923483,1055.6144508204302,
comrav,XC237693.ogg,4971.271221454327,372422.7399615141,-0.31994663062269824,-1.2106081116358283,4360.4736328125,4933.963593384884,4895.554659971944,
comrav,XC237694.ogg,1126.904296875,30.911922454833984,-0.7071067811865475,-1.5,1130.4931640625,1126.8928429787643,1126.8813648162939,
comrav,XC239552.ogg,913.2886803668479,53509.087586120164,-2.8136720426919295,6.189711898383926,947.4609375,850.4025037508311,718.1028007946377,
comrav,XC239557.ogg,857.9023881392045,197100.8910103278,-0.6442742720108574,-1.3885513556983502,1065.8935546875,691.6820589768373,511.82842217693246,
comrav,XC239648.ogg,1115.419921875,1768.6035633087158,2.247135955170786,4.915604090392627,1087.4267578125,1114.717021824891,1114.0489349002619,
comrav,XC243359.ogg,4442.2998046875,76309.94457006454,-0.40805082733628145,-1.8316342027735948,4640.4052734375,4435.317251497122,4428.238164380495,
comrav,XC243574.ogg,1446.2300145348838,3277.3313134215596,-0.5184796639544177,1.0208967491990055,1421.19140625,1445.1051213630374,1443.9603582470545,
comrav,XC243628.ogg,104.1827033547794,602.2245855254924,0.01701451297454805,-0.3724630260591213,96.8994140625,101.2105106814981,98.05239545347612,
comrav,XC243689.ogg,1180.7373046875,559.1421267565559,-1.1732077722363576,0.29625223081499064,1184.326171875,1180.510156291477,1180.2794458634376,
comrav,XC246425.ogg,1029.044481734155,22543.60789816145,-3.9582941986985816,25.5204384310601,958.2275390625,989.9031439453648,720.5437706142587,
comrav,XC246426.ogg,1128.265591325431,7297.802382502063,-0.14346048977765133,-0.0864513167948755,1108.9599609375,1125.0998697389334,1121.8879450353393,
comrav,XC246427.ogg,1173.5595703125,4495.866368798648,0.8916846600750115,0.040480676726089904,1152.0263671875,1171.7369825653998,1169.9692040725931,
comrav,XC246428.ogg,615.6538529829545,343968.40258078143,0.013733441833027733,-1.9788772125084415,43.06640625,224.02227981599262,78.08844703454086,
comrav,XC246430.ogg,774.2590862771739,312434.3144139754,-0.629071857096953,-1.590384939053922,21.533203125,313.2125490406672,71.3393412462754,
comrav,XC246432.ogg,825.79833984375,286225.2853481393,-0.8480948968880321,-1.242924551820845,1108.9599609375,392.6257547860201,93.77654301959441,
comrav,XC246433.ogg,1176.773481226679,36195.10344847572,-1.1093409300775494,4.371968047388922,1227.392578125,1157.8715588524117,1133.0711377932232,
comrav,XC253133.ogg,6.7291259765625,75.34781098365784,0.7636881181473386,-0.9506903353057199,0.0,0.0,0.0,
comrav,XC253810.ogg,1055.126953125,1777.435541152954,0.36529190369296577,-1.2079009297480805,1044.3603515625,1054.3298198794678,1053.5399781910126,
comrav,XC253953.ogg,1163.9892578125,360.6390953063965,0.8381742073369559,-0.6210937499999996,1152.0263671875,1163.8527089109489,1163.7173154065363,
comrav,XC254322.ogg,1418.499755859375,28.97992730140686,-1.1547005383792515,-0.666666666666667,1421.19140625,1418.4920751559166,1418.484375,
comrav,XC255135.ogg,959.30419921875,91459.3625664711,2.6613633626216338,5.094550836217556,861.328125,930.4801527857472,911.4961787671261,
comrav,XC262905.ogg,43.06640625,173.87956380844116,-0.28327886186626583,-0.8333333333333339,43.06640625,40.923138052004816,38.52270283830275,
comrav,XC265074.ogg,1230.46875,3342.5639225886416,-0.8813900345219173,-1.0549779707019633,1259.6923828125,1229.1719975493208,1227.8404995067235,
comrav,XC268320.ogg,1179.840087890625,1653.6122154105794,-0.40178655764874927,-1.678686991442284,1216.6259765625,1179.1917354221307,1178.5378308211011,
comrav,XC269469.ogg,883.4064725079114,54993.19797481509,-0.11545961899059323,-1.7308533132382582,645.99609375,851.171428374472,818.9731828172071,
comrav,XC270324.ogg,1250.2716064453125,2130.990654230118,0.39882919991241567,-0.6445768525467095,1227.392578125,1249.479328227353,1248.6938077227603,
comrav,XC27147.ogg,1146.64306640625,1542.2361311705215,0.5930598002942159,-0.8143021914648214,1108.9599609375,1146.006543982214,1145.3781100219776,
comrav,XC278922.ogg,909.0087890625,226.7440465780405,0.5895493827001665,-0.12321676555990457,904.39453125,908.8936690227806,908.7792352957814,
comrav,XC282681.ogg,1523.8330078125,32819.62966918945,-1.3582436423009774,0.7942575181646929,1464.2578125,1512.4649213428459,1499.645989501711,
comrav,XC282931.ogg,1184.326171875,92.73576736450195,0.0,-1.5,1173.5595703125,1184.2935449108284,1184.2609179466892,
comrav,XC282932.ogg,970.6505408653846,3608.9982339727735,0.02391348958851258,-1.3988387465524446,947.4609375,968.8372030156028,967.0250034886295,
comrav,XC282934.ogg,1014.2772001378677,715.0448372657287,-0.6364979436516396,-0.8188051078907903,1033.59375,1013.9311067213458,1013.5810759361025,
comrav,XC286373.ogg,1490.8154296875,5737.892364633494,-0.6695882772960364,-1.0776751960860675,1550.390625,1488.9102010489207,1486.9613941127288,
comrav,XC286414.ogg,1566.54052734375,7534.781098365784,-0.1869869327137057,-0.5211364858917307,1518.0908203125,1564.3152529966221,1562.0693522314089,
comrav,XC287158.ogg,982.6970880681819,48.47551475871693,-0.2500102734800662,-0.6247637051039625,979.7607421875,982.6746395602535,982.6521648949206,
comrav,XC287163.ogg,1196.5283203125,6820.494890213013,0.790670216353962,-0.7738412684406004,1130.4931640625,1193.9523423482817,1191.4624722397662,
comrav,XC289859.ogg,1153.1596936677631,552.4828245765285,-2.1784145389950034,4.454312168316443,1152.0263671875,1152.9258844433484,1152.6849652846035,
comrav,XC289862.ogg,1072.0458984375,148070.8685517311,-0.08869389592568698,-1.9682246862054564,1431.9580078125,1002.4809766197267,935.8766831472836,
comrav,XC289864.ogg,2570.91064453125,3845844.626220373,0.1444500784529637,-1.809505745661515,732.12890625,1785.1602209857897,1247.8843984688192,
comrav,XC290211.ogg,990.52734375,463.67883682250977,0.2983106733130747,-1.5585937500000002,968.994140625,990.3201008747318,990.1137114679892,
comrav,XC290293.ogg,1096.7578125,80.59179782867432,-0.5192376670957323,-0.02561456183148847,1098.193359375,1096.7234244253843,1096.688939276045,
comrav,XC290423.ogg,1026.5540489783655,51477.08944999254,-0.47975223769938885,1.131907699237865,936.6943359375,997.6838789973739,961.3715594632823,
comrav,XC290424.ogg,479.8828125,321671.6730594635,1.1256915420396116,-0.5083705814534221,161.4990234375,284.76156219476456,208.4927183819478,
comrav,XC291964.ogg,1312.5466086647727,17073.919350450687,-1.6095716397153335,0.6621362327525273,1378.125,1305.932223800788,1298.5780905225715,
comrav,XC293940.ogg,970.78857421875,270.47932147979736,-0.1302406588110148,-1.4521841794569068,958.2275390625,970.6606767000392,970.5325976515538,
comrav,XC293941.ogg,1229.78515625,80.4997980594635,-0.4129503602129438,-1.2696,1238.1591796875,1229.7560076744282,1229.7268036854134,
comrav,XC295272.ogg,67.08420973557692,176.85186404448288,0.3758492178579784,0.4742956005931793,64.599609375,65.86385918818227,64.62328090646757,
comrav,XC296250.ogg,1146.64306640625,85.7805848121643,0.0,-0.5975164353542728,1141.259765625,1146.607097822553,1146.5711272021192,
comrav,XC297333.ogg,39.15127840909091,168.61048611727625,0.38243795452661383,-0.42265624999999973,43.06640625,37.16635774735055,35.17800510519802,
comrav,XC297334.ogg,48.80859375,381.60235306312296,0.12156259294827226,-1.174834586935489,43.06640625,44.71904326979963,40.5618716362685,
comrav,XC299490.ogg,203.98345122466216,154.2115050393182,-0.004182722164261159,-0.8849713883892409,193.798828125,203.61452967311757,203.24472620257401,
comrav,XC301025.ogg,1322.2846596927966,38530.8179706141,-2.8613952373905054,6.4561828370121095,1388.8916015625,1301.468927599667,1271.683377052853,
comrav,XC301671.ogg,1091.1181640625,463.2891907411463,-0.14632690211528698,-1.1094310687893862,1108.9599609375,1090.9114840252691,1090.7043823537085,
comrav,XC302278.ogg,1123.3154296875,216.3834571838379,-0.6490630160730306,-0.39795918367346994,1119.7265625,1123.2347401132913,1123.1536225112566,
comrav,XC305061.ogg,1374.0875244140625,31.049922108650208,-0.5163977794943223,-1.7333333333333334,1378.125,1374.077625367789,1374.0677134445536,
comrav,XC306890.ogg,1061.279296875,419.51894760131836,-0.11846432727312264,-1.5292590027700832,1044.3603515625,1061.109619108975,1060.9397038956024,
comrav,XC306896.ogg,1285.9701900158898,664.6243993613123,-0.3479243240256517,-0.8581549751080959,1302.7587890625,1285.7149017031427,1285.4583764661281,
comrav,XC306902.ogg,1319.5420209099266,1750.6768917017441,0.8990775353357646,-0.05026398478545824,1291.9921875,1318.909484758689,1318.2881512738563,
comrav,XC306906.ogg,1053.076171875,1096.8212485313416,0.532117942245614,-0.744025521703858,1012.060546875,1052.5852022209178,1052.099299084466,
comrav,XC306924.ogg,1256.4453125,10940.730001064057,3.857551547856022,13.397954450466802,1227.392578125,1252.852882158488,1249.8678152358482,
comrav,XC307095.ogg,1426.57470703125,695.5182552337646,0.0,-1.238095238095238,1388.8916015625,1426.3613661734603,1426.1480085990956,
comrav,XC307098.ogg,1295.5810546875,38.63990306854248,0.7071067811865475,-1.5,1291.9921875,1295.5711315102562,1295.5612266919888,
comrav,XC307211.ogg,1234.0181790865386,78581.58075608886,-2.7406926988934477,6.2697150918489815,1313.525390625,1171.7090575466177,1049.7005715738237,
comrav,XC307453.ogg,940.7318115234375,270057.7325373888,0.0030371288497552332,-1.9954539366650481,452.197265625,805.4945590729811,689.7232012667333,
comrav,XC307857.ogg,1291.094970703125,18662.195002490826,2.959276577894338,6.890855546570883,1259.6923828125,1285.540091520367,1280.8899111140524,
comrav,XC307858.ogg,1326.983642578125,57.95985460281372,-0.32396954829362334,-0.7755102040816326,1324.2919921875,1326.9645108722548,1326.9453566135683,
comrav,XC308884.ogg,1065.8935546875,0.0,0.0,-3.0,1065.8935546875,1065.8935546875002,1065.8935546875,
comrav,XC309853.ogg,50.244140625,38.63990306854248,-0.7071067811865475,-1.5,53.8330078125,49.9741375884579,49.69200721153847,
comrav,XC310460.ogg,1282.2043678977273,3070.818478410895,-0.31788528543084854,-0.9864076531114563,1281.2255859375,1281.1048239957722,1279.994817674119,
comrav,XC315785.ogg,751.6682942708334,61830.11976572184,-2.4335473280524873,4.012027594226656,829.0283203125,629.150364239241,355.2472067500077,
comrav,XC315859.ogg,35.888671875,123.64768981933594,0.4861359120657514,-0.65625,32.2998046875,34.48651166650928,33.12800480769231,
comrav,XC318428.ogg,1834.62890625,2297.786235809326,-1.4581249961461293,0.1943232319169903,1851.85546875,1834.0512380359864,1833.4593801996489,
comrav,XC322199.ogg,1372.74169921875,83.71978998184204,0.0,-0.4852071005917158,1367.3583984375,1372.7142538346973,1372.6868073368732,
comrav,XC326492.ogg,1798.0224609375,14915.002584457397,-1.14878011571205,-0.671400574512067,1862.6220703125,1794.7609825311881,1791.3499492689134,
comrav,XC328160.ogg,1236.62109375,514.6325551546537,0.2967649050050538,-1.0884717184589747,1227.392578125,1236.4285099412393,1236.2365772879039,
comrav,XC330967.ogg,1305.7734375,3260.4350209236145,3.1346385520563085,11.856315457657464,1313.525390625,1304.6684198638482,1303.6465087118681,
comrav,XC331042.ogg,1155.1025390625,916.3177013397217,-0.26581465370997304,-1.7981201916098128,1119.7265625,1154.761029947132,1154.418119592554,
comrav,XC333120.ogg,1087.4267578125,77.27980613708496,0.0,-1.0000000000000002,1087.4267578125,1087.4001068288921,1087.3734551921475,
comrav,XC333122.ogg,1039.1401811079545,3043.7705462629146,1.4373008052150056,1.619932201829398,1001.2939453125,1037.7838449575781,1036.4879918423367,
comrav,XC333535.ogg,1190.7861328125,34.77591276168823,-0.40824829046386296,-1.8333333333333333,1195.0927734375,1190.7744369877519,1190.7627271569295,
comrav,XC334278.ogg,162.9671963778409,33749.30036874452,5.931462519317324,35.015243744373734,129.19921875,137.4499966434172,127.6577739157205,
comrav,XC334983.ogg,1060.400390625,74247.16517329216,-0.7026804937325751,-1.4392719810338441,1281.2255859375,1020.4423399385088,976.4507946990924,
comrav,XC336950.ogg,1096.1746215820312,2120.8476796746254,-3.4405644909857602,10.298687596277368,1108.9599609375,1095.172135014424,1094.063744732466,
comrav,XC337908.ogg,2203.564453125,1180700.1981139183,0.8990539034102722,-0.9144769651577449,1507.32421875,2005.9425502165923,1858.9792664680353,
comrav,XC338304.ogg,1222.00927734375,591.1905169487,-1.5978817649452524,0.8788927335640149,1227.392578125,1221.803683964431,1221.5940265033844,
comrav,XC338430.ogg,1119.0087890625,79.41166285810799,0.4937384326349653,-0.4461961172920139,1119.7265625,1118.9745750534898,1118.9404472719948,
comrav,XC339885.ogg,11.663818359375,72.88890806111422,-0.14018086215550815,-1.2550442734794598,10.7666015625,0.0,0.0,
comrav,XC340721.ogg,1.435546875,13.857068686649717,2.1572774865200244,2.653846153846154,0.0,0.0,0.0,
comrav,XC343290.ogg,932.5533353365385,319.5222753744859,1.2112145301024322,0.37063277447269005,925.927734375,932.3974743157657,932.2438679998389,
comrav,XC343495.ogg,1212.67822265625,52455.53379017731,0.028753153293761685,-1.9438300107571298,990.52734375,1191.6449987858864,1171.0146971912225,
comrav,XC346231.ogg,39.4775390625,38.63990306854248,-0.7071067811865475,-1.5,43.06640625,39.12842682807489,38.759765625,
comrav,XC346442.ogg,1144.8486328125,38.63990306854248,0.7071067811865475,-1.5,1141.259765625,1144.8374058467837,1144.8262023925781,
comrav,XC348304.ogg,147.50244140625,100516.55584573746,2.6074708472433143,4.923367764233851,21.533203125,51.9105572607055,33.889465166982156,
comrav,XC348305.ogg,1601.1474609375,606.6599415569771,-1.4373520753744555,3.3490791682993466,1604.2236328125,1600.9597025220653,1600.7690296717906,
comrav,XC348509.ogg,517.5393992456897,190356.15144104793,0.49679191360774205,-1.5810677287010166,64.599609375,337.5172372022091,217.41736759188015,
comrav,XC349392.ogg,1380.9163411458333,4044.6401100892294,0.46495009861813996,-0.6307961705380674,1313.525390625,1379.5232802044643,1378.147680339141,
comrav,XC349393.ogg,1354.107196514423,22277.984729179974,0.45164792109625584,-1.0487075440097235,1162.79296875,1346.3920964290544,1338.8972038356303,
comrav,XC351285.ogg,1437.1958139780406,34445.03683496166,-0.05834569672836089,-1.774131318942425,1259.6923828125,1425.40940346931,1413.6221686109147,
comrav,XC351286.ogg,1250.68359375,1416.8621599674225,0.4858983584277067,0.02788347945691161,1248.92578125,1250.1334669910916,1249.5879764496115,
comrav,XC352456.ogg,1143.65234375,51.51987075805664,-0.2099223256647563,-0.62109375,1141.259765625,1143.632304933943,1143.6122489140682,
comrav,XC352966.ogg,1183.428955078125,3318.6407658186827,-0.45018560605755875,-0.945423732397833,1098.193359375,1182.1234667749814,1180.7984401097883,
comrav,XC354261.ogg,1182.6438903808594,42569.52667849199,0.6853436125614798,-0.3318953965963507,1173.5595703125,1166.074451100089,1150.3414798202668,
comrav,XC356384.ogg,1159.8566228693182,11501.342784274708,-0.8355053625786216,-1.0416220754536194,1001.2939453125,1155.0997819869117,1150.1047027016107,
comrav,XC356711.ogg,851.4977496603261,2918.152679567752,2.649886564752407,5.5478204639805,829.0283203125,850.01630572378,848.6777178929549,
comrav,XC357957.ogg,873.9947150735294,5596.535372383453,-1.2129614095472854,0.057352977879473244,893.6279296875,870.7487520427276,867.2627218620551,
comrav,XC357963.ogg,999.755859375,325.6791830062866,-0.44936523721138494,-0.7283826486641765,990.52734375,999.6155144844134,999.4744397259785,
comrav,XC357965.ogg,1187.197265625,32564.606308937073,0.38413777499079865,-1.1931246352454086,1022.8271484375,1174.716852853276,1162.6642614197974,
comrav,XC358072.ogg,1030.1576005651596,862.3740068747974,5.590332316651325,33.14224703235149,1022.8271484375,1029.7859186654468,1029.4479980270614,
comrav,XC358074.ogg,1018.951171875,47.140681743621826,0.44393114927553273,-0.6670921795216338,1022.8271484375,1018.9290077010099,1018.9068861273998,
comrav,XC358147.ogg,1100.0315596417684,1413.6549903125294,-2.0486651217927303,2.718674600000015,1108.9599609375,1099.3737752259965,1098.6837872665499,
comrav,XC358148.ogg,1145.028076171875,6349.531344392083,-0.1906498369866813,-0.11816651929526767,1162.79296875,1142.2433764674042,1139.4170799562955,
comrav,XC358167.ogg,1135.6117123463114,7054.126041834471,-0.8744988325040732,-0.611922636833337,1141.259765625,1132.4091524283806,1129.0598199418723,
comrav,XC358172.ogg,1000.09765625,83.22440660916843,-1.3363062095621219,3.229591836734693,1001.2939453125,1000.0572602385986,1000.0165290110658,
comrav,XC358371.ogg,2588.0218505859375,776297.2825927578,-0.5306583387999884,0.5347887799672311,764.4287109375,2381.673920604451,2081.420151563687,
comrav,XC358549.ogg,1006.4619140625,1183.9897155761719,3.038859366415117,10.46670475116267,990.52734375,1005.9211613589891,1005.4131584255196,
comrav,XC360406.ogg,1091.6397758152175,492.5442189567173,1.1455752586907288,0.21296051919954762,1076.66015625,1091.427150606858,1091.2176618731119,
comrav,XC361338.ogg,1002.37060546875,758.630096912384,0.7227888682446657,-1.2297497124705623,979.7607421875,1002.0341640230306,1001.7019393595657,
comrav,XC362100.ogg,1359.283447265625,256.67935609817505,-0.17381158260655635,-1.3381893860561915,1345.8251953125,1359.2007208485998,1359.1178872286944,
comrav,XC362394.ogg,1326.08642578125,27901.522733948448,-1.7773975315697599,1.1792313384063773,1399.658203125,1314.7397339174076,1301.5283264323916,
comrav,XC362481.ogg,1157.40966796875,405.71898221969604,-1.204539518610761,0.1420408163265301,1162.79296875,1157.2616962180743,1157.1117987896673,
comrav,XC363084.ogg,1223.1795601222825,81.55615904585646,-0.11433684997818024,-0.5069751294028593,1227.392578125,1223.1476526083743,1223.1157258852966,
comrav,XC366283.ogg,1230.46875,64244.35883760452,-0.9133198247863671,-1.1132272311317606,1399.658203125,1201.6615178325571,1169.4166127753335,
comrav,XC368509.ogg,531.3083814538044,23727.802294987465,0.22957716599793354,0.3706494915085483,279.931640625,508.56834539468133,484.1782514705224,
comrav,XC368993.ogg,1009.368896484375,1316.5166974067688,0.01496323746637989,-1.063486412721016,1033.59375,1008.7979969608108,1008.2270150302058,
comrav,XC370026.ogg,2121.0205078125,57.95985460281372,0.0,-0.5,2121.0205078125,2121.009577139875,2120.9986463545906,
comrav,XC370539.ogg,1404.6274038461538,6155.633788842421,0.8522845993927601,-0.7892821495527782,1345.8251953125,1402.6617635145378,1400.7540197420037,
comrav,XC374527.ogg,1061.1831665039062,336.07367305986344,-1.0447424854334657,0.629761239242419,1065.8935546875,1061.027878278976,1060.8706748861612,
comrav,XC374528.ogg,1033.267489346591,590.3562463142655,0.2866569125172016,-1.0981060533244231,1012.060546875,1032.9915949335452,1032.7168690192848,
comrav,XC374529.ogg,906.8791316105769,312.0915247843816,1.9727122903173955,3.599659863945587,893.6279296875,906.724045611278,906.572601847894,
comrav,XC374530.ogg,1062.125244140625,1028.3298414004475,-0.7789953724522717,-0.4703990560771856,1087.4267578125,1061.6579090429907,1061.183108243567,
comrav,XC374531.ogg,1062.125244140625,1028.3298414004475,-0.7789953724522717,-0.4703990560771856,1087.4267578125,1061.6579090429907,1061.183108243567,
comrav,XC374532.ogg,1041.668701171875,50338.13372254372,1.1529376182530584,-0.6680525132444797,925.927734375,1025.6759508710059,1011.8376183700506,
comrav,XC374533.ogg,1223.0859375,22905.734539031982,0.46730689241582346,-0.9793609686002611,1162.79296875,1214.8842279632202,1206.936704167828,
comrav,XC375571.ogg,2951.84326171875,48751.96570158005,1.7835157185336457,1.190389488037055,2853.1494140625,2945.4672776630678,2939.5737841790947,
comrav,XC375910.ogg,1435.3579872532894,1520.5140803989611,0.4658432994956128,-0.8558897955476032,1410.4248046875,1434.8600380690252,1434.3659898986475,
comrav,XC378450.ogg,2.9363458806818183,25.291572917591445,1.0206207261596574,-0.9583333333333339,0.0,0.0,0.0,
comrav,XC378917.ogg,16.748046875,894.6623710485605,4.397960043206967,18.93166190218651,10.7666015625,0.0,0.0,
comrav,XC379126.ogg,48.44970703125,38.63990306854248,0.0,-2.0,43.06640625,48.1497059608109,47.8515625,
comrav,XC379127.ogg,37.68310546875,38.63990306854248,0.0,-2.0,32.2998046875,37.29660186220092,36.9140625,
comrav,XC381913.ogg,1114.34326171875,135.23966073989868,0.0,-1.1292517006802718,1108.9599609375,1114.2886448530694,1114.2340260024014,
comrav,XC382095.ogg,1164.3310546875,441.59889221191406,1.0939504280644987,0.3010937499999997,1152.0263671875,1164.1704280248384,1164.0117030256745,
comrav,XC383430.ogg,1176.251220703125,1272.5968075835187,-0.9203242642866559,-0.10410744044701481,1195.0927734375,1175.7227886112498,1175.1842260533715,
comrav,XC383435.ogg,1244.619140625,34.77591276168823,-0.40824829046386296,-1.8333333333333333,1248.92578125,1244.6079512640079,1244.5967490792896,
comrav,XC383526.ogg,3033.3902994791665,529205.5073151223,-1.4937516893619,1.570902504843744,3348.4130859375,2911.338612684937,2733.1810526800123,
comrav,XC383527.ogg,2587.9510176809213,1342.2282118546334,-0.7421598699723954,-0.2689730639730459,2605.517578125,2587.703615968474,2587.454480718585,
comrav,XC383803.ogg,873.6648559570312,212734.81240060102,-0.8067452591629203,-1.339830597765752,1184.326171875,673.9783932862284,457.7792696891653,
comrav,XC383935.ogg,1363.0517578125,39041.75806045532,-1.4474698957960166,0.1823947513554991,1012.060546875,1349.8407322966252,1334.7955714687612,
comrav,XC383995.ogg,706.8128431165541,12681.720619266096,3.706004256638572,12.361100848996067,667.529296875,700.4041882250405,695.6730243579489,
comrav,XC383996.ogg,1010.3605571546053,1729.3051355763484,1.7516424436672806,1.787687889899816,990.52734375,1009.5851552223758,1008.8438143491863,
comrav,XC384768.ogg,28.7109375,38.63990306854248,-0.7071067811865475,-1.5,32.2998046875,28.216478389797928,27.685546875000004,
comrav,XC385374.ogg,880.5207625679348,389.4535684774044,-0.21554283664993204,-1.4626809688581326,893.6279296875,880.3085086902696,880.0955843973898,
comrav,XC385668.ogg,1089.3843217329545,513.67380654333,0.6652822874193839,0.09547811899074077,1087.4267578125,1089.1558950767285,1088.9294212063767,
comrav,XC387407.ogg,265.93505859375,10047.662794589996,0.4062873830379267,-1.8216220722230645,183.0322265625,249.95923018175915,236.19480281518838,
comrav,XC388850.ogg,1284.3017578125,221.6486747448261,1.097991113264914,-0.09591755846214856,1281.2255859375,1284.2222733291196,1284.1434302520006,
comrav,XC388855.ogg,1118.7477805397727,8797.25211316889,2.774921922846653,5.870355055791789,1098.193359375,1115.6219094380283,1112.8915820401858,
comrav,XC389447.ogg,1244.619140625,34.77591276168823,-0.40824829046386296,-1.8333333333333333,1248.92578125,1244.6079512640079,1244.5967490792896,
comrav,XC389448.ogg,1263.9990234375,34.77591276168823,0.40824829046386296,-1.8333333333333333,1259.6923828125,1263.9880308282409,1263.97705078125,
comrav,XC390194.ogg,1182.1728515625,793.4060096740723,0.7786133574479,-0.41094619666048215,1152.0263671875,1181.8742245014932,1181.5789803193484,
comrav,XC390197.ogg,1380.816650390625,985.3175282478333,0.4021148028980893,-1.5980509850999225,1356.591796875,1380.5061776235243,1380.1974977863797,
comrav,XC390235.ogg,1096.39892578125,59.71621383320201,0.2282688235636075,-0.8927335640138407,1098.193359375,1096.3739870284064,1096.3490732285518,
comrav,XC390236.ogg,1235.467529296875,4974.887520074844,-1.1012038049920219,-0.7075275709303424,1130.4931640625,1233.8991750693028,1232.272949465366,
comrav,XC390237.ogg,1279.2422645970394,9009.500755948327,-1.0891847946802689,1.10738897387216,1248.92578125,1275.5932756726295,1271.7034395729854,
comrav,XC390238.ogg,1434.111328125,81.14379644393921,-0.3436215967445456,-1.153061224489796,1431.9580078125,1434.0886660180076,1434.0659745321877,
comrav,XC390239.ogg,867.7880859375,223817.77453422546,-1.4996346144180186,0.24951696472980656,1076.66015625,493.3429374914801,99.70903702663672,
comrav,XC390817.ogg,746.484375,38.63990306854248,0.7071067811865475,-1.5,742.8955078125,746.4671757363791,746.4500317733253,
comrav,XC391420.ogg,1255.6549072265625,925.2876788377762,-1.8265426923903851,2.0457637043376433,1270.458984375,1255.3232257965299,1254.9820271149488,
comrav,XC393100.ogg,881.3232421875,132.47966766357422,-0.5953924651018015,-0.640625,882.861328125,881.2585016934261,881.1934437620858,
comrav,XC393478.ogg,868.7301635742188,521.1556926369667,-0.31266983092691136,-1.6095413234888654,839.794921875,868.4473846099017,868.1631348814478,
comrav,XC393774.ogg,0.0,0.0,0.0,-3.0,0.0,0.0,0.0,
comrav,XC397148.ogg,2.1533203125,23.18394184112549,1.5,0.25,0.0,0.0,0.0,
comrav,XC398478.ogg,1190.606689453125,9599.381373687223,1.2081586073175896,-0.3462409195274785,1152.0263671875,1187.1235619980057,1183.8512305273857,
comrav,XC399763.ogg,1215.9926470588234,6382.4028127333695,0.35456018882880463,-1.5408295901647746,1324.2919921875,1213.5552337243748,1211.1554899218102,
comrav,XC399764.ogg,1222.607421875,199.14411581479587,0.3468367260916207,0.835709512140788,1227.392578125,1222.5291846425507,1222.451129656676,
comrav,XC399787.ogg,1098.193359375,1898.8752365112305,-0.013232630377121682,0.11364250946457544,1098.193359375,1097.3662016991773,1096.5367448225213,
comrav,XC399788.ogg,1055.126953125,15857.816219329834,0.0,-1.992459218220991,936.6943359375,1048.8457666042777,1042.601405378014,
comrav,XC399789.ogg,1375.3163213315217,16146.744949073187,-1.1943667278001897,0.16729281645093996,1453.4912109375,1369.2268368090902,1362.6424598326607,
comrav,XC405074.ogg,1693.9453125,1169374.5065253715,2.0092536482068097,2.5270370716698647,968.994140625,1489.444724680391,1366.6878601034841,
comrav,XC405393.ogg,899.01123046875,38.63990306854248,0.0,-2.0,893.6279296875,898.9951126572574,898.9789951347306,
comrav,XC406729.ogg,30.599814967105264,209.46894821367766,3.1130159573099387,9.783187230967421,32.2998046875,28.673163764834147,27.427767108938546,
comrav,XC406822.ogg,1174.2324829101562,17457.025207579136,3.592860531449432,10.968645893549487,1141.259765625,1168.6620943126961,1164.210500023569,
comrav,XC407197.ogg,1208.935546875,60624.73407158485,-0.22652750278513356,-1.8557056928759135,1453.4912109375,1184.646850378846,1160.0366901698553,
comrav,XC407482.ogg,167.37171519886363,4730.460860512473,0.23938889057003276,-0.7397960371532202,183.0322265625,152.3918926978464,136.95379286263346,
comrav,XC407898.ogg,1049.4269875919117,1603.4526620956665,-1.382301847890563,1.641959825698792,1055.126953125,1048.6574567293962,1047.8585444663056,
comrav,XC408872.ogg,1287.0982776988637,11357.12060061368,-1.7015928068670085,3.158608134504517,1335.05859375,1282.4014431296391,1277.133978303259,
comrav,XC409244.ogg,973.7441119025735,310.46232278334264,0.7796865760089617,0.28373232632246204,968.994140625,973.5907508721785,973.4387394781593,
comrav,XC409783.ogg,1129.6649639423076,665.7952528733473,-0.35972885909193764,-1.0269351881377584,1087.4267578125,1129.3914155669324,1129.1163717404938,
comrav,XC414012.ogg,1270.458984375,324.57518577575684,0.7053867426838487,-0.8775510204081631,1259.6923828125,1270.3399839232654,1270.2217429235316,
comrav,XC417118.ogg,211.19103064903845,3320.709554335246,0.1589963302076927,-0.40533520749363117,215.33203125,203.03214717946372,194.37341528357902,
comrav,XC417734.ogg,292.8515625,81.14379644393921,-0.3436215967445456,-1.153061224489796,290.6982421875,292.73997357608937,292.62765529936394,
comrav,XC418245.ogg,1644.3536931818182,3280.8790423653345,-1.9341472065664556,5.009903371222446,1625.7568359375,1643.355058954182,1642.3063188845815,
comrav,XC418526.ogg,1256.859066611842,13519.245033201418,1.0434624698792279,0.9396732260822542,1248.92578125,1251.8452347992793,1247.0795366989034,
comrav,XC420738.ogg,985.14404296875,165.59958457946777,-1.073312629199899,0.5600000000000005,990.52734375,985.0698405104146,984.9949718675222,
comrav,XC421953.ogg,1125.5992542613637,2071.8013481660323,-0.5333614723976128,-0.21333420953772242,1130.4931640625,1124.7496622599733,1123.886902703868,
comrav,XC422534.ogg,1146.64306640625,38.63990306854248,0.0,-2.0,1141.259765625,1146.6304294803215,1146.6177926936618,
comrav,XC422535.ogg,167.39501953125,24701.80502138942,7.5126938923474125,61.433502977696676,118.4326171875,147.58690240232937,138.9848895444566,
comrav,XC422536.ogg,1069.808682528409,168.61048611727628,-0.3824379545265931,-0.42265625000001084,1065.8935546875,1069.7368210494733,1069.6647376593098,
comrav,XC42337.ogg,818.9346313476562,331.82016760110855,0.15560839574917595,-1.722024115990669,807.4951171875,818.7450909473113,818.5559940169043,
comrav,XC423886.ogg,931.46484375,7700.965152067297,1.0754427411576728,0.8114883816650318,861.328125,927.6667325380236,924.0713377794207,
comrav,XC429632.ogg,1469.3577816611842,20097.49484689612,-0.8033382281380816,0.09574242977124792,1162.79296875,1462.4669453861911,1455.1352246620695,
comrav,XC429633.ogg,1564.4340183423913,5516.037071646439,0.5774668167290051,-0.42993876306191137,1528.857421875,1562.7742428727481,1561.1409481451635,
comrav,XC430170.ogg,1120.9228515625,66.67277392219094,-0.17816579452322398,-1.146694214876033,1119.7265625,1120.8947390923859,1120.8666025025454,
comrav,XC430935.ogg,737.51220703125,34.77591276168823,0.0,-2.0,732.12890625,737.492559686403,737.4729128649635,
comrav,XC432040.ogg,1275.0732421875,4724.556148052216,-0.2710793511344519,-0.8670606290793579,1367.3583984375,1273.2879034805192,1271.4824813437647,
comrav,XC432755.ogg,1036.669921875,954.9576044082642,0.14822935761971928,-0.9271108289618759,1022.8271484375,1036.2759706785423,1035.8829191839436,
comrav,XC433222.ogg,1277.38037109375,403.17129630308887,0.3948271127611318,-0.46616203589317395,1281.2255859375,1277.234382029498,1277.0889431089543,
comrav,XC436428.ogg,1435.165080618351,6773.314072399863,-1.307439874123016,0.9467292490721344,1453.4912109375,1432.727048808201,1430.1536461710377,
comrav,XC437877.ogg,1064.5477294921875,2150.18460608047,0.11398723744162817,-0.6252350825238713,1033.59375,1063.581399508203,1062.6166818698318,
comrav,XC437888.ogg,1394.27490234375,1286.7087721824646,1.4751476698750978,0.5829072315558803,1378.125,1393.8989467434444,1393.5314491636254,
comrav,XC439091.ogg,28.7109375,77.27980613708496,0.6260990336999411,-0.9600000000000004,21.533203125,27.667975947293375,26.730872844827584,
comrav,XC443266.ogg,1234.5703125,965.997576713562,0.7071067811865476,-1.4999999999999998,1216.6259765625,1234.311966920505,1234.05614814649,
comrav,XC444941.ogg,2.691650390625,28.97992730140686,1.1547005383792515,-0.6666666666666665,0.0,0.0,0.0,
comrav,XC446890.ogg,1115.625,9939.83906507492,-0.3683693473309656,-1.462091073786861,990.52734375,1111.273913376826,1106.8312940205956,
comrav,XC447776.ogg,963.2941750919117,32198.403933468984,-2.310132800429687,3.466075028745651,1001.2939453125,940.679875933025,908.9125574396793,
comrav,XC448076.ogg,2551.6845703125,216963.05572986603,-2.031737554741706,2.1453941190790173,2734.716796875,2503.3351260981126,2440.613186364251,
comrav,XC448078.ogg,1583.45947265625,721.6320358789884,-0.2690311053437275,0.12404094761270068,1593.45703125,1583.247188270171,1583.0341914547062,
comrav,XC448380.ogg,1005.3314208984375,1157.127097249031,0.06764252439846238,-1.8154767809882841,968.994140625,1004.8284093359108,1004.3262759711776,
comrav,XC448411.ogg,1287.0982776988637,1619.8650273409755,-0.21624927852465411,-0.9419599876544895,1313.525390625,1286.4945250138212,1285.887813545707,
comrav,XC448748.ogg,1403.96484375,13812.477350234985,-1.2560995381303786,-0.15029937695479845,1475.0244140625,1399.2062398296139,1394.1104487136708,
comrav,XC450443.ogg,749.2575905539773,62.47620690952646,0.04886548437779921,-0.30918856147481266,753.662109375,749.2178023045611,749.1780223778682,
comrav,XC451187.ogg,1220.9326171875,34.77591276168823,0.40824829046386296,-1.8333333333333333,1216.6259765625,1220.921237283574,1220.9098708461706,
comrav,XC451188.ogg,1409.228515625,998.1974959373474,-0.010623223382258856,-0.6958064516129032,1399.658203125,1408.9135280965488,1408.5983787436871,
comrav,XC451189.ogg,1037.508877840909,30887.333425608544,-0.5276365572600387,-1.648667960847707,1173.5595703125,1023.0343080619203,1007.8613199660721,
comrav,XC452537.ogg,1132.8857421875,341.90459684892136,-0.04996726658288427,0.3217125633327078,1141.259765625,1132.738062554458,1132.5902350050021,
comrav,XC453191.ogg,1277.63671875,4749.195358969949,1.3958680518916962,1.475946220370436,1216.6259765625,1276.006690539656,1274.4467896574813,
comrav,XC453308.ogg,1129.1473388671875,2862.802818417549,1.46815260522201,1.3308143665802428,1130.4931640625,1128.0823613956156,1127.0599195951527,
comrav,XC453945.ogg,1182.9803466796875,4320.0791627168655,0.024732050645433535,-1.8810396529133162,1130.4931640625,1181.382693958768,1179.788059581624,
comrav,XC453983.ogg,1685.6460571289062,21993.349827826023,-3.593031886710994,10.969406310049397,1711.8896484375,1677.8771314138137,1668.0081169637094,
comrav,XC456862.ogg,1073.8916015625,1304.7299034455243,-3.656688775479786,15.916135417655845,1076.66015625,1073.2468970047355,1072.5405368396218,
comrav,XC457595.ogg,1032.6149680397727,645.1692906293,-0.05265271936267643,-0.6638883490721912,1012.060546875,1032.307821999655,1032.0002607462502,
comrav,XC459014.ogg,35.888671875,38.63990306854248,0.7071067811865475,-1.5,32.2998046875,35.55053507721021,35.23615056818182,
comrav,XC459016.ogg,37.68310546875,38.63990306854248,0.0,-2.0,32.2998046875,37.29660186220092,36.9140625,
comrav,XC463756.ogg,1343.597622575431,15114.102774652942,1.9120949169610668,2.099791724568383,1302.7587890625,1338.7026846440176,1334.2992637066325,
comrav,XC464162.ogg,1038.8315561655406,5220.390147454029,0.5713503420169658,-1.5939768129517538,979.7607421875,1036.4457776237018,1034.1248011597984,
comrav,XC464338.ogg,2474.2175590701218,230020.75126621785,-2.2696817003501852,3.9152044134868698,2616.2841796875,2406.1553071513435,2305.171529229985,
comrav,XC465374.ogg,1318.6639959161932,49621.661693235794,-3.9150729839559957,18.874246851341653,1281.2255859375,1263.6758609021824,1034.7706971011153,
comrav,XC466036.ogg,60.29296875,34.77591276168823,-0.40824829046386296,-1.8333333333333333,64.599609375,60.056136985211666,59.814453125,
comrav,XC466239.ogg,1467.4244600183824,3792.9610732723686,0.19572324900332763,-0.9737569498800669,1421.19140625,1466.2130188266308,1465.006947530567,
comrav,XC467664.ogg,1459.5474243164062,1011298.5160723329,1.6044274324710759,0.5853768471704455,979.7607421875,1255.391763066207,1145.2805106783394,
comrav,XC470979.ogg,2441.865234375,1295092.842578888,-0.3738904158771383,-1.7635669222614279,990.52734375,2120.1364244671013,1797.2877342427894,
comrav,XC471530.ogg,138.76953125,138334.07297730446,2.4739378909813676,4.122346781782934,10.7666015625,22.75089898579389,14.885791479974397,
comrav,XC471588.ogg,1376.33056640625,3467.3630665330325,-0.10902618782708616,-1.4963728706386705,1313.525390625,1375.1362844118742,1373.938443431462,
comrav,XC471909.ogg,1184.326171875,69.55182552337646,0.0,-1.1666666666666665,1184.326171875,1184.2994770192754,1184.2727817624393,
comrav,XC473366.ogg,1472.87109375,5181.611001491547,-0.40560483630798877,-1.8093103914238098,1528.857421875,1471.4462899377536,1470.0057180544104,
comrav,XC481739.ogg,1045.7495904737902,29974.842482997527,5.145458432805689,25.01396393994266,1001.2939453125,1036.6258773616873,1030.5391122111591,
comrav,XC482756.ogg,1261.3487830528845,1471.645292868981,-0.3125440360130011,-1.4745314169346655,1291.9921875,1260.7841112136803,1260.2159355546478,
comrav,XC482824.ogg,1299.8224431818182,257.13099132884633,0.10704722748486806,-1.5531443160440759,1313.525390625,1299.7325945682549,1299.6428221179192,
comrav,XC482848.ogg,1558.85009765625,8242.400861703432,-0.14893329839690791,-1.2553913987468561,1442.724609375,1556.3766595790269,1553.8877229493282,
comrav,XC482879.ogg,1409.0789794921875,10499.279046287904,0.25665814450769253,-0.20333212892791908,1410.4248046875,1405.4703286974961,1401.8835178931631,
comrav,XC484152.ogg,1260.76904296875,1109.1685859780562,1.4256726474471837,0.2764362244805332,1248.92578125,1260.361015165735,1259.9627423036761,
comrav,XC484153.ogg,818.26171875,57.95985460281372,0.0,-0.8750000000000004,818.26171875,818.2283834114548,818.1950463754545,
comrav,XC484155.ogg,819.9181189903846,54.987554366771995,-0.1790842002269759,-0.7534696859021159,818.26171875,819.8871318945191,819.8561109204213,
comrav,XC486743.ogg,983.5607192095588,709.1558680814856,-0.39335192369211613,-1.2096633459689377,990.52734375,983.218930462948,982.8747354511074,
comrav,XC490131.ogg,72.9736328125,225.3994345664978,0.1207363221040738,-1.1565306122448977,53.8330078125,71.58812420667743,70.20889115511788,
comrav,XC490935.ogg,1434.649658203125,720.3581929206848,1.7079861761898665,1.7621878715814505,1421.19140625,1434.4342215851937,1434.2229516821164,
comrav,XC493566.ogg,984.0673828125,11538.979053497314,1.3807197544485184,0.07361139854028442,925.927734375,979.0585309044318,974.4985209112299,
comrav,XC493931.ogg,1331.82861328125,6389.751970767975,1.4165447575557473,0.2516778219436331,1281.2255859375,1329.776856424682,1327.830006258615,
comrav,XC493932.ogg,1142.8548177083333,1691.5690898895264,0.0740281102531521,-0.25111420351620417,1108.9599609375,1142.1424167821199,1141.4301738332128,
comrav,XC493933.ogg,1174.826229319853,4635.083666619132,0.2670711750141965,-1.5995579443743848,1108.9599609375,1172.9855991993363,1171.1641259403643,
comrav,XC493934.ogg,1187.017822265625,5680.065751075745,-0.9867262527130578,0.18657781479938818,1238.1591796875,1184.6712620863836,1182.216706551681,
comrav,XC493935.ogg,1268.9208984375,1098.4772443771362,1.03298771552119,0.5894674376909674,1270.458984375,1268.5557469133787,1268.1963390544129,
comrav,XC493937.ogg,1012.060546875,9800.484505566683,0.42578816219038024,-1.5853902185223725,936.6943359375,1007.7233915379123,1003.5074645286578,
comrav,XC493939.ogg,1063.9935661764705,16739.317419774394,1.7983758935566523,2.1433038541301688,979.7607421875,1057.444918027973,1051.6637640227564,
comrav,XC493940.ogg,1306.2041015625,148461.46277189255,0.5575175626928511,-1.6061147988275921,979.7607421875,1255.804445557045,1211.5401983762536,
comrav,XC493941.ogg,1064.697265625,8011.339902877808,0.17383507570406215,-1.83142346930863,968.994140625,1061.3768341435534,1058.0938506857951,
comrav,XC493942.ogg,991.2451171875,3866.1983013153076,0.2800615115080874,-1.2161830671288103,968.994140625,989.4413336609058,987.6562522116991,
comrav,XC494102.ogg,1313.525390625,510.04672050476074,-1.281844557491957,0.3966942148760326,1313.525390625,1313.3613682280843,1313.1950979333694,
comrav,XC494458.ogg,699.06005859375,63746.286240907815,-1.4427001123861012,0.17953811448907953,818.26171875,625.8996609680835,515.5650921624239,
comrav,XC496345.ogg,1344.357022372159,24059.36146324331,0.8263879874828176,-0.8761090463820436,1205.859375,1336.26709459541,1328.6478890264943,
comrav,XC496700.ogg,1255.84716796875,1259.193764283107,-0.02020379519657564,-1.14815215647626,1205.859375,1255.3812415843654,1254.9150256973378,
comrav,XC499807.ogg,1421.19140625,741.8861389160156,-1.5426077504910314,0.7734374999999991,1431.9580078125,1420.9698735496484,1420.7442708850156,
comrav,XC501506.ogg,819.7998046875,55.19986152648926,-0.13416407864998736,-0.6100000000000003,818.26171875,819.7709239553983,819.7420197380242,
comrav,XC508635.ogg,1161.4471435546875,6056.804805994034,-0.6927625467761919,-1.1711972406004134,1195.0927734375,1158.9220963592709,1156.320145969846,
comrav,XC508639.ogg,709.99755859375,33.71520954019883,-0.0666964958206249,0.5855321297815932,710.595703125,709.9751243652364,709.9526792670084,
comrav,XC512192.ogg,768.27392578125,46.49526797808134,-0.38479281269960736,-0.66691686995684,764.4287109375,768.2457640625348,768.217538935652,
comrav,XC512288.ogg,983.349609375,955.4594213312322,-0.5180632284783436,-0.7934688581314879,968.994140625,982.8992915541706,982.4440429595219,
comrav,XC512831.ogg,44.075775146484375,129.8254001284799,0.8076911506437042,0.13825414944734815,32.2998046875,42.75536813504652,41.54554263565892,
comrav,XC517802.ogg,1208.343975360577,144380.970115845,-0.4680636303660672,-1.7696308135927759,1518.0908203125,1145.5733278991552,1079.7409613373952,
comrav,XC518671.ogg,17.2265625,34.77591276168823,-0.40824829046386296,-1.8333333333333333,21.533203125,16.319116353297986,15.380859375,
comrav,XC521181.ogg,1004.4105931332236,3339.163686015019,0.1588252466629998,-0.96563576073022,968.994140625,1002.7978244861372,1001.1919566156654,
comrav,XC522552.ogg,24.52392578125,65.53630618488087,0.3709140563882263,0.029870693975742046,21.533203125,23.189905941713917,21.73444801401869,
comrav,XC522854.ogg,1131.390380859375,1652.2758551265883,1.434440933242413,1.6329782023623638,1098.193359375,1130.7124716171,1130.0556351473708,
comrav,XC524644.ogg,1366.5301983173076,30013.34916242222,-0.7450542451491924,-0.7424910251854069,1453.4912109375,1354.9875597573305,1342.6064306712121,
comrav,XC531952.ogg,905.47119140625,1840.5473828315735,0.7666159699981532,-0.0888062482584826,893.6279296875,904.5753320329637,903.6979490473615,
comrav,XC533177.ogg,1136.773681640625,459620.7688206976,2.9853247582572817,6.98766355223159,968.994140625,1043.4529398710465,998.0379255535934,
comrav,XC533179.ogg,939.51416015625,195.8597496331456,-0.3294480368261728,0.6664892583614153,936.6943359375,939.4107953511796,939.3070457354794,
comrav,XC533738.ogg,1147.5930606617646,50.00458044164321,-0.004507888805380779,-0.23618605286524152,1152.0263671875,1147.5719134585497,1147.5507648849534,
comrav,XC533776.ogg,1173.5595703125,529.9186706542969,-0.816957424590627,-0.9199218749999996,1184.326171875,1173.346611868239,1173.13143357557,
comrav,XC533887.ogg,437.841796875,11649.930775165558,-1.7705578630918195,2.328933689760156,430.6640625,419.80174335140737,392.71923109050334,
comrav,XC535030.ogg,916.0111276726974,775.1571291371395,-0.1620832675505074,-1.1661807826121051,925.927734375,915.5919622653636,915.1713095514127,
comrav,XC536400.ogg,670.60546875,163.9435887336731,-0.3879246988439577,-0.6230486685032135,678.2958984375,670.4884545340253,670.3708429876946,
comrav,XC540725.ogg,1.435546875,14.351963996887207,2.1572774865200244,2.653846153846154,0.0,0.0,0.0,
comrav,XC547247.ogg,1189.70947265625,49365.5673623085,0.6271298193737479,-1.480234572986335,1012.060546875,1170.9924441064438,1153.784517612652,
comrav,XC549432.ogg,1162.79296875,331.19916915893555,-0.758946638440411,-0.6799999999999997,1173.5595703125,1162.66740755248,1162.5409009444024,
comrav,XC549437.ogg,1472.0880681818182,2135.0302804600105,0.4749074325494241,-1.5598780512761568,1431.9580078125,1471.4347964853966,1470.7878042627337,
comrav,XC549438.ogg,1249.9045632102273,1772.5177353078666,0.802116372475586,-0.42979593683415596,1248.92578125,1249.2703667409735,1248.6465590515031,
comrav,XC549907.ogg,952.0751953125,33.119916915893555,0.28867513459481287,-1.9166666666666667,947.4609375,952.0603024845108,952.0454259072582,
comrav,XC549912.ogg,1108.9599609375,386.3990306854248,0.0,-1.64,1087.4267578125,1108.829285054389,1108.6986134824588,
comrav,XC552737.ogg,3168.7222184806033,2433704.6311079045,-0.5229667791812956,-1.3706376590284348,1012.060546875,2638.114183102449,2071.547166242277,
comrav,XC552798.ogg,3521.1681019176135,1786913.106468591,-1.301616689339068,-0.3044483050666127,4220.5078125,3122.4249089365385,2583.900140217997,
comrav,XC560491.ogg,1317.3253676470588,8055.567438988124,0.1198784240518793,-1.2281564806624556,1227.392578125,1314.455028353695,1311.5967747398918,
comrav,XC560493.ogg,1469.8404947916667,10453.910185740546,-0.9394378443618348,1.0136337964901347,1518.0908203125,1466.236864390947,1462.4346800880421,
comrav,XC561383.ogg,1104.0660511363637,3607.060042294589,-0.008103583849382432,-0.21480198401528128,1065.8935546875,1102.5011728094578,1100.9298690930414,
comrav,XC561384.ogg,1245.5612182617188,814.8189559578896,-0.9593546587183337,0.6218008699321738,1259.6923828125,1245.2499777012918,1244.9340517328237,
comrav,XC561488.ogg,41.5283203125,287.03927993774414,-0.028285981029545774,-1.4515532544378695,21.533203125,38.293595105215516,35.054051598837205,
comrav,XC561489.ogg,47.1038818359375,214.45146203041077,0.10774225897731055,-0.7484782079376671,53.8330078125,44.83067092252345,42.43493401759531,
comrav,XC561964.ogg,3317.3095703125,295498.2798940995,0.7814898610114699,-1.2966961731102462,2960.8154296875,3278.182166176383,3242.3417027014643,
comrav,XC563279.ogg,1327.880859375,262.75134086608887,0.9273420957271555,-0.33217993079584796,1313.525390625,1327.7989694839914,1327.7176358657775,
comrav,XC563280.ogg,1269.522758152174,22329.434893819187,-1.4620356012260238,0.6470013022292576,1335.05859375,1259.9516144280703,1249.132550193541,
comrav,XC565108.ogg,1583.587646484375,2035.3148942408354,-0.1575421104025958,-1.4980017642863674,1625.7568359375,1582.96974869531,1582.350044741493,
comrav,XC566764.ogg,943.154296875,34.77591276168823,-0.40824829046386296,-1.8333333333333333,947.4609375,943.1395255027534,943.1247318363844,
comrav,XC570428.ogg,1145.3831449468084,542.0667252862597,-0.67317413722917,1.4756937192367525,1130.4931640625,1145.149264390163,1144.9129945259854,
comrav,XC571065.ogg,985.93359375,23146.88930704787,0.919935479143573,-0.3399587424284811,968.994140625,975.1920329294672,965.2899775050963,
comrav,XC573553.ogg,1409.34814453125,40222.85109758377,-0.1127460319863641,-1.8673896154639116,1593.45703125,1396.2966966403483,1383.2010799116038,
comrav,XC573555.ogg,1522.1282958984375,3608.000949025154,-0.07610389258147592,-1.8680218785147968,1453.4912109375,1521.0888678740937,1520.0480159220233,
comrav,XC574455.ogg,1648.9900287828948,5696.3351839467105,0.23826000334038452,-1.6087679579932765,1571.923828125,1647.363873985548,1645.7496592437026,
comrav,XC574465.ogg,1487.1368408203125,47849.72396492958,-1.5189529374010577,0.46609493791785317,1571.923828125,1469.2950490718947,1448.4926235700598,
comrav,XC574527.ogg,101.37541695926966,882.0672867490516,2.518312513372494,8.440129072592383,86.1328125,98.13827320266768,95.55384081062466,
comrav,XC577436.ogg,1309.9365234375,38.63990306854248,-0.7071067811865475,-1.5,1313.525390625,1309.9266728916548,1309.9168043870193,
comrav,XC577575.ogg,1276.6922800164473,12549.155887804533,-0.638141007370196,-1.2260110228203982,1324.2919921875,1271.8431990646243,1266.8138787310324,
comrav,XC578084.ogg,1351.6225961538462,6691.89932616616,-0.8800344454064173,4.4250426131918275,1335.05859375,1349.090563836267,1346.4063367234314,
comrav,XC578246.ogg,1255.078125,64329.91862297058,0.08089427220768713,-1.8373266389877883,1012.060546875,1233.0780021581547,1211.5566816258395,
comrav,XC580002.ogg,1438.41796875,150.69562196731567,-0.27154541788363945,-1.044378698224852,1442.724609375,1438.3760031254444,1438.333978476423,
comrav,XC580003.ogg,203.2196044921875,88212.82871067524,2.248418028798576,3.0938493588151204,75.3662109375,128.24231864305796,106.65782269791416,
comrav,XC580594.ogg,1229.877178485577,2070.2071144030647,-0.05691854501443615,-1.722807195654202,1173.5595703125,1229.0988582257332,1228.3197139809079,
comrav,XC580824.ogg,1533.5678100585938,1576.0250464081764,-0.6400406420741249,-0.06559245936642899,1518.0908203125,1533.0805497355448,1532.5876778429747,
comrav,XC580981.ogg,1285.2630615234375,229.76942360401154,-0.3847937820618241,-0.9354760165570974,1281.2255859375,1285.1846197879804,1285.1059512356762,
comrav,XC583324.ogg,1206.5118963068182,11185.812848535452,-1.5435431450261135,2.3328614849748828,1238.1591796875,1201.517950028488,1195.9512017593065,
comrav,XC590264.ogg,1570.84716796875,217.6714539527893,-0.08739189804278562,-1.2067504639193305,1582.6904296875,1570.7847761358278,1570.722350486129,
comrav,XC592698.ogg,1385.1466966711957,8194.561261433388,0.2572451569763445,-1.469527902812123,1291.9921875,1382.342561314277,1379.5693414069146,
comrav,XC593329.ogg,1205.09033203125,1666.8235109402583,-0.32053331286904035,-0.9859898733903671,1227.392578125,1204.4431450388429,1203.7911113829023,
comrav,XC593330.ogg,1220.9326171875,2761.465072631836,0.3063026012718983,0.031584150144797984,1195.0927734375,1219.9211967486115,1218.9157309966145,
comrav,XC594536.ogg,1033.59375,23338.50145339966,0.7795969997892137,-1.3229226788298756,915.1611328125,1023.6848906984117,1014.5253766335553,
comrav,XC596023.ogg,1306.673916903409,27928.08766730807,-0.14455239770513026,-1.431770946113703,1108.9599609375,1296.0887422601181,1285.3512848040464,
comrav,XC596100.ogg,1137.344637784091,1930.590066042813,1.6545465665103252,1.8823570774775353,1130.4931640625,1136.602277226119,1135.8880457023424,
comrav,XC596196.ogg,1184.4697265625,73344.25890703459,0.03647147694707433,-1.023511635581964,839.794921875,1152.9656178136593,1121.1444309579915,
comrav,XC596350.ogg,1297.37548828125,20159.491246396847,0.09253279819600442,-1.2556642599169465,1356.591796875,1290.2530880277163,1283.1635997154194,
comrav,XC599319.ogg,1198.2330322265625,569.3085718414058,0.2593898039030503,-0.8199726213449829,1173.5595703125,1198.006064738956,1197.779808042954,
comrav,XC600748.ogg,1074.4026430191532,574.418633057288,0.08646862365999101,-0.7624096127690825,1087.4267578125,1074.139859529435,1073.8773199841892,
comrav,XC603662.ogg,4.6142578125,29.8079252243042,0.28867513459481287,-1.9166666666666667,0.0,0.0,0.0,
comrav,XC605257.ogg,1104.6533203125,906.7497253417969,0.14518799121003106,-1.1365573347107436,1065.8935546875,1104.2846972292089,1103.9169107609864,
comrav,XC605506.ogg,1323.4637920673076,19908.4669810075,-0.3149019024463079,-1.1826413635102837,1356.591796875,1316.3221317508853,1309.0105002715413,
comrav,XC605592.ogg,1507.32421875,66.23983383178711,0.0,-1.0000000000000002,1507.32421875,1507.3049923079245,1507.2857656206152,
comrav,XC606339.ogg,68.1884765625,985.3175282478333,0.5492718566999306,-1.258650519031142,43.06640625,62.16121521251833,56.93199995363502,
comrav,XC606340.ogg,90.0479403409091,609.1053810986607,-0.6778898716443391,-0.5882412806360082,86.1328125,86.30586589356325,81.85280114783835,
comrav,XC607435.ogg,1282.30224609375,12376.360952854156,-2.562542272256879,4.792524712837674,1302.7587890625,1277.2157027818907,1271.2731092873298,
comrav,XC610228.ogg,524.1634971217105,35536.50874840586,1.8678655542936273,1.5044542389541737,441.4306640625,501.1137164457886,485.275047453007,
comrav,XC610230.ogg,949.1173377403846,112.94740896958571,-0.310568641770086,0.4662396121883683,947.4609375,949.0622816400204,949.0070905533097,
comrav,XC610691.ogg,1336.0373757102273,51931.02609027516,-0.16815460449638456,-1.6389259524545008,1065.8935546875,1316.9044743940892,1297.5117763069868,
comrav,XC610692.ogg,1257.000732421875,4164.8295521736145,-2.2162705382936143,3.014319648708149,1281.2255859375,1255.4380906851118,1253.7554152053349,
comrav,XC610694.ogg,3574.51171875,78439.00322914124,-1.1512888915868336,-0.6692916595889247,3154.6142578125,3565.816216349662,3556.6586315446607,
comrav,XC611489.ogg,1205.859375,19540.750980377197,0.8088730297896298,0.9757081298477446,1173.5595703125,1199.0519121010932,1192.476714054934,
comrav,XC611927.ogg,1458.2763671875,2060.7948303222656,-0.5950473865905203,-1.3620776367187502,1475.0244140625,1457.6406626866667,1456.9975707463182,
comrav,XC612202.ogg,973.18115234375,79468.26417656506,-0.21839700105233237,-1.935999214265378,1227.392578125,932.0352969508159,890.8929315096275,
comrav,XC612248.ogg,1277.63671875,30684.62890737197,-0.12715635592931873,-0.5445878518518521,1205.859375,1265.936453095478,1253.8275188201044,
comrav,XC612622.ogg,1230.9814453125,38.63990306854248,0.7071067811865475,-1.5,1227.392578125,1230.9710023908435,1230.960579805596,
comrav,XC612707.ogg,811.981201171875,1662.355829840121,0.09648139303389588,-1.3593172985371156,764.4287109375,811.0019755339902,810.0255457990637,
comrav,XC612720.ogg,1031.79931640625,251.15936994552612,-0.5190376585886877,-1.5607100591715972,1044.3603515625,1031.6973903479961,1031.5949734556864,
comrav,XC612800.ogg,30.50537109375,19.31995153427124,-1.788854381999832,1.2000000000000002,32.2998046875,30.1891825155889,29.815204326923077,
comrav,XC612872.ogg,1007.958984375,283.7272882461548,0.3359204203843185,-0.2729223758118975,1001.2939453125,1007.825393186835,1007.6922484493572,
comrav,XC612912.ogg,1032.0556640625,341.01247787475586,0.18031642353987873,-1.2955333574866728,1012.060546875,1031.8966611400626,1031.7379847681616,
comrav,XC613829.ogg,987.451171875,1534.5561504364014,0.897920870520919,-1.1186403395269398,968.994140625,986.7991933455461,986.1615202699502,
comrav,XC615643.ogg,2940.3960129310344,1523245.7939817987,-0.7918743424416445,-1.3180448323653533,3703.7109375,2590.007032855367,2188.726508103908,
comrav,XC616889.ogg,1219.2360617897727,28726.572482423348,0.035094882877687764,-0.7760681073810018,1216.6259765625,1207.6594208627178,1195.9570476032716,
comrav,XC616896.ogg,1190.90576171875,6002.443765892702,0.8744500538998742,-0.6295725164128956,1130.4931640625,1188.6052478280537,1186.3853508459333,
comrav,XC617217.ogg,1414.4622802734375,726.5681773424149,-0.10492728027113983,-1.005235347115689,1378.125,1414.2372155457817,1414.0118353534413,
comrav,XC617354.ogg,1311.040790264423,6591.0757734225335,0.12290416262528324,-1.4925958445236145,1216.6259765625,1308.7277084644936,1306.4259708191876,
comrav,XC64735.ogg,1132.2158203125,73509.32439565659,0.7666175797791496,-1.1894408274817774,947.4609375,1103.890776458343,1078.910975102554,
