#filename,mean,variance,skewness,kurtosis,mode,gmean,hmean
cregua1,XC112955.ogg,,
cregua1,XC113031.ogg,1304.1046142578125,416.4289553528247,-0.5350787964442754,-0.6928987162438984,1313.525390625,1303.950737041037,1303.7959944326244,
cregua1,XC113121.ogg,,
cregua1,XC114030.ogg,6.510038154069767,28.370161389195644,-0.4280863447390446,-1.8167420814479638,10.7666015625,0.0,0.0,
cregua1,XC114031.ogg,5.38330078125,30.911922454833984,0.0,-2.0,0.0,0.0,0.0,
cregua1,XC125691.ogg,3030.79833984375,15798.200368881226,-2.1424792364323824,2.8464327624170984,3057.71484375,3028.3815419159846,3025.8218592910002,
cregua1,XC127977.ogg,1080.50537109375,35428.757277818826,1.3292930235739149,-0.12735376757480177,1001.2939453125,1067.1325217863996,1055.5461374136605,
cregua1,XC146737.ogg,3415.704345703125,234.47395725683734,-0.8540355687772291,0.3082944072718088,3423.779296875,3415.672805311763,3415.6411869744106,
cregua1,XC160946.ogg,948.1134588068181,274.8702195557681,-1.301962041549814,2.2423368616603065,947.4609375,947.9706914098576,947.8256575974211,
cregua1,XC163514.ogg,1061.5869140625,30864.450573921204,0.9961172747279525,-0.9220251124315078,936.6943359375,1049.2278637140314,1038.131166737253,
cregua1,XC171049.ogg,1294.9285333806818,604.8901189457287,-0.14005171914596487,-1.6466206946788244,1270.458984375,1294.7158161528118,1294.5027501195873,
cregua1,XC178860.ogg,5.38330078125,38.63990306854248,0.0,-2.0,0.0,0.0,0.0,
cregua1,XC205524.ogg,971.1765598606419,49667.56116556089,3.821508259998322,13.009002135583476,915.1611328125,954.7199466423028,943.9048364624605,
cregua1,XC236552.ogg,,
cregua1,XC236553.ogg,178.2470703125,135247.23719148076,1.7958788786170181,1.2463898759034295,21.533203125,0.0,0.0,
cregua1,XC238794.ogg,45.37353515625,449.0296428020184,-0.12051897234475352,-1.2169729892862533,21.533203125,39.659366377615406,33.110678445345194,
cregua1,XC245382.ogg,1325.3173828125,926.2536764144897,1.3844098577971513,2.7450278511367046,1313.525390625,1324.9910437007104,1324.6709304999727,
cregua1,XC245401.ogg,1446.56982421875,2275.720445009378,-0.49472183873237086,-1.4103927605187054,1485.791015625,1445.8313500655167,1445.0851525781013,
cregua1,XC245402.ogg,1455.28564453125,15234.659964388067,-1.5155957811836198,0.728684320198937,1485.791015625,1450.0351079024952,1444.3078098184758,
cregua1,XC245407.ogg,1086.23046875,52781.27662597164,4.168134501459743,15.608919946732396,1044.3603515625,1070.714701044297,1060.577106266849,
cregua1,XC245430.ogg,1289.0558416193182,23232.417355884205,-0.6115116263759875,-1.3262297904995697,1410.4248046875,1280.41708171534,1271.376672682258,
cregua1,XC261548.ogg,1002.490234375,8880.737721920013,1.3193185532780554,-0.2237098116836984,947.4609375,998.8285615498656,995.4383940160692,
cregua1,XC261549.ogg,39.56100109011628,26.0594695113426,-0.7444375004781971,-1.4458128078817742,43.06640625,39.21578425314327,38.85011472902097,
cregua1,XC261550.ogg,46.6552734375,38.63990306854248,0.7071067811865475,-1.5,43.06640625,46.39187980000297,46.142578125,
cregua1,XC261551.ogg,764.4287109375,92770.54327726364,-2.004795737221711,2.0881953801249313,915.1611328125,566.6922145065132,214.8207185538983,
cregua1,XC261552.ogg,1197.784423828125,12643.528282642365,0.003921545892960595,-1.9843292252229996,1087.4267578125,1193.1581306843636,1188.550220526854,
cregua1,XC263590.ogg,7.177734375,57.95985460281372,0.5,-0.75,0.0,0.0,0.0,
cregua1,XC270197.ogg,3335.4931640625,75136.5795135498,-0.40888970153074977,-1.8241304784299117,3003.8818359375,3325.11887565765,3314.550678400581,
cregua1,XC275187.ogg,43.06640625,92.73576736450195,0.0,-1.5,32.2998046875,42.14982006238937,41.233793218085104,
cregua1,XC275188.ogg,1054.229736328125,241.4993941783905,0.9073846864456624,-0.08386115702479335,1044.3603515625,1054.125614450507,1054.0223601169882,
cregua1,XC278628.ogg,1823.323974609375,540.24685527149,0.9508457684887314,0.7178053086284741,1808.7890625,1823.1843073766895,1823.0457018886689,
cregua1,XC282235.ogg,,
cregua1,XC331367.ogg,1220.501953125,1090.4180645942688,0.13857551372148916,-1.2333618461003728,1195.0927734375,1220.073973617204,1219.6469666325415,
cregua1,XC334219.ogg,,
cregua1,XC342921.ogg,348.5687255859375,60739.857628941536,2.2635343859532777,3.132202131216462,258.3984375,307.45042004764855,287.38314008214957,
cregua1,XC349734.ogg,1875.234375,671130.6966473075,4.266181617397804,20.93529166551188,1894.921875,1775.9969450136957,1704.326844698514,
cregua1,XC350062.ogg,,
cregua1,XC484688.ogg,1171.76513671875,13991.157629273155,-0.44196795430422386,-1.316772154112926,1281.2255859375,1166.1033045356962,1160.2729471001887,
cregua1,XC489484.ogg,1304.55322265625,2499.09255434485,1.646945545281344,4.017915870229988,1302.7587890625,1303.6818287036556,1302.8413018243853,
cregua1,XC498124.ogg,1307.5439453125,959.5575928688049,-0.6740794191653312,-1.3983491734606548,1324.2919921875,1307.2144187740291,1306.88160197091,
cregua1,XC498916.ogg,1122.802734375,220.79944610595703,1.0984683939467716,0.21687499999999993,1119.7265625,1122.7191950075014,1122.6363906336428,
cregua1,XC498918.ogg,,
cregua1,XC522434.ogg,,
cregua1,XC522435.ogg,,
cregua1,XC522875.ogg,,
cregua1,XC544057.ogg,1632.608309659091,71942.48134439641,2.832263275998042,6.0544858164901605,1550.390625,1616.2803863591362,1603.6737903088901,
cregua1,XC56857.ogg,96.22650146484375,76985.17687618732,5.368428187449017,26.894657050384,43.06640625,50.8777606547705,45.32170038837384,
