#filename,mean,variance,skewness,kurtosis,mode,gmean,hmean
creoro1,XC113109.ogg,,
creoro1,XC114257.ogg,124.5849609375,342.2391414642334,1.1471564452032719,0.3608220603537986,107.666015625,123.50491191843501,122.5165005387931,
creoro1,XC120133.ogg,,
creoro1,XC121202.ogg,21.533203125,0.0,0.0,-3.0,21.533203125,21.533203125,21.533203125,
creoro1,XC122311.ogg,8.074951171875,28.97992730140686,-1.1547005383792515,-0.666666666666667,10.7666015625,0.0,0.0,
creoro1,XC122312.ogg,7.6904296875,66.23983383178711,0.4592793267718459,-0.8958333333333335,0.0,0.0,0.0,
creoro1,XC122317.ogg,7.177734375,36.95990728295368,0.0548202444686843,-0.7190082644628095,10.7666015625,0.0,0.0,
creoro1,XC122330.ogg,6.7291259765625,28.97992730140686,-0.5163977794943223,-1.7333333333333334,10.7666015625,0.0,0.0,
creoro1,XC122594.ogg,3.5888671875,27.59993076324463,0.7071067811865475,-1.5,0.0,0.0,0.0,
creoro1,XC122595.ogg,79.254150390625,203907.09248185158,5.745838324388857,31.01956131402006,0.0,0.0,0.0,
creoro1,XC122601.ogg,3085.9771728515625,1422.0864325761795,0.31288283427939234,-1.6304926806633484,3046.9482421875,3085.776032496644,3085.575376238331,
creoro1,XC127714.ogg,2732.025146484375,3970.25004029274,-1.1327061022309128,-0.6848526826149497,2767.0166015625,2731.4717648585224,2730.9099832020047,
creoro1,XC127858.ogg,3276.8672820060483,3018.150364198992,1.2579333869761933,-0.18683617442168732,3251.513671875,3276.4276409919567,3275.994008874962,
creoro1,XC128953.ogg,1159.2041015625,38.63990306854248,-0.7071067811865475,-1.5,1162.79296875,1159.1929674786224,1159.1818104619565,
creoro1,XC132042.ogg,2135.3759765625,597.1621383320202,0.20211783235507175,-1.2103806228373704,2110.25390625,2135.2479820747135,2135.12017238043,
creoro1,XC143403.ogg,4.78515625,32.1999192237854,0.22360679774997896,-1.95,0.0,0.0,0.0,
creoro1,XC144446.ogg,3481.527432528409,5060.422214594754,-0.878791242631977,-0.34813942406685383,3477.6123046875,3480.858930574249,3480.1825893444234,
creoro1,XC148324.ogg,249.169921875,5527.346134185791,2.0108257330991917,2.475276344072676,215.33203125,241.2272081262115,235.44338519109158,
creoro1,XC152277.ogg,,
creoro1,XC154648.ogg,,
creoro1,XC156387.ogg,3.84521484375,28.66146656183096,0.5962847939999439,-1.6444444444444442,0.0,0.0,0.0,
creoro1,XC167967.ogg,4400.373391544118,2462194.546371857,0.3116900305423735,-1.8147100201036874,3036.181640625,4138.476395317021,3905.998002596563,
creoro1,XC1711.ogg,521.103515625,434965.52485227585,0.4082140207910241,-1.8330363584749492,43.06640625,156.08388089569945,63.284580461658784,
creoro1,XC172503.ogg,68.44482421875,421.00509771933923,0.366476739288028,-0.8694340624506487,43.06640625,65.61769166150495,62.88836144453643,
creoro1,XC197549.ogg,3764.7216796875,1672829.595565796,1.1376541914767087,-0.19209698371796735,2734.716796875,3587.7419912143573,3444.8088761846225,
creoro1,XC212837.ogg,1347.4815955528845,302006.510083492,0.8146031558439389,-1.3089322178002079,968.994140625,1259.1616806748218,1189.964991939209,
creoro1,XC212838.ogg,,
creoro1,XC212839.ogg,1002.6397705078125,214.45146203041077,-0.06669758889071614,-1.2003895787679568,990.52734375,1002.5394349357225,1002.439030251458,
creoro1,XC213316.ogg,1977.0172119140625,367779.3246285712,0.12169289930435394,-1.4997091709266555,1733.4228515625,1883.7154681448433,1792.3640840076632,
creoro1,XC2198.ogg,2799.31640625,278.20730209350586,1.414213562373095,0.5000000000000004,2788.5498046875,2799.2752067808356,2799.2342172452804,
creoro1,XC234315.ogg,3929.8095703125,57.95985460281372,0.0,-0.5,3929.8095703125,3929.803670787079,3929.79777124395,
creoro1,XC236074.ogg,960.919189453125,57.95985460281372,-0.32396954829362334,-0.7755102040816326,958.2275390625,960.8927572263143,960.8662816921471,
creoro1,XC236075.ogg,251.6693115234375,13908.29510986805,0.05016766910694277,-1.9071507449081635,150.732421875,226.392222184328,203.63771592978503,
creoro1,XC236076.ogg,3910.6689453125,13092.487156391144,-2.4356046677017487,4.01319624377796,3951.3427734375,3909.1104234327263,3907.4784886710945,
creoro1,XC2376.ogg,2311.23046875,1435580.590724945,-0.7070553940646539,-1.4999999999999996,764.4287109375,1937.5253840545518,1533.3157850650887,
creoro1,XC243013.ogg,991.3450603243671,694411.882312992,0.5809574686981934,-0.9597938795375014,301.46484375,637.2062677849315,408.90909621455916,
creoro1,XC245164.ogg,,
creoro1,XC245225.ogg,,
creoro1,XC245236.ogg,5980.687898714867,3437.718358441924,-1.712794313199109,1.425296519308029,6007.763671875,5980.398954460935,5980.106739856145,
creoro1,XC245385.ogg,4925.72021484375,38.63990306854248,0.0,-2.0,4920.3369140625,4925.717273148457,4925.714331454918,
creoro1,XC245390.ogg,,
creoro1,XC255550.ogg,0.5521334134615384,5.788163617554946,4.068667356033676,14.554054054054053,0.0,0.0,0.0,
creoro1,XC255551.ogg,0.0,0.0,0.0,-3.0,0.0,0.0,0.0,
creoro1,XC255552.ogg,,
creoro1,XC255553.ogg,0.0,0.0,0.0,-3.0,0.0,0.0,0.0,
creoro1,XC2585.ogg,2389.9612426757812,643470.2544175881,0.5094180081456607,-1.1407330120875991,1614.990234375,2264.923822751782,2151.831668537335,
creoro1,XC259989.ogg,545.5078125,158052.65951156616,-0.7066400611547489,-1.5,32.2998046875,274.92657440507645,89.6767964060155,
creoro1,XC259990.ogg,5268.1809645432695,7928071.347702466,-0.30252203675417716,-1.7601283100381266,7536.62109375,4323.3457304783,3355.982435119205,
creoro1,XC259991.ogg,1501.94091796875,20868.95706022487,1.444247117691462,0.4264870715258411,1399.658203125,1495.896830567386,1490.3491341447889,
creoro1,XC259992.ogg,1772.30224609375,17130.735849632936,0.42745991750134926,0.005712584535920939,1787.255859375,1767.8033419197889,1763.365884886425,
creoro1,XC259993.ogg,2959.445134943182,1057737.527424639,-0.4403982602546099,-1.4281191901316685,3897.509765625,2749.0783823363627,2516.140082887112,
creoro1,XC267908.ogg,5132.977294921875,507525.46682953835,1.154524422723502,-0.6668013280206573,4780.37109375,5098.902164191265,5067.857109471401,
creoro1,XC276421.ogg,1952.8958834134614,2266268.122629019,-0.32151670443028096,-1.7802739064134299,86.1328125,876.3978674858081,260.1065783379926,
creoro1,XC288645.ogg,,
creoro1,XC290371.ogg,2433.251953125,91164.41130638123,-0.31786437265218986,-1.815595821987923,2088.720703125,2415.886084957036,2398.180922097804,
creoro1,XC293888.ogg,1701.123046875,77.27980613708496,0.0,-1.0000000000000002,1701.123046875,1701.1060108571228,1701.0889746686412,
creoro1,XC297057.ogg,1790.126953125,28010.61773300171,-0.5409582880864792,-1.2918818803882288,1927.2216796875,1782.5472913761175,1774.7140174112642,
creoro1,XC299643.ogg,136.67749865301724,3359.986736775258,9.03329381492876,85.72758617840009,129.19921875,132.2054416252814,129.52583320418535,
creoro1,XC317790.ogg,2255.60302734375,165.59958457946777,0.0,-1.3599999999999999,2239.453125,2255.570906889247,2255.5387863066735,
creoro1,XC32434.ogg,1422.5372314453125,478.1688004732132,-0.8356841008709791,-0.9158374093439035,1431.9580078125,1422.3889685350216,1422.2395095388697,
creoro1,XC335738.ogg,2728.919396033654,2082412.86532237,0.9456884672971784,-0.9881582902943213,1819.5556640625,2445.783410029157,2245.805476560139,
creoro1,XC348809.ogg,1255.777254971591,1907.4061242016876,-1.7409821194598463,2.365956472635161,1281.2255859375,1255.0582859248332,1254.3094994511077,
creoro1,XC351104.ogg,2.30712890625,21.018408812009373,1.3926212476455828,-0.06060606060606055,0.0,0.0,0.0,
creoro1,XC351960.ogg,,
creoro1,XC353316.ogg,,
creoro1,XC356486.ogg,1830.322265625,77.27980613708496,0.0,-1.0000000000000002,1830.322265625,1830.3064321819559,1830.2905986019439,
creoro1,XC358879.ogg,4666.552734375,360388.85593414307,-2.039977676971792,2.1639153281235686,4888.037109375,4626.680257076832,4579.10865733316,
creoro1,XC363931.ogg,2777.783203125,6690.223217010498,0.20898936972186888,-0.9803940790118615,2767.0166015625,2776.7329354391554,2775.686299120131,
creoro1,XC367644.ogg,33.99979440789474,93.54923900805022,0.1609506514081471,-0.8818525519848772,32.2998046875,32.65808229362964,31.31103515625,
creoro1,XC386680.ogg,1864.775390625,81.14379644393921,-0.3436215967445456,-1.153061224489796,1862.6220703125,1864.7579675864388,1864.7405272065464,
creoro1,XC386681.ogg,1221.3363647460938,246.8123808503151,-0.13868553351007848,-0.793157195323241,1216.6259765625,1221.241516278662,1221.1465483125426,
creoro1,XC386682.ogg,1689.064453125,233088.64647746086,0.06855243432315838,-1.2751174544419561,1281.2255859375,1619.7979597609199,1548.4114320898632,
creoro1,XC387071.ogg,257.860107421875,334186.2222987542,2.5661790494305694,4.924492418441845,53.8330078125,80.49399506906059,60.54559770817268,
creoro1,XC387942.ogg,2181.3134765625,4202.394510570325,-0.37012918404775913,-0.44997511199601803,2217.919921875,2180.391027649663,2179.4612132774346,
creoro1,XC387943.ogg,,
creoro1,XC389345.ogg,,
creoro1,XC389654.ogg,,
creoro1,XC389655.ogg,,
creoro1,XC402054.ogg,768.017578125,1187227.5817394257,0.7070979558064,-1.4999249702099648,21.533203125,107.16200654324687,34.43092937999715,
creoro1,XC407301.ogg,,
creoro1,XC415454.ogg,3629.11376953125,3024050.318529973,-0.873248277175969,-1.1438415946784521,1012.060546875,3014.713708236772,2294.5889593717666,
creoro1,XC418771.ogg,,
creoro1,XC424590.ogg,3086.42578125,1680.835783481598,1.7705090002053392,2.2428656361474424,3068.4814453125,3086.1872313565614,3085.952121741564,
creoro1,XC427851.ogg,,
creoro1,XC428443.ogg,2771.3232421875,1603735.754577737,-0.2199936996258039,-0.8580584374785589,3273.046875,2421.545654083179,2039.7263747805448,
creoro1,XC430735.ogg,6622.423508937257,113410.65500855644,-7.470785854421657,55.659220954969456,6642.9931640625,6610.795472471783,6594.7341243695555,
creoro1,XC435507.ogg,2251.9020080566406,265359.7290807914,3.612030552283098,11.054603528395717,2121.0205078125,2214.016429062088,2188.9311732232136,
creoro1,XC437241.ogg,1704.7119140625,1685410.7480049133,0.7070630111865794,-1.5000000000000002,861.328125,1364.311456845973,1152.3136829566572,
creoro1,XC437940.ogg,1092.2119140625,12493.568658828735,2.4300032622172147,4.001533970134977,1055.126953125,1087.7952052648272,1083.9690196739045,
creoro1,XC439537.ogg,,
creoro1,XC440998.ogg,2148.068311737805,359293.84551033744,1.2099147638120349,-0.3567172978780442,1776.4892578125,2079.7153746464355,2024.3259993148652,
creoro1,XC444442.ogg,,
creoro1,XC446947.ogg,1464.2578125,0.0,0.0,-3.0,1464.2578125,1464.257812499997,1464.2578125000002,
creoro1,XC446948.ogg,,
creoro1,XC452809.ogg,1051.8141526442307,432.4696843440716,-1.1349973410316336,0.8942324724554394,1055.126953125,1051.6215363039364,1051.4260204997126,
creoro1,XC461464.ogg,,
creoro1,XC462236.ogg,1118.3807373046875,44526.2560440648,-1.7983346754062572,1.41709562332891,1173.5595703125,1092.8535150320333,1059.9451909551813,
creoro1,XC466080.ogg,,
creoro1,XC476277.ogg,,
creoro1,XC478231.ogg,,
creoro1,XC479545.ogg,,
creoro1,XC481618.ogg,1906.76513671875,1248.0688691139221,-2.420386856210827,4.34771412231179,1916.455078125,1906.4619118318349,1906.1497714050424,
creoro1,XC493236.ogg,1548.775634765625,74582.43585103436,0.7313362923157021,0.28282209243220313,1496.5576171875,1526.9961427952194,1506.1514730547165,
creoro1,XC493446.ogg,1459.6435546875,14175.324440002441,-0.9059269910699195,-1.111230147465572,1281.2255859375,1455.2736784124697,1450.7045166297835,
creoro1,XC494220.ogg,1341.97998046875,25263.490470556113,0.284364843297826,-1.8842496199379626,1205.859375,1333.3952656487447,1325.0410384347415,
creoro1,XC494609.ogg,,
creoro1,XC501439.ogg,8174.2431640625,1561721.842288971,-1.3360743992109347,-0.21448024408366084,8796.3134765625,8075.901674073936,7963.909857272425,
creoro1,XC511504.ogg,1012.060546875,77.27980613708496,0.0,-1.2500000000000002,1012.060546875,1012.0278203194773,1011.9950932348844,
creoro1,XC51603.ogg,766.22314453125,65.68783521652222,-0.2282688235636075,-0.8927335640138407,764.4287109375,766.1873687735077,766.1515384710991,
creoro1,XC51604.ogg,3406.8603515625,1269.596815109253,-0.28826561680820134,-1.6807750472589793,3434.5458984375,3406.7003372477366,3406.540028451268,
creoro1,XC51606.ogg,1423.883056640625,12173.055616708902,0.03628651337601962,-1.4864014046521843,1291.9921875,1419.7106695612783,1415.5457154196986,
creoro1,XC524058.ogg,1308.5561899038462,2061489.357810754,0.4744523852912998,-1.7746854230014373,215.33203125,601.6154875998473,339.0078493018282,
creoro1,XC525013.ogg,3668.719482421875,2442.5938725471497,0.020131083387605737,-1.9198850904912381,3617.578125,3668.4282354952234,3668.1370572616443,
creoro1,XC537601.ogg,,
creoro1,XC538013.ogg,,
creoro1,XC538014.ogg,,
creoro1,XC538015.ogg,,
creoro1,XC549983.ogg,8222.0947265625,38.63990306854248,-0.7071067811865475,-1.5,8225.68359375,8222.093159599508,8222.091592180677,
creoro1,XC555919.ogg,3078.350830078125,3065.7250366427684,-0.2975885803881394,-1.5122326667066541,3133.0810546875,3077.8927497478144,3077.4331117265847,
creoro1,XC556097.ogg,3278.43017578125,691716.0887718201,-0.6960607796390407,-0.36905363447782413,2928.515625,3157.9185595834256,3011.188416111145,
creoro1,XC556100.ogg,3556.20849609375,160975.12418031693,-1.2390420662202573,0.6040601216967909,3326.8798828125,3533.5863465791713,3508.487643817551,
creoro1,XC558366.ogg,998.2177734375,131692.43271534258,-0.7826354768408501,-0.7865960172470148,398.3642578125,914.288616023988,810.0286085421728,
creoro1,XC569182.ogg,2641.1819458007812,3821342.9628387094,0.6333025144280905,-1.0940888695193403,872.0947265625,1991.135857835619,1523.151397469279,
creoro1,XC570768.ogg,,
creoro1,XC573798.ogg,4892.34375,4671.564280986786,-0.3799417975969082,-1.7924899482171555,4812.6708984375,4891.9605708630315,4891.5762004667495,
creoro1,XC595879.ogg,1520.244140625,607500.4200339317,0.4082241107694291,-1.8331218637017865,947.4609375,1371.2375661618248,1250.9538205832737,
creoro1,XC63932.ogg,61.0107421875,38.63990306854248,-0.7071067811865475,-1.5,64.599609375,60.790559873515626,60.56213378906251,
creoro1,XC8008.ogg,1741.9727998621324,364323.558149172,1.229710087077503,-0.24719347972485473,1378.125,1659.7400827374042,1596.2045318749795,
creoro1,XC84632.ogg,2397.1174684289385,2061266.140098849,0.15722216951284176,-1.7705910431452145,1044.3603515625,1944.6221667367547,1579.8290225943758,
creoro1,XC84633.ogg,1379.4708251953125,12202.619388699532,0.4115713903200035,-1.6249546020585004,1281.2255859375,1375.6712512730169,1371.9539013150022,
creoro1,XC84634.ogg,4972.237454927885,1795327.0677685256,-0.06094878280784829,0.32115712407185404,2099.4873046875,4770.925728616732,4529.423146489652,
creoro1,XC84635.ogg,1635.6005859375,37617.6016330719,-1.044160576543608,0.9558855802421253,1636.5234375,1623.0066503023031,1608.9795826133188,
