#filename,mean,variance,skewness,kurtosis,mode,gmean,hmean
daejun,XC104511.ogg,4106.341207252359,3349.810406587293,0.3961222029761167,-0.7331366505654309,4048.2421875,4105.942428122282,4105.545066826674,
daejun,XC104514.ogg,8444.380187988281,24101.303274024136,-0.4672124819776675,1.0355264107908821,8484.08203125,8442.962102490783,8441.534780602233,
daejun,XC109855.ogg,6854.736328125,3545.7793404074278,-1.0695610574961745,0.2802958579881656,6826.025390625,6854.4905647447695,6854.243299343956,
daejun,XC110975.ogg,4364.0625,38.63990306854248,0.7071067811865475,-1.5,4360.4736328125,4364.059550245036,4364.056602108155,
daejun,XC113826.ogg,7.6904296875,24.839937686920166,-0.9486832980505138,-1.1,10.7666015625,0.0,0.0,
daejun,XC114667.ogg,7468.253173828125,461253.97953704785,-0.1771060300640494,-1.9298803369872106,8053.41796875,7438.541589475304,7408.626227384663,
daejun,XC11854.ogg,,
daejun,XC121434.ogg,3624.1317085597825,1964088.1129192272,-1.0781978012008857,0.8350882904822954,3886.7431640625,3091.671351562209,2110.693134177649,
daejun,XC125069.ogg,4633.421531883446,35530.783300464216,2.1253967291606326,4.9085841730667585,4543.505859375,4629.88282102613,4626.522485377975,
daejun,XC125070.ogg,4902.168273925781,6980.890552363088,-0.5874887508573385,-0.5177361603439699,4941.8701171875,4901.473775675072,4900.774547843385,
daejun,XC125071.ogg,4964.023618344908,1525.730142580248,-0.6802503468965366,5.378520348445781,4963.4033203125,4963.869989335657,4963.71574910804,
daejun,XC125072.ogg,4262.746018629808,10041.352635353249,5.05769017445464,38.70053697621005,4188.2080078125,4261.659006450999,4260.6432855230505,
daejun,XC125073.ogg,3082.4381510416665,568762.8603898562,2.473180736540289,4.1215858815676,2799.31640625,3017.55944084608,2970.9328892386234,
daejun,XC125074.ogg,4578.6767578125,15412.791128816276,-4.709758695103076,21.93187322161108,4575.8056640625,4576.89768470601,4574.95025157333,
daejun,XC125075.ogg,4485.796875,9469.825671170209,-0.1137297336958901,-0.039427705406050784,4425.0732421875,4484.7531104158825,4483.706918578469,
daejun,XC125076.ogg,4583.994346941021,4764.1834289255285,0.45925851747169144,4.301777385030829,4543.505859375,4583.483969123782,4582.975274506086,
daejun,XC125077.ogg,4842.578125,225.3994345664978,0.1207363221040738,-1.1565306122448977,4823.4375,4842.557442931618,4842.536765669781,
daejun,XC125078.ogg,4600.8380126953125,41662.93745968915,-3.6445219861145683,17.806439988279468,4597.3388671875,4595.779364355435,4590.012914876071,
daejun,XC125079.ogg,3816.76025390625,38.63990306854248,0.0,-2.0,3811.376953125,3816.7564575004285,3816.752661098378,
daejun,XC125080.ogg,,
daejun,XC125081.ogg,4284.452063519022,609176.9585650354,-0.1534931637059443,-1.8079091054033387,3466.845703125,4211.830219155038,4138.730962744667,
daejun,XC125725.ogg,5008.14453125,41941.86368417204,-7.070646163127644,58.564272659696826,5114.1357421875,5002.918038012936,4996.212005104735,
daejun,XC129077.ogg,5591.06402405536,47740.716904637105,-0.5846925648017725,-1.0939180387479157,5727.83203125,5586.732532818899,5582.333351583363,
daejun,XC131298.ogg,,
daejun,XC131953.ogg,7546.451469089674,241849.74966313058,-0.3320747615645045,-1.626538076457733,7978.0517578125,7530.879253134216,7515.097929028546,
daejun,XC134508.ogg,5757.440185546875,284449.32643486105,-0.9078207131005863,-1.1624957383614178,4941.8701171875,5732.322742724255,5705.839833115967,
daejun,XC135545.ogg,5554.587624289773,1587.0462005788631,0.6342517826696601,0.1628995306952623,5566.3330078125,5554.458119934263,5554.328981157831,
daejun,XC135546.ogg,5062.565281080163,36789.8856003765,-1.2586589780019048,1.426088448139093,5049.5361328125,5058.819101770057,5054.9411700355195,
daejun,XC135547.ogg,5290.7080078125,4898150.88057518,-1.8883180278837803,1.9812122029489405,21.533203125,2861.457645045627,157.84098632082944,
daejun,XC138151.ogg,7040.0115966796875,1333.7066542843113,-0.3069519895090089,-0.7471375189130707,7041.357421875,7039.920723764566,7039.82975474111,
daejun,XC138704.ogg,4844.364134022887,5312.061491146893,-0.4350290738512991,-0.8903233253649887,4898.8037109375,4843.821143802652,4843.275736953056,
daejun,XC139056.ogg,5090.117938701923,6591.075773422534,-1.0860556474342147,-0.4403038503042307,5135.6689453125,5089.513524653262,5088.902326896362,
daejun,XC139623.ogg,5146.435546875,28670.80807685852,1.1096772685254712,-0.08057976910949405,5092.6025390625,5143.801187185842,5141.227612933963,
daejun,XC139824.ogg,,
daejun,XC140139.ogg,4098.0377197265625,44037.51952816611,-0.796034609959954,-0.8450432013269338,3811.376953125,4092.7401774209716,4087.2962969920677,
daejun,XC142588.ogg,5260.425999781469,1592.391774089163,-0.49781521284963776,0.17351392180072045,5275.634765625,5260.275313818052,5260.124236274169,
daejun,XC142589.ogg,5307.865553635817,1702.635837624399,-0.07129543152858094,-0.5863736228988938,5297.16796875,5307.705611505716,5307.545601596894,
daejun,XC146594.ogg,6358.106981125553,250705.4243586232,0.37521852439110004,-0.9608616815367328,6298.4619140625,6338.859629987382,6319.932600682392,
daejun,XC146596.ogg,8921.026611328125,747.3308525302193,0.31620979353700523,-1.0395428893359717,8893.212890625,8920.988239405686,8920.94989107873,
daejun,XC146597.ogg,6739.1882210134345,907441.9480877524,0.8091821644160433,-0.9709008264182546,8257.9833984375,6676.665007527575,6618.583639014445,
daejun,XC146605.ogg,4942.247892680921,6105565.458410664,-0.543116126102972,-1.6851552677049466,1722.65625,4112.669540551705,3263.5711549662583,
daejun,XC146607.ogg,1693.048095703125,3449335.8470499516,1.1547005383792515,-0.666666666666667,764.4287109375,1189.3118214970204,964.3740523123578,
daejun,XC147747.ogg,5191.768606085527,10406.844419868368,-0.9187980617255,0.05817367068664314,5232.568359375,5190.771704831301,5189.762444629114,
daejun,XC149905.ogg,,
daejun,XC149906.ogg,,
daejun,XC149907.ogg,,
daejun,XC149908.ogg,,
daejun,XC152586.ogg,5611.739979619565,3940.811932322536,0.3706957177726156,-1.4930433702134749,5555.56640625,5611.405011662148,5611.07095153543,
daejun,XC153380.ogg,,
daejun,XC153395.ogg,,
daejun,XC153407.ogg,2526.5625,5532002.188388039,1.7879913677057973,1.1984628612875117,1464.2578125,1971.800501253528,1735.9236293019333,
daejun,XC156183.ogg,253.7841796875,33.119916915893555,-0.28867513459481287,-1.9166666666666667,258.3984375,253.72801604135438,253.6716368140244,
daejun,XC157670.ogg,4249.396416692451,417.15027235522126,-0.7312873881879478,0.38073060919608626,4252.8076171875,4249.347704271691,4249.298876426209,
daejun,XC161150.ogg,,
daejun,XC163625.ogg,,
daejun,XC169518.ogg,4578.497314453125,1824.8005836240707,-0.17867441646373386,-1.2376545283525935,4608.10546875,4578.304041029705,4578.1105521159125,
daejun,XC169519.ogg,5528.64990234375,1092440.2195215225,-4.943318736309756,22.654146335843336,5652.4658203125,5091.846303124895,2991.1528584672396,
daejun,XC169594.ogg,1802.89306640625,6484611.878169746,0.7071681086157484,-1.4998002510064259,21.533203125,142.5611164062246,33.84342701496091,
daejun,XC171280.ogg,,
daejun,XC171625.ogg,,
daejun,XC171879.ogg,155.0390625,410.6869697570801,1.4581926840429726,0.9361342351716964,139.9658203125,153.92688622928583,152.92959523950339,
daejun,XC172401.ogg,17.2265625,30.911922454833984,-0.40824829046386296,-1.8333333333333333,21.533203125,16.31911635329798,15.380859375000002,
daejun,XC172408.ogg,8.074951171875,52.350836415444654,0.32396954829362334,-0.7755102040816331,10.7666015625,0.0,0.0,
daejun,XC172430.ogg,113.04931640625,57.95985460281372,0.0,-2.0,107.666015625,112.9210698347258,112.79296875000001,
daejun,XC172444.ogg,15.660511363636363,52.18895998868076,0.1680101555874492,-0.18269230769230882,10.7666015625,0.0,0.0,
daejun,XC172994.ogg,6.7291259765625,31.049922108650208,-0.5163977794943223,-1.7333333333333334,10.7666015625,0.0,0.0,
daejun,XC174554.ogg,,
daejun,XC175988.ogg,,
daejun,XC178940.ogg,4624.25537109375,38.63990306854248,0.0,-2.0,4618.8720703125,4624.252237623076,4624.24910415454,
daejun,XC181419.ogg,5098.493698408019,191573.21846450536,0.043361250173353336,-1.9816177736432699,5523.2666015625,5080.071845712932,5061.759408260125,
daejun,XC183582.ogg,4283.304148706897,1488.7679689530426,0.13504945933102636,-0.653481838849479,4274.3408203125,4283.13134451631,4282.958668459342,
daejun,XC186312.ogg,4984.824371337891,156214.60762247443,0.33143469893808714,-1.7500566140538436,5469.43359375,4969.553805438033,4954.575924891172,
daejun,XC187270.ogg,,
daejun,XC187271.ogg,,
daejun,XC188355.ogg,4817.6602991615855,87598.64984489068,0.5530354020522282,-1.4952969920173356,4618.8720703125,4808.865796496595,4800.272950930032,
daejun,XC188356.ogg,5319.826040694963,611.6848698788131,-1.0053023849617138,2.1768765354822053,5307.9345703125,5319.769229721153,5319.7122390883005,
daejun,XC189975.ogg,4164.412257982337,547879.6185904441,1.1008877735269713,0.19409468320147605,3703.7109375,4105.542704509097,4052.9948533362317,
daejun,XC189976.ogg,3890.5698477503765,96509.8532397149,3.8784539743459745,13.27085429230808,3811.376953125,3880.289636547857,3871.7094937049887,
daejun,XC192493.ogg,4622.406560724432,119492.42620532503,-0.7290027924296748,-0.7721533050294602,4844.970703125,4609.012282775673,4595.091421405949,
daejun,XC192494.ogg,4651.645132211538,21113.813315560554,-1.9354831865920554,3.5346563294458253,4758.837890625,4649.290230557519,4646.8322654616195,
daejun,XC192496.ogg,4300.795002899837,74873.73709938931,0.7486153637286969,-0.1322098791109636,4026.708984375,4292.340770411405,4284.121319504768,
daejun,XC193046.ogg,6422.27783203125,32277.07752079334,0.33556036119043664,-0.7141693736468984,6384.5947265625,6419.825073162033,6417.386096998717,
daejun,XC193767.ogg,734.521484375,4572.388529777527,0.2095431710083097,-1.5948517159293791,689.0625,731.7790363080426,729.0717392538423,
daejun,XC195416.ogg,4907.215118408203,18063.119687139988,-2.2133704810015016,8.006503092104449,4963.4033203125,4905.323059950074,4903.3437523138045,
daejun,XC195544.ogg,4871.701575969828,2745.812422242658,1.4068206526712457,0.5381247727442902,4834.2041015625,4871.432132905738,4871.16532628056,
daejun,XC195545.ogg,3222.2900390625,145584.11478996277,-0.9601289535088949,-0.3982903419667996,3036.181640625,3201.275515024135,3178.5698618039683,
daejun,XC195781.ogg,5218.6614990234375,3069.8386148402565,-0.3887107526057197,-0.21245939238088063,5232.568359375,5218.369607256492,5218.076875793523,
daejun,XC195783.ogg,4122.724984975962,1986.581294050678,0.9076665320494579,1.3342323356776946,4123.6083984375,4122.486801541117,4122.250105607372,
daejun,XC195804.ogg,5109.873962402344,6894.704938093399,0.34300890856838007,-0.8958803599626095,5049.5361328125,5109.215664514827,5108.55969128803,
daejun,XC195844.ogg,278.7353515625,2041.4748787879944,2.4074133458201143,3.9348709809033826,258.3984375,276.09412574429325,273.9642119444091,
daejun,XC198715.ogg,,
daejun,XC199215.ogg,,
daejun,XC199365.ogg,,
daejun,XC199582.ogg,,
daejun,XC201620.ogg,,
daejun,XC205538.ogg,6986.806640625,362288.0824425004,2.0323909887040594,5.962498022124134,7030.5908203125,6963.752791375221,6942.618620553919,
daejun,XC205543.ogg,7807.642443426724,146812.88274197743,-1.2990472935959543,-0.012680305451444163,7902.685546875,7798.157457224759,7788.2594288033315,
daejun,XC206096.ogg,5.508493822674419,29.653879099114004,-0.046524210519923684,-1.9978354978354977,10.7666015625,0.0,0.0,
daejun,XC206100.ogg,2.05078125,18.767952919006348,1.5764815627361641,0.4852941176470589,0.0,0.0,0.0,
daejun,XC206101.ogg,163.24495882601352,1812.9424791078309,1.7820539536933764,1.7075721417599299,139.9658203125,158.9823997062127,155.66925021126707,
daejun,XC207795.ogg,5674.741547683189,512.7876791460761,0.2592525838932399,2.977296739599521,5673.9990234375,5674.697951809916,5674.654382504892,
daejun,XC209699.ogg,,
daejun,XC212141.ogg,,
daejun,XC213749.ogg,,
daejun,XC213753.ogg,,
daejun,XC213755.ogg,,
daejun,XC216187.ogg,139.9658203125,1222.426024350253,0.0,-1.7407847800237812,96.8994140625,135.87134288690757,131.83313992042443,
daejun,XC216764.ogg,5134.273274739583,24710.7850549356,1.3909428765009686,0.3037215377734701,5060.302734375,5131.974911291445,5129.739277062267,
daejun,XC218787.ogg,8304.638671875,15378.681421279907,-1.728483035348849,1.0926027120527255,8053.41796875,8303.854697196055,8303.05822066066,
daejun,XC218790.ogg,8070.240783691406,21514.215029776096,-0.4481681864003723,-1.5264726276006988,7859.619140625,8068.984395619949,8067.72144690972,
daejun,XC218793.ogg,7925.29541015625,242695.94317674637,-1.4577468020759567,0.2286900617905525,6944.4580078125,7910.65359531077,7895.130830826795,
daejun,XC218796.ogg,6586.008955792683,236970.27919859422,0.17810984727280618,-1.227476726157306,6707.5927734375,6568.551042940611,6551.221104593476,
daejun,XC218802.ogg,,
daejun,XC218804.ogg,,
daejun,XC233408.ogg,200.9765625,347.7591276168823,-0.22113449066792581,-1.3541666666666665,215.33203125,200.1940754202608,199.40069516558103,
daejun,XC234174.ogg,,
daejun,XC234176.ogg,,
daejun,XC234347.ogg,342.9931640625,441.59889221191406,-0.22234764798058917,-1.3526562499999997,366.064453125,342.43569377174606,341.8732868813706,
daejun,XC234789.ogg,,
daejun,XC244413.ogg,7383.7353515625,49572.14848618759,3.727806252219866,12.988925625291902,7321.2890625,7380.759832519588,7377.982240341178,
daejun,XC247522.ogg,,
daejun,XC247523.ogg,,
daejun,XC247781.ogg,5014.365234375,26674.17890375311,-0.8693545267010225,-1.1360828101076073,5124.90234375,5011.714108936642,5009.013428571866,
daejun,XC253373.ogg,4760.04254534528,778410.8146068486,-3.378446934526269,13.176524862052478,4295.8740234375,4565.248957898733,4017.4174409307557,
daejun,XC253586.ogg,5.38330078125,38.63990306854248,0.0,-2.0,0.0,0.0,0.0,
daejun,XC253589.ogg,6.280517578125,30.736286531795155,-0.3380617018914066,-1.885714285714286,10.7666015625,0.0,0.0,
daejun,XC253841.ogg,4084.4741423233695,986109.3014194979,-3.64744356610131,11.375981230664959,4371.240234375,3602.963258579854,1951.950274161437,
daejun,XC254477.ogg,4251.984692227309,14667.620118314997,-1.7025322962617693,3.370031539475584,4328.173828125,4250.211262056408,4248.375014612135,
daejun,XC254478.ogg,5012.0452880859375,1094.4118491701179,0.3981639489719087,0.26423368634354016,5006.4697265625,5011.937267042648,5011.829426601782,
daejun,XC255356.ogg,,
daejun,XC256194.ogg,,
daejun,XC256204.ogg,,
daejun,XC267990.ogg,4342.966202445652,4492.94844958369,-0.3699885193167712,-1.6984464326694568,4392.7734375,4342.449178407593,4341.930222589971,
daejun,XC267998.ogg,,
daejun,XC267999.ogg,4100.424840328467,1934.649676609162,0.266621294596026,-0.28868914858318817,4112.841796875,4100.191069260957,4099.957710829212,
daejun,XC269055.ogg,5085.798046875,114666.16094896868,-1.3185295556557288,0.569861019543279,5167.96875,5073.8776779106765,5061.184568443411,
daejun,XC269060.ogg,5248.71826171875,1438.3087323067036,-0.25061777605131796,3.5470020789837413,5254.1015625,5248.582026432726,5248.445592043553,
daejun,XC269460.ogg,,
daejun,XC269461.ogg,188.41552734375,165.59958457946777,0.0,-1.3599999999999999,172.265625,188.03010736287814,187.64446721311475,
daejun,XC269462.ogg,4339.4412018531975,3957.573327907296,-0.8159204634119928,-0.9773239848667248,4371.240234375,4338.992264296955,4338.539807009159,
daejun,XC269463.ogg,,
daejun,XC277801.ogg,45.55100661057692,80.2521063731267,0.46508771684719974,-0.0884773662551428,43.06640625,44.753460209406256,43.96832051701571,
daejun,XC277814.ogg,1008.7109375,17413.365044377068,1.6394478989386645,2.003232706575022,947.4609375,1001.2132967398426,994.5525348816851,
daejun,XC277818.ogg,,
daejun,XC282433.ogg,5596.571122839096,1977003.7775404693,-2.0076944321064283,4.100926758584942,667.529296875,5227.5082762848215,4283.139562122679,
daejun,XC282434.ogg,7835.9326171875,81.14379644393921,0.3436215967445456,-1.153061224489796,7827.3193359375,7835.928476021661,7835.924335829949,
daejun,XC283613.ogg,,
daejun,XC283695.ogg,645.0173117897727,97661.3011902029,0.5673163866353248,-1.673540021459347,419.8974609375,583.6574908826688,535.8675273775867,
daejun,XC283696.ogg,1242.9443359375,11978.10709476471,0.4770873193373877,-0.1747669218367216,1259.6923828125,1238.2675629086123,1233.6802593717543,
daejun,XC287575.ogg,,
daejun,XC287996.ogg,4765.199973366477,1351134.2869292605,1.0085865969727166,-0.38363457017038893,3854.443359375,4645.5819410862905,4542.2825722956995,
daejun,XC288004.ogg,6965.9912109375,10123.65460395813,1.4385738080464254,1.147110308257096,6879.8583984375,6965.29733270025,6964.612673269752,
daejun,XC289053.ogg,3734.088134765625,1401845.010691624,-0.6568221377849509,-1.3265051556005625,4672.705078125,3504.238174658463,3240.504325847442,
daejun,XC289054.ogg,4010.55908203125,530.5555921334487,0.0,-1.1141868512110729,3983.642578125,4010.4976605173947,4010.436238277673,
daejun,XC289368.ogg,0.0,0.0,0.0,-3.0,0.0,0.0,0.0,
daejun,XC289724.ogg,5712.355041503906,51522.14873106556,0.3699704858149886,-0.02176400811098711,5630.9326171875,5707.973982565948,5703.626450538745,
daejun,XC292089.ogg,1230.8656754032259,13658.333220789507,0.11832526676830384,0.5718913809173292,1259.6923828125,1225.4680448697816,1220.0247756562326,
daejun,XC293801.ogg,2547.0703125,1778.2847697918232,1.2986862728608755,1.5414323363519182,2508.6181640625,2546.7504785893966,2546.4348826922865,
daejun,XC297492.ogg,5812.88818359375,34529.90537881851,1.4670556964076205,0.2115915642271382,5717.0654296875,5810.291174839609,5807.769429889723,
daejun,XC306336.ogg,,
daejun,XC306660.ogg,4852.72265625,799425.9777724743,-0.157370097225953,-0.9710873061490886,4198.974609375,4769.75736311155,4682.993618961287,
daejun,XC30893.ogg,37.68310546875,158.07233073494652,0.7155417527999327,-0.07999999999999963,32.2998046875,35.86404460238617,34.14957323788547,
daejun,XC30894.ogg,15.8807373046875,35.59329532659971,-0.3588521239858447,-0.9860748514868742,21.533203125,0.0,0.0,
daejun,XC309041.ogg,5229.658467060811,664513.9103080776,-0.82210514127783,-0.03727875401669589,3542.2119140625,5160.339571923672,5082.78118190333,
daejun,XC309639.ogg,,
daejun,XC310074.ogg,,
daejun,XC311720.ogg,4398.723401521382,854570.731855982,-1.6850391796501447,1.6784248852479688,2185.6201171875,4268.168691009473,4091.5358532578502,
daejun,XC31262.ogg,42.08762428977273,54.19622768055309,0.10584214937952026,-0.7716049382716053,43.06640625,41.4652639539444,40.838833512931046,
daejun,XC313196.ogg,5857.668746145148,12189.584698498187,0.4698414755290791,0.3086015899492871,5813.96484375,5856.640682570992,5855.618040437488,
daejun,XC313672.ogg,5809.089401533019,8651.917338025241,1.0531442429006246,1.5390421779479393,5835.498046875,5808.3665393701685,5807.651278247407,
daejun,XC314047.ogg,5524.163818359375,1506.0780400579627,0.34318683556439566,-1.13370109393195,5512.5,5524.039049290649,5523.9144704507735,
daejun,XC314957.ogg,4887.058327414773,2277.5588320060206,-1.1454537446918913,1.0136760518103811,4920.3369140625,4886.830672490012,4886.601304123309,
daejun,XC319370.ogg,4637.596594769022,5692.894809802059,1.7857793864215898,3.9652138893724294,4618.8720703125,4637.020162755198,4636.454082445136,
daejun,XC321210.ogg,345.09791324013156,8687.199260059155,-1.13934139139475,-0.23081688161414693,172.265625,329.2958445682457,309.4293451824692,
daejun,XC323125.ogg,,
daejun,XC323210.ogg,4902.178317397388,41060.90008888995,-0.6760942022839516,0.32563378274532795,5135.6689453125,4897.965836528088,4893.662239158616,
daejun,XC323890.ogg,,
daejun,XC323892.ogg,2414.552066200658,10714.099438566911,0.4863358194319618,-0.012193208893465535,2293.2861328125,2412.474309430369,2410.420103004509,
daejun,XC323929.ogg,,
daejun,XC325254.ogg,5755.133056640625,1796004.0079057217,-1.401323210281446,0.006453127467391351,3445.3125,5557.5048709560815,5310.16879557985,
daejun,XC327747.ogg,5969.6319580078125,2298.0242352122846,0.014967668767912034,-1.1798719004910003,5996.9970703125,5969.447508593349,5969.263070014128,
daejun,XC330636.ogg,4297.857344777961,36266.29724483911,-0.16598165252367833,-1.3528189718425299,4005.17578125,4293.724804959481,4289.571167321335,
daejun,XC340518.ogg,6280.843838778409,13592.112812128933,-0.4711467045177924,-1.616343818734882,6147.7294921875,6279.854569898856,6278.859869784946,
daejun,XC343274.ogg,,
daejun,XC343275.ogg,,
daejun,XC343276.ogg,,
daejun,XC348366.ogg,4949.674310627774,141755.49884909476,-1.5434534027353857,1.248786522319981,5211.03515625,4934.101038730712,4917.133429190606,
daejun,XC348367.ogg,4911.790230347938,38043.25018385329,1.0483491230847297,2.047193533183968,4888.037109375,4908.050469869048,4904.396969336922,
daejun,XC348368.ogg,5399.703025817871,18307.947847574185,1.8014213527486387,3.914119278624576,5329.4677734375,5398.068261253849,5396.478747045975,
daejun,XC348369.ogg,4846.104029605263,2973.91675020519,-0.5507525099088764,-0.4971411378781396,4823.4375,4845.812138690491,4845.519043107562,
daejun,XC348370.ogg,5952.777099609375,150372.24277853966,-1.0379812820407652,-0.8112394228715414,6180.029296875,5940.0127864032,5926.672272491827,
daejun,XC348371.ogg,5974.5194284539475,96732.01944482954,-0.13394929884985393,-0.91134729932116,6061.5966796875,5966.512512564054,5958.4566889280595,
daejun,XC348373.ogg,6078.627485795455,39750.54658542979,-0.3794072193960569,-0.8949444407221594,6169.2626953125,6075.388070077313,6072.120150226848,
daejun,XC348374.ogg,4376.62353515625,193.1995153427124,0.0,-1.3599999999999999,4360.4736328125,4376.606981269425,4376.590427365081,
daejun,XC349430.ogg,,
daejun,XC349617.ogg,,
daejun,XC349618.ogg,,
daejun,XC357028.ogg,6963.041457084761,138408.97087160856,1.1318327838318518,-0.3377972847894499,6653.759765625,6953.603387381373,6944.528068823814,
daejun,XC358193.ogg,,
daejun,XC358194.ogg,,
daejun,XC358196.ogg,,
daejun,XC362102.ogg,,
daejun,XC362104.ogg,,
daejun,XC362106.ogg,,
daejun,XC362108.ogg,,
daejun,XC362230.ogg,,
daejun,XC362348.ogg,5498.566750919118,28248.678500512066,-0.25306277344826333,-1.3818646782182318,5254.1015625,5496.034218622058,5493.488540105576,
daejun,XC363228.ogg,24.224853515625,24.839937686920166,1.1547005383792515,-0.6666666666666665,21.533203125,23.83040657167197,23.490767045454547,
daejun,XC365749.ogg,4716.501423463983,4002.8877297850927,0.25893533318911577,-0.36929285440797655,4672.705078125,4716.079768511369,4715.659005200757,
daejun,XC367058.ogg,5417.39501953125,2055768.7560340455,0.48001955709722083,-1.680728518307319,4274.3408203125,5244.990034184943,5089.911622366529,
daejun,XC367068.ogg,520.6172820060484,297.90118817360167,-1.3361699216707865,0.5091805115456749,527.5634765625,520.3318973700425,520.0378393708874,
daejun,XC368497.ogg,4981.810735887097,19012.3280479062,0.05806237566847299,-1.2450512453604003,4866.50390625,4979.965205133383,4978.121275629602,
daejun,XC368605.ogg,,
daejun,XC368606.ogg,,
daejun,XC368608.ogg,55.986328125,81.14379644393921,-0.3436215967445456,-1.153061224489796,53.8330078125,55.37823904709404,54.74543167372881,
daejun,XC368609.ogg,5668.61572265625,7595465.06613493,-1.788731528934663,1.1997802362156467,43.06640625,2922.6638225303213,250.45989078435525,
daejun,XC369689.ogg,4503.417449301862,1324.0154019998906,-0.7502629815081024,-0.8006378702187624,4521.97265625,4503.27299269071,4503.127954329511,
daejun,XC369695.ogg,6174.231896033654,147084.27718052495,-0.16806825041189796,-1.1828582894118973,6007.763671875,6162.39262243047,6150.45649579093,
daejun,XC371882.ogg,4584.819563045058,61895.21961433944,-1.6777896066470943,1.5648875104617872,4640.4052734375,4577.788109325834,4570.294179053896,
daejun,XC371883.ogg,562.6719599184783,32289.74299845488,1.883166305925831,3.9352532660232207,495.263671875,540.4896885944388,522.3895373565263,
daejun,XC373781.ogg,5158.417732484879,832.7399734023511,-0.24507666533185904,0.09387536115216744,5167.96875,5158.338242578546,5158.258676757575,
daejun,XC373791.ogg,8436.978149414062,1261608.415793988,-4.337025365340665,19.66092525314744,8785.546875,8305.655234777081,8052.392412854361,
daejun,XC377735.ogg,40.9130859375,81.14379644393921,0.3436215967445456,-1.153061224489796,32.2998046875,40.137021471615874,39.39000571646341,
daejun,XC379007.ogg,8325.927971404733,1417352.6235946852,-2.621393481661077,5.095355169068359,8548.681640625,8210.848686453606,8055.148087627764,
daejun,XC379008.ogg,3822.1815992159895,1695.6325917125291,0.3801778785272502,0.9017550163150512,3832.91015625,3821.9611276104242,3821.741197943075,
daejun,XC379274.ogg,4123.409016927083,2296.6868242370747,-0.07007980953377446,0.6009319557096018,4134.375,4123.132895225022,4122.856546071082,
daejun,XC381584.ogg,5293.016989834337,97056.80423565969,0.8513674895916984,1.3904085379231468,5135.6689453125,5284.110977528239,5275.403462434478,
daejun,XC381590.ogg,5310.589348779966,1602.850225690293,-0.85012712788966,1.1177015777051924,5318.701171875,5310.439858389542,5310.289714044219,
daejun,XC381592.ogg,5191.396077473958,134657.1631980276,-3.783236151855319,12.666861944667978,5275.634765625,5175.639685947325,5156.289405167835,
daejun,XC382680.ogg,8235.25390625,6298.304200172424,1.0181683365599627,1.0576341249233607,8150.3173828125,8234.887976506352,8234.524328839232,
daejun,XC382749.ogg,3548.671875,3898266.9248684593,-1.1971839054609306,-0.5634297380214877,96.8994140625,1766.7426027056372,321.42744289305375,
daejun,XC386253.ogg,,
daejun,XC386254.ogg,,
daejun,XC394524.ogg,4332.9946944962685,576.2293164597097,0.24506156035917911,-0.24495983462133353,4328.173828125,4332.928754770718,4332.8628720486195,
daejun,XC404296.ogg,8.3740234375,80.4997980594635,0.4129503602129438,-1.2696,0.0,0.0,0.0,
daejun,XC406259.ogg,6282.06507131594,58034.12120550051,-0.696254986407565,1.0019124337616132,6363.0615234375,6277.395240420983,6272.626857836805,
daejun,XC406329.ogg,4419.216684194712,161832.3347864129,-0.12994955852616488,-1.737774967769325,3951.3427734375,4400.806470663953,4382.293193662836,
daejun,XC406330.ogg,4550.220514112903,20780.11540402094,1.0246249211958278,2.569554440735879,4489.6728515625,4547.993119286584,4545.806749139206,
daejun,XC407056.ogg,,
daejun,XC407148.ogg,,
daejun,XC412626.ogg,,
daejun,XC413015.ogg,153.0269435194672,19.76336025800861,1.401121345794515,-0.03685897435896912,150.732421875,152.96507435920702,152.9048403720898,
daejun,XC415745.ogg,4.6142578125,30.572230999286358,0.28867513459481287,-1.9166666666666667,0.0,0.0,0.0,
daejun,XC415746.ogg,,
daejun,XC420400.ogg,6904.82775099734,269070.3411845561,-0.7525955518340662,-0.8031883506844975,7084.423828125,6884.949607839029,6864.27850479236,
daejun,XC421265.ogg,172.265625,77.27980613708496,0.0,-1.0000000000000002,172.265625,172.09714985959815,171.9285102739726,
daejun,XC421294.ogg,16.14990234375,34.77591276168823,0.0,-2.0,10.7666015625,15.226273950354855,14.35546875,
daejun,XC424298.ogg,,
daejun,XC432600.ogg,4672.017848238032,333.1975128280431,-0.1680749674054688,0.015274728822300965,4672.705078125,4671.982249019694,4671.946633415735,
daejun,XC433230.ogg,824.84130859375,4792463.612994727,2.474693675647879,4.12450554268971,75.3662109375,118.24655278302788,78.19059560669838,
daejun,XC444869.ogg,2089.2502081198772,5366720.968078394,0.29686360645405874,-1.908510425836737,139.9658203125,0.0,0.0,
daejun,XC448964.ogg,7793.844992897727,902394.8911753568,-0.1982992595786424,1.154417569336048,7708.88671875,7734.489676700616,7671.831892920829,
daejun,XC449492.ogg,7716.716974431818,22490.53121696819,2.4538418516265437,4.733143240647059,7644.287109375,7715.430773585064,7714.182053245084,
daejun,XC449495.ogg,5053.349304199219,36174.297019680766,1.9878768500978163,9.555446915783921,4920.3369140625,5049.991567232808,5046.761748811663,
daejun,XC453921.ogg,,
daejun,XC465989.ogg,,
daejun,XC467319.ogg,5184.716796875,611.7984652519226,-0.07559840489048504,-1.0345429362880887,5189.501953125,5184.664339602882,5184.61186994822,
daejun,XC467320.ogg,6187.787583295037,1072744.6767082072,-4.2536435414571265,16.669080968791462,6136.962890625,5999.998777830149,5572.395197656569,
daejun,XC468116.ogg,,
daejun,XC469746.ogg,6861.9140625,11318060.126400763,-1.242892243362734,-0.14239390512287864,376.8310546875,4554.659788576343,1565.8718658521036,
daejun,XC473419.ogg,6861.9140625,11318060.126400763,-1.242892243362734,-0.14239390512287864,376.8310546875,4554.659788576343,1565.8718658521036,
daejun,XC473421.ogg,6217.02880859375,37069.26092863083,1.521231802150913,2.187354312840787,6093.896484375,6214.157530936613,6211.3693084259885,
daejun,XC474561.ogg,4598.236083984375,12718.675366856834,-1.1669574980635544,0.25998594022637267,4586.572265625,4596.944181387027,4595.627836913838,
daejun,XC475740.ogg,5207.909368699597,31276.2883594788,-0.3164792099472416,0.4965749761539575,5372.5341796875,5204.886210474727,5201.834094308473,
daejun,XC476732.ogg,,
daejun,XC477131.ogg,7.177734375,30.911922454833984,-0.7071067811865475,-1.5,10.7666015625,0.0,0.0,
daejun,XC479476.ogg,4785.868932845745,13808.92195489867,-0.2072848283054457,-1.883731875832384,4651.171875,4784.451952650269,4783.030555428425,
daejun,XC481068.ogg,3891.3906179743703,44086.53400952569,0.909300580093901,-0.19031673006981453,3725.244140625,3885.9328163977625,3880.639921340125,
daejun,XC481214.ogg,5693.928690159574,1000427.3031096455,-1.6600590263870532,1.2584357122859027,5706.298828125,5584.366862734125,5447.159153966492,
daejun,XC483708.ogg,3890.5508646150915,73860.52376613385,1.699585099980364,5.865051313688035,3832.91015625,3881.7326915483295,3873.3350128837596,
daejun,XC483713.ogg,1496.5576171875,1360.1245880126953,0.22613350843332272,-1.5082644628099175,1453.4912109375,1496.1330139451704,1495.7099459012957,
daejun,XC487483.ogg,4426.692609089177,16046.805543143571,-2.756580104153186,5.902863798997327,4478.90625,4424.7860787494565,4422.772774819662,
daejun,XC487484.ogg,4543.505859375,146781.3099262326,1.2488688183170757,0.18434960140035894,4349.70703125,4528.432835810165,4514.312583558252,
daejun,XC489339.ogg,5715.046691894531,121591.82884760441,1.765124267497898,1.3652715667446769,5534.033203125,5705.4044282389505,5696.395803731,
daejun,XC494258.ogg,4731.15234375,728.6381721496582,-0.4573967903436568,-0.2546487603305789,4737.3046875,4731.086231673937,4731.020010978544,
daejun,XC502158.ogg,,
daejun,XC510802.ogg,3284.6416766826924,1071.5142350930432,-0.18704102807072318,-1.2189255945567947,3273.046875,3284.4909251844324,3284.339989984058,
daejun,XC522860.ogg,7140.523488898027,24131.636305859214,1.249550726709549,0.5457466940302895,7019.82421875,7138.949836132617,7137.403012077153,
daejun,XC52403.ogg,,
daejun,XC52404.ogg,,
daejun,XC52405.ogg,30.091271033653847,696.6133132154642,0.2078709149045588,-1.3019321900333998,0.0,0.0,0.0,
daejun,XC535123.ogg,,
daejun,XC535124.ogg,,
daejun,XC535125.ogg,,
daejun,XC535126.ogg,,
daejun,XC535127.ogg,,
daejun,XC535128.ogg,,
daejun,XC535129.ogg,,
daejun,XC535130.ogg,,
daejun,XC535131.ogg,,
daejun,XC535132.ogg,,
daejun,XC535133.ogg,,
daejun,XC535134.ogg,,
daejun,XC535135.ogg,,
daejun,XC535136.ogg,,
daejun,XC535137.ogg,,
daejun,XC535138.ogg,,
daejun,XC535139.ogg,,
daejun,XC535140.ogg,,
daejun,XC535141.ogg,,
daejun,XC537140.ogg,,
daejun,XC538591.ogg,2562.451171875,3998348.977804184,-0.566891572081825,-1.678538891360826,43.06640625,750.4891193601264,107.45521776930964,
daejun,XC539422.ogg,41.41000600961539,54.987554366771995,0.17908420022696386,-0.7534696859021182,43.06640625,40.79483467148244,40.18157520933015,
daejun,XC542391.ogg,,
daejun,XC553317.ogg,5318.701171875,400.44990452853114,0.0,-1.0886426592797782,5297.16796875,5318.666663220662,5318.632154382108,
daejun,XC553357.ogg,5449.02712799782,537106.5512056553,-1.351553070537977,-0.020165956297487853,5770.8984375,5393.106108024893,5329.722525925209,
daejun,XC554274.ogg,7723.568448153409,42803.87953194705,2.791434279414906,5.918784746371212,7665.8203125,7721.162583667938,7718.8652047888945,
daejun,XC554463.ogg,,
daejun,XC554504.ogg,,
daejun,XC561763.ogg,7667.486572265625,2068221.2789213082,-2.2834861651086364,5.851832859979467,6492.2607421875,7452.123780208957,7079.068046709465,
daejun,XC563632.ogg,5275.128102022059,152295.42133713167,-0.371727472266563,-1.7029272972570615,4823.4375,5260.453620243091,5245.53299747824,
daejun,XC563644.ogg,8043.42041015625,2915.1896100777844,-0.22600986335375714,-1.1469509491392142,8042.6513671875,8043.251969572522,8043.083362491388,
daejun,XC563730.ogg,4557.955771998355,2116.083786362096,2.864896774846569,8.52483624851882,4554.2724609375,4557.730958859686,4557.510311006479,
daejun,XC563732.ogg,6115.800949622845,553.0204638811724,2.788455783774336,13.637335711288728,6104.6630859375,6115.756826450358,6115.7130085985045,
daejun,XC567901.ogg,4814.57088694853,525.0480946372537,-0.6379757271446237,0.6732849131388461,4812.6708984375,4814.519464906413,4814.467939688184,
daejun,XC567924.ogg,5866.259765625,5008072.45016098,-0.3320809756111158,-1.8295506849683034,7708.88671875,5393.277074457249,4911.768406441182,
daejun,XC569535.ogg,3962.3667439616534,19224.985428597345,-0.6517000023275384,0.2930481351618588,3972.8759765625,3959.909475244891,3957.4097966093045,
daejun,XC570242.ogg,1458.87451171875,576.189142816207,0.7209831588529814,-0.7384195231259407,1442.724609375,1458.6893975817068,1458.505681551117,
daejun,XC570869.ogg,5638.623046875,495816.1962032318,-0.9476484044589352,-1.0996728718244428,4597.3388671875,5597.7792219698085,5553.975971964892,
daejun,XC571052.ogg,4418.675696331522,65737.79038532311,-0.18106665126511168,0.3809572247658308,4748.0712890625,4411.25412659277,4403.721819777397,
daejun,XC571053.ogg,5295.210404829545,204.44021441719747,-0.46186174327564994,0.21782336061212426,5297.16796875,5295.192841433909,5295.175263925792,
daejun,XC571054.ogg,4501.468613568474,17372.292067198192,0.2946024078191751,-0.4416129620102285,4360.4736328125,4499.56250545508,4497.665711042044,
daejun,XC571055.ogg,3566.6162109375,222755.7291984558,-0.05558179411198615,-1.678827191257927,4026.708984375,3537.1190396445636,3507.5329946048587,
daejun,XC571056.ogg,4812.6708984375,651.3583660125732,-0.1975977928624757,-1.08819304797472,4823.4375,4812.6062578942565,4812.541572548239,
daejun,XC571057.ogg,2904.8291015625,21547.817945480347,0.562709646668722,-1.393623980096785,2767.0166015625,2901.4263935199674,2898.0861894841773,
daejun,XC571058.ogg,,
daejun,XC571059.ogg,,
daejun,XC571060.ogg,,
daejun,XC571061.ogg,,
daejun,XC571062.ogg,4030.89599609375,358342.45125640114,1.9797642982373787,2.007611643323596,3789.84375,3994.064463407155,3963.229174137757,
daejun,XC571074.ogg,5171.639182350852,1622.5695871525534,1.0231737980539712,-0.41918277613022825,5146.435546875,5171.48667157014,5171.334956288722,
daejun,XC572846.ogg,,
daejun,XC577486.ogg,5249.4873046875,4774.363407721887,0.7735845631228534,-0.5630403806968127,5221.8017578125,5249.067737969889,5248.650870537823,
daejun,XC578504.ogg,4023.0325838414633,7800.164280868158,-0.07487887688351819,-0.8156771275443857,4080.5419921875,4022.0735388001413,4021.1131344963337,
daejun,XC578965.ogg,6089.3631784539475,23721.922596818524,0.6682392279417663,-0.7840216202623056,5953.9306640625,6087.469902362291,6085.597174561299,
daejun,XC582530.ogg,5077.335611979167,16045.001168200313,-0.48030344821959964,0.10297925750620074,5167.96875,5075.750056770261,5074.1502477126405,
daejun,XC582574.ogg,2774.3832236842104,10890039.119312638,0.31984749806410506,-1.8975565949930686,32.2998046875,306.6314501266655,53.88260469479504,
daejun,XC598456.ogg,5193.468595805921,1458.147921060261,0.5089333701797077,-0.7859511355686011,5167.96875,5193.335918641627,5193.203559578441,
daejun,XC600767.ogg,3250.5348899147725,521046.44709283655,1.6493043972019266,0.7214145122083786,2928.515625,3190.6854161504402,3142.523881236134,
daejun,XC600769.ogg,5150.921630859375,1550.897876883662,0.24699658628872298,0.4200232715892853,5124.90234375,5150.771957691198,5150.622456093372,
daejun,XC600770.ogg,5677.424760298295,11662.47619823976,0.3387429730839462,-0.9946364155312684,5695.5322265625,5676.448217218186,5675.475622730432,
daejun,XC600771.ogg,5265.610688308189,23034.331181953694,-0.29845858835330114,-1.5470600415002849,5415.6005859375,5263.4861458266805,5261.349773601498,
daejun,XC601090.ogg,,
daejun,XC601092.ogg,0.0,0.0,0.0,-3.0,0.0,0.0,0.0,
daejun,XC605343.ogg,5022.750928925305,179861.7276309467,1.4750140020565887,2.447191129359636,4877.2705078125,5006.450587738067,4991.178752868947,
daejun,XC605843.ogg,5369.54345703125,11390.245229425565,0.4011083543982543,0.160342076881673,5351.0009765625,5368.502540588852,5367.466486957136,
daejun,XC605844.ogg,4731.947393002717,427767.21972536563,1.098879668664812,-0.051680467633291816,4274.3408203125,4690.657507432181,4652.998655126367,
daejun,XC605845.ogg,2773.93798828125,224.83328214058508,-0.21712030181127004,-0.6882488423789614,2777.783203125,2773.9003276859125,2773.8626378859285,
daejun,XC605846.ogg,3999.378380408654,1287.0060022060688,0.16939236534545096,-1.5061390268229065,3962.109375,3999.2299957118366,3999.081755625001,
daejun,XC606100.ogg,6673.464677918632,25478.86606960061,1.6127275227818785,2.9227809104398697,6642.9931640625,6671.636724751123,6669.852153981532,
daejun,XC606101.ogg,6898.9990234375,12613.586539571936,-0.04126062381146197,-1.0198191289383842,6858.3251953125,6898.104609932332,6897.209688838867,
daejun,XC609231.ogg,6190.556640625,29830.82480322231,0.6298467141516273,-0.43040445777762537,5975.4638671875,6188.226292937629,6185.9214194853885,
daejun,XC611019.ogg,45.758056640625,28.97992730140686,1.1547005383792515,-0.6666666666666665,43.06640625,45.5371803884071,45.333059210526315,
daejun,XC612862.ogg,,
daejun,XC67153.ogg,447.890625,4653.871272739611,1.471626568447491,0.8438348050636728,398.3642578125,443.5272223680195,439.68859755076994,
daejun,XC67164.ogg,,
daejun,XC96803.ogg,,
daejun,XC97210.ogg,3709.09423828125,193.1995153427124,0.0,-1.3599999999999999,3692.9443359375,3709.0747051422804,3709.055171974506,
daejun,XC97211.ogg,2461.2451171875,1013426.769733429,1.4999284023513049,0.2502226053614769,1981.0546875,2323.310961449345,2226.9906884118636,
