#filename,mean,variance,skewness,kurtosis,mode,gmean,hmean
dowwoo,XC115431.ogg,,
dowwoo,XC118417.ogg,6746.3525390625,80038.28848035712,0.16476640170192441,-1.3517853474404267,6642.9931640625,6740.737068745372,6735.145392410225,
dowwoo,XC134879.ogg,6646.22314453125,3845495.9612488747,-1.072550001762181,-0.12352304353205756,6976.7578125,6294.625016375128,5846.865537822726,
dowwoo,XC137910.ogg,,
dowwoo,XC141826.ogg,6231.328986672794,47650.67164073972,-0.8859852103355702,-1.1822638590654178,5900.09765625,6227.655341998656,6223.9081336343625,
dowwoo,XC141827.ogg,5399.45068359375,6011909.102618694,-0.7070515631149852,-1.4999826466048574,2228.6865234375,4775.554564266133,4086.847591046856,
dowwoo,XC142215.ogg,5945.47119140625,25202.34600855754,-0.03336988530232181,-1.3136810282197078,5727.83203125,5943.501222620881,5941.529883365695,
dowwoo,XC144084.ogg,6440.8203125,6716.9031500816345,1.2657263013404572,-0.27878570463363994,6384.5947265625,6440.361436277081,6439.907171859199,
dowwoo,XC144085.ogg,6328.070068359375,62527.09114551544,-0.40502876986673975,-1.444915311908795,6621.4599609375,6323.386881584369,6318.655484418447,
dowwoo,XC161002.ogg,,
dowwoo,XC161003.ogg,,
dowwoo,XC161004.ogg,,
dowwoo,XC161005.ogg,,
dowwoo,XC163616.ogg,,
dowwoo,XC167646.ogg,21.533203125,77.27980613708496,0.0,-1.0000000000000002,21.533203125,20.03890346015751,18.45703125,
dowwoo,XC167833.ogg,2480.7228781960225,85291.06240380897,-4.360056508289044,17.023822435225604,2540.91796875,2455.127893945294,2414.8655326242047,
dowwoo,XC16880.ogg,58.1396484375,34.77591276168823,0.40824829046386296,-1.8333333333333333,53.8330078125,57.905677100496035,57.67822265625,
dowwoo,XC16881.ogg,62.548828125,146.27963304519653,0.38191974552375535,-0.47690281238875,53.8330078125,61.4509075856739,60.36962859583598,
dowwoo,XC16883.ogg,137.8125,76785.21537780762,2.6599551803538986,5.090260409508671,43.06640625,65.94469453302943,53.08204095404166,
dowwoo,XC169168.ogg,6242.5059143926055,4157207.39980147,-0.25423774566432794,-1.928624999490671,3886.7431640625,5884.0654027410865,5526.337464323198,
dowwoo,XC17149.ogg,,
dowwoo,XC172397.ogg,6775.919283353365,9226.673838725457,-0.8892619975603521,-0.7719881330503076,6815.2587890625,6775.259120507758,6774.593468676784,
dowwoo,XC173585.ogg,1102.7437390256005,5445.075683288546,0.034197797858327925,0.29062845760455724,1098.193359375,1100.2658236126072,1097.7737297428996,
dowwoo,XC176356.ogg,18.140986194349313,60.78286121969354,-0.33267111068938854,-0.008367546411470528,21.533203125,0.0,0.0,
dowwoo,XC181615.ogg,,
dowwoo,XC181734.ogg,5984.6923828125,2970005.3654909134,0.291510855776321,-1.909870048715791,4511.2060546875,5756.32026916787,5547.705512045618,
dowwoo,XC191447.ogg,6907.264293323864,35224.83818097548,1.1930858175827244,-0.36012646823522365,6782.958984375,6904.99241723416,6902.766601934911,
dowwoo,XC192207.ogg,1413.7335074216603,24134.331240532472,-1.193410067915027,1.2350930492469514,1528.857421875,1404.1930264044115,1393.4338777598198,
dowwoo,XC192209.ogg,6694.953719429348,1766.744658881025,-1.3051648743246966,1.86818307891137,6707.5927734375,6694.826825386118,6694.69924068727,
dowwoo,XC199364.ogg,,
dowwoo,XC209082.ogg,6324.7802734375,1365.276575088501,0.40535944726603096,-1.0127436365254536,6276.9287109375,6324.684475635828,6324.588819224792,
dowwoo,XC209575.ogg,,
dowwoo,XC210550.ogg,5118.129804057459,2791187.8593917685,-0.40502612873070537,-1.6333772016557815,6126.1962890625,4810.77552787968,4488.364525388092,
dowwoo,XC210867.ogg,6359.9853515625,1998.2349872589111,-0.1589253229821289,-1.2456045297762586,6298.4619140625,6359.850602883118,6359.715759916848,
dowwoo,XC218808.ogg,6118.982666015625,211044.25392313438,-0.4584673936856951,0.33037392768462803,6093.896484375,6101.376362864009,6083.188234783304,
dowwoo,XC236402.ogg,,
dowwoo,XC246331.ogg,7679.185748922414,16316.983895055175,0.1524465704111599,-1.3775118862599574,7848.8525390625,7678.161518153442,7677.138957193902,
dowwoo,XC246335.ogg,184.1776097074468,10730.595456138408,0.9775335227679326,0.08642986407981379,96.8994140625,159.15825582196553,139.28817228064815,
dowwoo,XC248137.ogg,7392.942652209052,4928.871773440262,3.6533794067466987,14.459985660805913,7364.35546875,7392.627882340828,7392.320001552787,
dowwoo,XC251303.ogg,21.533203125,53.50140424875113,0.0,-0.6666666666666665,21.533203125,20.245851672606673,18.841552734375004,
dowwoo,XC270529.ogg,,
dowwoo,XC282301.ogg,,
dowwoo,XC290063.ogg,6675.29296875,540.9586429595947,0.0,-1.2499999999999998,6642.9931640625,6675.258237551337,6675.223506262321,
dowwoo,XC293009.ogg,5429.158528645833,2012121.7626791736,-0.8443251117237532,-1.2184385213313527,3294.580078125,5214.524816456454,4971.3713765949005,
dowwoo,XC293614.ogg,7075.810546875,81.14379644393921,-0.3436215967445456,-1.153061224489796,7073.6572265625,7075.805958564848,7075.801369056088,
dowwoo,XC295303.ogg,4507.1044921875,9467805.729210377,-0.7061163763585044,-1.4960576857703283,322.998046875,2160.038114144858,536.6853478362844,
dowwoo,XC302575.ogg,598.623046875,75962.18544244766,1.4391182346679743,0.16051916909229424,452.197265625,560.6997008620924,534.1855902935503,
dowwoo,XC305016.ogg,,
dowwoo,XC313330.ogg,272.4778395432692,683.6290542895977,0.6437560230479307,-0.6408790170132317,258.3984375,271.35724198028475,270.2749742925863,
dowwoo,XC313331.ogg,858.7000569020669,68125.30752711408,-0.3678758036262449,-1.86106474241146,1076.66015625,814.959907888801,770.0869733708316,
dowwoo,XC313765.ogg,5699.5697021484375,477.20280289649963,0.16229125533390265,-0.960481240472717,5684.765625,5699.530470876461,5699.491255071289,
dowwoo,XC316014.ogg,22.7294921875,41.85989499092102,0.01508585654909108,-0.008875739644971237,21.533203125,21.816860302432218,20.764160156250004,
dowwoo,XC318913.ogg,61.0107421875,286.3898698021384,0.010391328106475828,-0.38095238095238093,75.3662109375,58.613784716183524,56.03178601135843,
dowwoo,XC318914.ogg,1982.84912109375,2220252.694308758,-0.7070901680860372,-1.4999530117305504,2939.2822265625,799.6560988845712,169.42295891747077,
dowwoo,XC324884.ogg,6160.6494140625,150243.13537827853,-0.39555021161914433,-1.5790484983363358,6492.2607421875,6148.647946199939,6136.457310569403,
dowwoo,XC327928.ogg,,
dowwoo,XC332647.ogg,6538.018798828125,9991921.514421701,-0.0002030162409096362,-1.999713849431102,3768.310546875,5937.255745058271,5391.614236297535,
dowwoo,XC333284.ogg,6610.693359375,847390.9080945528,-3.030137153114048,7.838676168652652,6847.55859375,6526.156591495546,6405.975252252527,
dowwoo,XC341864.ogg,4279.72412109375,656.8783521652222,1.0272097060362337,-0.7820069204152253,4263.57421875,4279.6667668891905,4279.609615999596,
dowwoo,XC343277.ogg,,
dowwoo,XC343278.ogg,,
dowwoo,XC349453.ogg,7456.768798828125,963597.5118252364,0.4264732513707828,-1.7230352976097632,6675.29296875,7399.328173659453,7344.210534137333,
dowwoo,XC360351.ogg,5884.192449396307,6316.214979766036,0.5683084658476331,-0.7018209628100505,5803.1982421875,5883.6705076698545,5883.151147391699,
dowwoo,XC367701.ogg,7.8955078125,24.287939071655273,-1.0552897060221726,-0.8863636363636362,10.7666015625,0.0,0.0,
dowwoo,XC373492.ogg,1556.312255859375,56007.435500621796,-5.812041972955988,32.703866466943936,1593.45703125,1489.097606401082,1184.0466483829716,
dowwoo,XC373770.ogg,1204.9306769120067,773.9144013306848,-10.32083379121167,122.81492129524555,1205.859375,1204.5452622179462,1204.0774818799032,
dowwoo,XC377122.ogg,476.1027707891949,32.24884955106877,0.2018146887194048,-0.1311436339241565,473.73046875,476.0695247050817,476.0363250787218,
dowwoo,XC383942.ogg,5122.883605957031,1680638.23697716,-0.20702188439168887,-1.5329326322588679,3574.51171875,4959.097191555452,4791.456533238462,
dowwoo,XC388701.ogg,772.119140625,257.31627757732684,-0.07093334425259329,-0.773845701401823,775.1953125,771.9642125781822,771.8090924586933,
dowwoo,XC390883.ogg,908.5111730238971,3177183.6967184586,2.9037068806368187,6.4322736626770105,366.064453125,467.6406103597632,395.10564648891136,
dowwoo,XC414079.ogg,,
dowwoo,XC416732.ogg,72.88161057692308,292.77157325011035,0.6513502855721366,-0.6067535880852382,64.599609375,71.13591412332967,69.51396672989752,
dowwoo,XC420821.ogg,2741.89453125,8918906.586170197,0.13364974841464264,-1.9820823790462516,43.06640625,421.68210475595333,77.65860894868725,
dowwoo,XC445797.ogg,3065.1168823242188,12340931.542731822,0.5170407223743417,-1.731773555045364,430.6640625,1254.6259819288775,665.9790164157713,
dowwoo,XC450915.ogg,1208.8999430338542,172195.10116584078,0.4129282023261449,-1.8060989696992653,872.0947265625,1142.2637748446011,1084.38933211841,
dowwoo,XC450916.ogg,334.84130859375,4464.7391156146405,1.1246559040814275,-0.27012325182000607,279.931640625,329.21811823002366,324.29364261020663,
dowwoo,XC453913.ogg,,
dowwoo,XC454623.ogg,,
dowwoo,XC457432.ogg,2002.587890625,9359453.921020031,0.8333232929662908,-1.3055094010075425,43.06640625,197.18188999308992,58.973110103365975,
dowwoo,XC457490.ogg,39.4775390625,38.63990306854248,-0.7071067811865475,-1.5,43.06640625,39.12842682807489,38.759765625,
dowwoo,XC458954.ogg,,
dowwoo,XC460829.ogg,6586.7376708984375,2998.9766306602037,-0.15026971165417516,-1.191052963003509,6642.9931640625,6586.515517195771,6586.29317628952,
dowwoo,XC460887.ogg,,
dowwoo,XC460990.ogg,2429.6630859375,744.696313684637,-0.9032105006814741,-0.755072979708082,2433.251953125,2429.5216819310676,2429.379356035057,
dowwoo,XC460991.ogg,2399.15771484375,3636.0148787498474,0.6503185023668285,-1.495776871553427,2368.65234375,2398.532358300842,2397.9132801095766,
dowwoo,XC461518.ogg,87.53715183423913,61.69830676305252,-0.5451086948378082,0.09907848212242465,86.1328125,87.17304561309595,86.79168658727399,
dowwoo,XC466323.ogg,7505.859375,8308.003774056067,-2.5412207884673568,5.816155185745959,7547.3876953125,7505.334981721246,7504.7998629527465,
dowwoo,XC473322.ogg,5316.216571514423,3963.562364761646,0.08295414327617624,-1.5813045163505284,5243.3349609375,5315.872662636715,5315.528973876533,
dowwoo,XC473451.ogg,7166.070556640625,59191.94060293111,-0.4914401356463965,-1.4601370183431548,6836.7919921875,7162.242264755202,7158.373508357584,
dowwoo,XC475012.ogg,3411.21826171875,1745.8210750059648,-0.45343500832548755,-1.11102834309681,3369.9462890625,3410.98283799686,3410.7465699982704,
dowwoo,XC475018.ogg,1301.3021312040441,122234.17007672094,-0.7734198755313931,-0.11813738324962886,1464.2578125,1243.0722224002084,1173.62103462881,
dowwoo,XC476563.ogg,6757.510653409091,609.1053810986606,0.6778898716443288,-0.5882412806360171,6729.1259765625,6757.469745805634,6757.428902230209,
dowwoo,XC476564.ogg,3742.862215909091,7248.2436353510075,-0.46039500559004237,-0.5528280575345894,3714.4775390625,3741.931193028149,3740.99341163256,
dowwoo,XC477582.ogg,2639.970703125,81.14379644393921,-0.3436215967445456,-1.153061224489796,2637.8173828125,2639.958399800994,2639.946087841347,
dowwoo,XC482012.ogg,,
dowwoo,XC494452.ogg,6334.676846590909,1536.4630547436802,0.032332271659199344,-1.192362839901325,6352.294921875,6334.566609023739,6334.456384300957,
dowwoo,XC494966.ogg,2394.9228515625,2044418.7242031097,0.7132940348623575,-0.8727620731314829,3305.3466796875,2029.9904114350607,1758.6076960024384,
dowwoo,XC496482.ogg,,
dowwoo,XC500162.ogg,6754.84619140625,37440.59407711029,0.5933104765599864,-0.5558553834781312,6675.29296875,6752.17984857442,6749.541647417219,
dowwoo,XC500163.ogg,6857.582671066811,51335.30018658474,1.0578718345617941,0.15971684679049813,6793.7255859375,6854.046686897474,6850.5875220478465,
dowwoo,XC523512.ogg,4467.311448317308,11253049.927697731,-0.26021676075533967,-1.6225955274038184,215.33203125,2164.284373338554,644.1251992573561,
dowwoo,XC52422.ogg,4098.4222412109375,1842778.891597282,0.9677521624474391,-1.0230173700694318,3283.8134765625,3911.568479865399,3762.499419825815,
dowwoo,XC52423.ogg,8141.508345170455,38156.55300833962,0.5493187533422533,-1.1446649345344841,8107.2509765625,8139.395144496682,8137.299399400454,
dowwoo,XC52424.ogg,9150.958806818182,1353260.7361403378,-1.5414114846192124,0.5482660449616623,9377.7099609375,9067.89944004205,8972.699119170862,
dowwoo,XC52425.ogg,1371.3441115159255,698.0355566112094,1.6091175388635728,7.703066372502834,1388.8916015625,1371.095590733886,1370.8514790998236,
dowwoo,XC531279.ogg,,
dowwoo,XC531285.ogg,,
dowwoo,XC531288.ogg,,
dowwoo,XC531290.ogg,,
dowwoo,XC531291.ogg,,
dowwoo,XC531292.ogg,,
dowwoo,XC531293.ogg,,
dowwoo,XC532741.ogg,6596.337890625,4115.149676799774,-0.5382305548428462,-1.4379587383455663,6503.02734375,6596.0596976574625,6595.780591058846,
dowwoo,XC535771.ogg,7055.9889573317305,3004.682664929131,1.2827183811315088,2.191559456195127,7009.0576171875,7055.782831873221,7055.578023068846,
dowwoo,XC538001.ogg,1624.498882490335,12594.487532575993,1.5303547329169447,0.723562576223665,1582.6904296875,1620.8809179286027,1617.4986782451535,
dowwoo,XC543745.ogg,117.66357421875,53957.86464214325,5.001502043483424,23.022988126083053,75.3662109375,81.62364285022831,76.11508028306339,
dowwoo,XC544561.ogg,1831.9069602272727,289356.2559435961,4.846318994017015,22.118513823849224,1722.65625,1789.532624533486,1766.2916998802202,
dowwoo,XC546151.ogg,,
dowwoo,XC546153.ogg,,
dowwoo,XC546154.ogg,,
dowwoo,XC547321.ogg,,
dowwoo,XC549599.ogg,5595.941162109375,27216.29172563553,1.1357724451177604,-0.6779811019042388,5490.966796875,5593.856352238897,5591.814676247547,
dowwoo,XC550078.ogg,1845.9827769886363,1494143.9303593205,1.6470669793896904,0.7177700197044343,1291.9921875,1613.2828626284193,1484.7651338920234,
dowwoo,XC552104.ogg,6829.6142578125,8514.218641364056,-1.1854938843381722,0.9742937253042907,6826.025390625,6829.010469485785,6828.400170758275,
dowwoo,XC552496.ogg,,
dowwoo,XC561393.ogg,1687.664794921875,221.07544541358948,-0.07013818680779176,-0.7582375962630983,1679.58984375,1687.6010867931277,1687.537349205224,
dowwoo,XC565022.ogg,7998.801935369318,26686.66856939143,-0.625532879374812,-0.49387148544598247,8107.2509765625,7997.149586913386,7995.482709725081,
dowwoo,XC565028.ogg,1203.7708703490803,57.86228128021241,0.007105563732018638,-0.47879111932695295,1205.859375,1203.7469167207425,1203.7229628321206,
dowwoo,XC565031.ogg,1215.468277469758,46.525044578322195,-0.4286461704094274,0.7608611883833856,1216.6259765625,1215.449313365208,1215.4303177169938,
dowwoo,XC566137.ogg,429.58740234375,6539.09180666271,-0.1298015316058912,-0.44132938187946813,366.064453125,421.92744042253486,413.7259792247803,
dowwoo,XC567618.ogg,3.5888671875,30.911922454833984,0.7071067811865475,-1.5,0.0,0.0,0.0,
dowwoo,XC574170.ogg,7003.67431640625,155301.49841308594,-0.7152107556206203,-0.44089679252961567,6944.4580078125,6992.976458998519,6981.973406957587,
dowwoo,XC574497.ogg,,
dowwoo,XC578979.ogg,5994.730417351973,39595.40246391025,-0.5918118698425048,-1.228095763665966,6180.029296875,5991.4709896296245,5988.169023007101,
dowwoo,XC578982.ogg,6240.487905649038,5226.789965079382,-1.9915408803224766,2.780341578242652,6276.9287109375,6240.0954967373245,6239.697163295787,
dowwoo,XC599324.ogg,861.9492750901443,63153.11876964244,-3.173105329882725,8.07437922710252,936.6943359375,0.0,0.0,
dowwoo,XC601009.ogg,5437.73193359375,2736087.526482231,-0.45192697815929533,-1.7883904323427413,3391.4794921875,5157.93787101787,4865.604701517995,
dowwoo,XC610565.ogg,6093.896484375,289.7992730140686,0.0,-1.3,6072.36328125,6093.877462039502,6093.85843968025,
dowwoo,XC611820.ogg,43.06640625,98.7464189529419,0.8557503747420311,0.6909262759924379,43.06640625,42.01978118142022,41.04777951704078,
dowwoo,XC612294.ogg,152.2705078125,209.75947380065918,-0.271676526951981,-0.8760387811634347,150.732421875,151.66679974238474,151.05056867715882,
dowwoo,XC76080.ogg,1231.5222335188357,1422.0454737748187,-2.1079824229094117,4.354120797891962,1248.92578125,1230.9264878640195,1230.3029153817715,
dowwoo,XC78061.ogg,1049.9131024894068,11974.941419450704,1.4250469595137756,0.10776283832450417,990.52734375,1044.7168714596303,1039.9976259050566,
