#filename,mean,variance,skewness,kurtosis,mode,gmean,hmean
easmea,XC11862.ogg,,
easmea,XC11864.ogg,3254.046989889706,282.98046659020815,-0.40186829930396695,-0.3104042676731038,3251.513671875,3254.0060101847816,3253.964974263276,
easmea,XC124956.ogg,,
easmea,XC127730.ogg,37.68310546875,34.77591276168823,0.0,-2.0,32.2998046875,37.296601862200944,36.9140625,
easmea,XC130564.ogg,3855.7891845703125,23198.43180477619,1.1411201094370584,-0.6770888814256795,3768.310546875,3853.227817608116,3850.7375839504202,
easmea,XC130565.ogg,3445.7611083984375,170830.1614581243,0.7022443063390348,-1.09279050377858,3079.248046875,3423.1069427502557,3401.6501528970016,
easmea,XC130566.ogg,3437.05810546875,208557.01143782714,1.2209576649511136,0.37462757082446974,3090.0146484375,3410.2585828700353,3385.8700517403204,
easmea,XC130567.ogg,4265.1123046875,388792.15698975784,-1.3891275905547542,-0.06443242361866908,4565.0390625,4215.985096480111,4159.857889964648,
easmea,XC130568.ogg,5006.4697265625,289.7992730140686,0.0,-1.3,4984.9365234375,5006.44657245214,5006.423418298955,
easmea,XC130569.ogg,3183.601262019231,47920.910555582785,-0.8154524238026015,-1.2993960557592246,3305.3466796875,3176.3849427140613,3168.9132151374815,
easmea,XC130570.ogg,3292.4267578125,81.14379644393921,0.3436215967445456,-1.153061224489796,3283.8134765625,3292.4169050636797,3292.407057820911,
easmea,XC130571.ogg,3682.177734375,131394.9903845787,0.09638802094021143,-1.7265247683093905,3316.11328125,3666.3608649297094,3650.670870154674,
easmea,XC132657.ogg,4111.185396634615,792868.5187147213,-0.7664884834666098,-1.323749210823702,2820.849609375,4009.8264181858654,3898.487031957341,
easmea,XC132662.ogg,3752.16064453125,230119.94272470474,-0.40700470121373394,-1.8313824857092993,3186.9140625,3723.505837922063,3694.0948125639384,
easmea,XC132665.ogg,3861.050137606534,128019.65597662561,1.317512276579433,0.03906177173247416,3660.64453125,3846.0011310284017,3832.0774776124154,
easmea,XC135590.ogg,3596.044921875,454868.9389228821,-0.2212148686896476,-1.9473232165151644,2885.44921875,3537.831563001634,3479.018276930112,
easmea,XC137837.ogg,4004.4580078125,271938.80581855774,0.13898075685672995,-1.9649836085240715,3509.912109375,3973.005678905741,3942.1509132900724,
easmea,XC139962.ogg,3880.283203125,34.77591276168823,0.40824829046386296,-1.8333333333333333,3875.9765625,3880.279619565076,3880.2760373336105,
easmea,XC140147.ogg,3611.9607676630435,1084.0554623735754,0.5286439829916411,-0.6259490071018798,3585.2783203125,3611.8176679413978,3611.6750094142126,
easmea,XC144089.ogg,2890.83251953125,615747.1921883131,1.4961876731789037,0.2449987945907095,2497.8515625,2809.345799164442,2745.813342907169,
easmea,XC144090.ogg,4051.504794034091,524438.76712837,-0.5377135880309959,-0.575096509503771,4360.4736328125,3982.53607379271,3907.3338032998727,
easmea,XC144205.ogg,0.566663240131579,6.10103732661197,4.00693842672377,14.05555555555556,0.0,0.0,0.0,
easmea,XC148223.ogg,3067.6201171875,2018.1621372699738,1.648667347696227,1.7727701217266496,3036.181640625,3067.3091741297517,3067.003006031374,
easmea,XC148227.ogg,2890.9780141469596,728546.4956228798,-2.3781324296964197,5.385215033643865,2928.515625,2513.0606940959815,1496.6633534940609,
easmea,XC163686.ogg,5280.120849609375,169231.35910521855,1.1426379220676615,-0.6750570517185008,5060.302734375,5266.197424690385,5253.04574307452,
easmea,XC163988.ogg,3221.4569091796875,1138.8271431560102,0.5993710995386167,-0.5905539096646462,3197.6806640625,3221.2881947951814,3221.1201586453644,
easmea,XC163989.ogg,2508.6181640625,201690.6340420246,1.6259406020999236,0.7715227832641229,2282.51953125,2475.8518407682354,2448.403870775057,
easmea,XC163991.ogg,4382.0068359375,98956.79175853729,0.648672258026393,-0.9575286858520129,4048.2421875,4371.859319594903,4361.998821662373,
easmea,XC163992.ogg,4304.33349609375,230219.72708977186,-1.865890370358933,3.5116234274642864,4155.908203125,4275.020475381488,4240.175687067432,
easmea,XC163993.ogg,3852.7869591346152,64439.231333365795,-0.18861941673074098,-1.2168599847073815,4177.44140625,3844.6582111794,3836.4532863240656,
easmea,XC163997.ogg,3381.07177734375,52823.279074553786,1.4908443687867152,0.2735713853721915,3262.2802734375,3373.979624274492,3367.334978414689,
easmea,XC164058.ogg,4134.375,4611.028432846069,-0.12324785991810557,-1.7923285790081458,4059.0087890625,4133.872433483824,4133.369259971821,
easmea,XC164062.ogg,4817.737534466912,39805.63485008829,1.2190595256933532,0.5243437134714837,4672.705078125,4813.967412404745,4810.312545643064,
easmea,XC164063.ogg,4678.985595703125,11643.7835178592,0.24249386686328395,-1.592084715338013,4565.0390625,4677.848842366618,4676.716213392493,
easmea,XC164065.ogg,3491.7626953125,89999.86740420846,0.47039148270122205,-0.14518052944030746,3477.6123046875,3479.4740917066447,3467.401655887592,
easmea,XC164066.ogg,4278.955078125,805.9179782867432,1.5006919695284686,1.0502439482079193,4263.57421875,4278.874849703628,4278.79510964935,
easmea,XC164068.ogg,4023.837890625,292870.59330940247,-0.38455388143473235,-1.8217713602271954,3380.712890625,3988.52842193683,3952.2981078670027,
easmea,XC164069.ogg,5829.481416590073,562730.9561733409,0.6938454379123536,-0.3908502730585113,5846.2646484375,5784.011301330838,5740.648031271026,
easmea,XC164070.ogg,4717.038143382353,149766.55959206467,0.799314809625804,-1.0559941223172948,4478.90625,4702.667355841983,4688.89102403035,
easmea,XC164071.ogg,3267.66357421875,170.0155735015869,0.11629129983033297,-1.4793388429752066,3262.2802734375,3267.6391924139116,3267.6148179067163,
easmea,XC169172.ogg,5127.0556640625,81.14379644393921,-0.3436215967445456,-1.153061224489796,5124.90234375,5127.049331137869,5127.042995928815,
easmea,XC169175.ogg,3985.078125,265246.1461938661,1.0447064520624625,-0.4620352515971886,3628.3447265625,3955.30527980728,3927.9456045698716,
easmea,XC16930.ogg,,
easmea,XC16931.ogg,3897.509765625,35873.28600883484,2.8984874360987396,8.08745079163125,3865.2099609375,3893.542924051857,3889.891346841053,
easmea,XC17203.ogg,4742.08984375,9305.77665567398,0.683291034931902,-1.4904236060391995,4672.705078125,4741.225136049132,4740.368043881003,
easmea,XC172945.ogg,25.1220703125,28.97992730140686,0.7071067811865475,-1.5,21.533203125,24.64936430498142,24.224853515625,
easmea,XC172948.ogg,11.234714673913043,68.26891965074502,-0.07114701589565026,-1.2225350209450023,10.7666015625,0.0,0.0,
easmea,XC172950.ogg,1088.7725830078125,3678689.921695901,1.158737936673453,-0.6512403383424288,0.0,0.0,0.0,
easmea,XC172954.ogg,5.9814453125,43.94341917598949,0.5634893020545022,-0.6064209274673011,0.0,0.0,0.0,
easmea,XC172959.ogg,282.68056017287233,1157324.5759025754,3.5732792326448095,10.781675344748782,0.0,0.0,0.0,
easmea,XC172961.ogg,512.0595703125,1460531.1489343643,2.118452741298888,3.040384908017713,10.7666015625,0.0,0.0,
easmea,XC173554.ogg,866.71142578125,2853423.9676594734,1.665846833886971,0.7751919587002507,86.1328125,169.87326296158201,100.52514809523186,
easmea,XC173555.ogg,3196.60400390625,2078695.8001577451,-1.3904420840259037,0.6457384746990877,75.3662109375,2055.6402500763843,462.5477661060638,
easmea,XC174824.ogg,4531.842041015625,1906.5279445864937,-0.7057447347912489,-0.8676233615043238,4468.1396484375,4531.648371627887,4531.453854911437,
easmea,XC179181.ogg,3372.637939453125,133516.3210630417,0.7692940861363348,-1.3451321547456874,3100.78125,3354.972373050443,3338.2727419016883,
easmea,XC179970.ogg,3974.072265625,202748.87491674983,-0.18997053497537167,-1.7717229842843722,4414.306640625,3949.531466930739,3924.732340543951,
easmea,XC180052.ogg,,
easmea,XC183922.ogg,,
easmea,XC188224.ogg,,
easmea,XC193962.ogg,,
easmea,XC206329.ogg,4037.4755859375,463.67883682250977,-0.4050462936504913,-1.3958333333333335,4048.2421875,4037.4263008975145,4037.376950105713,
easmea,XC211158.ogg,3690.9867720170455,345158.3108685233,1.0563487559884992,-0.07451890883154633,3176.1474609375,3652.0499806192074,3616.60579164264,
easmea,XC213700.ogg,3643.026455965909,218213.5835019025,0.15171452419989484,-0.21026205291657707,3596.044921875,3615.667990662009,3588.116129270627,
easmea,XC216427.ogg,,
easmea,XC217752.ogg,1003.3126831054688,2698330.69100976,1.3416715612954133,-0.02317497558689796,86.1328125,227.9418273567435,114.55541158292891,
easmea,XC217756.ogg,75.3662109375,231.83941841125488,-0.816496580927726,-1.0000000000000002,86.1328125,74.06971030558707,72.64213102409639,
easmea,XC219904.ogg,1500.3575942095588,2013901.2356058636,-0.08904814012860408,-1.953568480293358,43.06640625,404.7953289817635,94.59738144685684,
easmea,XC234957.ogg,,
easmea,XC244189.ogg,2962.7729936079545,1062.2460625388408,0.022497885298172284,-1.8243339002267573,2928.515625,2962.6100445409,2962.4471269295486,
easmea,XC244901.ogg,,
easmea,XC246088.ogg,,
easmea,XC254731.ogg,3990.1025390625,16147.615492343903,0.4000210862520027,-1.8214116938914655,3886.7431640625,3988.4956310106,3986.9014315557874,
easmea,XC254732.ogg,4168.46923828125,7948.228061199188,1.7563493779976742,1.1410488959642882,4123.6083984375,4167.692387582761,4166.932928310751,
easmea,XC254940.ogg,83.9794921875,533.2306623458862,0.6726663030209599,0.6938968403996757,86.1328125,81.07784924883661,78.1469972498966,
easmea,XC255450.ogg,3768.8772101151317,4874.728823962964,-0.1868084897707437,-0.9925800438793044,3757.5439453125,3768.2630121031025,3767.6473359358038,
easmea,XC268264.ogg,4075.15869140625,38.63990306854248,0.0,-2.0,4069.775390625,4075.155135723862,4075.151580044584,
easmea,XC291396.ogg,,
easmea,XC291399.ogg,,
easmea,XC293619.ogg,3152.4609375,81.14379644393921,0.3436215967445456,-1.153061224489796,3143.84765625,3152.4506475524045,3152.4403636096567,
easmea,XC293917.ogg,,
easmea,XC296495.ogg,3431.854248046875,77859.91310289032,-0.346814138277704,0.18427208403387452,3326.8798828125,3420.781066658255,3409.3769924119733,
easmea,XC301120.ogg,3158.45947265625,1007691.9428889567,2.297101572757114,5.054477414271387,3229.98046875,3049.7178345906095,2967.9979611508757,
easmea,XC306357.ogg,11.279296875,63.47984075546265,-0.07167179058649858,-1.0814744801512288,10.7666015625,0.0,0.0,
easmea,XC307837.ogg,,
easmea,XC307922.ogg,3625.2685546875,387110.4955673218,0.030073283665966517,-1.2882219288821326,4155.908203125,3573.052486612778,3520.700332959413,
easmea,XC31018.ogg,10.7666015625,53.50140424875113,0.0,-0.6666666666666665,10.7666015625,0.0,0.0,
easmea,XC31119.ogg,16.14990234375,77.27980613708496,-0.3794733192202055,-0.4399999999999995,21.533203125,0.0,0.0,
easmea,XC311845.ogg,,
easmea,XC311866.ogg,4453.628141983696,223046.47319637268,-2.1856945817387667,2.795754980965863,4640.4052734375,4425.195436748941,4391.665805627006,
easmea,XC313358.ogg,3452.0416259765625,6290.714219212532,0.15310568586329348,-1.3813455678353177,3413.0126953125,3451.245904654584,3450.4518842354805,
easmea,XC313791.ogg,3800.6103515625,653.3656337044456,0.2554498132630025,-1.2330905306971904,3768.310546875,3800.5316434932747,3800.4530209641644,
easmea,XC316510.ogg,382.93212890625,1145052.3559533316,2.6671935562972973,5.117850442631491,43.06640625,47.493075106959026,28.944734576144324,
easmea,XC317562.ogg,3702.9931640625,204092.6560163498,-0.6295961309330078,-1.2491142414240661,3090.0146484375,3675.7449965099795,3647.1150385207998,
easmea,XC318788.ogg,3892.4853515625,130324.66506958008,-0.0686578481842545,-1.5325988626096365,3789.84375,3876.734125426461,3860.920380772183,
easmea,XC320443.ogg,3285.7710404829545,111.70444705269554,0.2968836032111005,-0.8524385902456348,3283.8134765625,3285.7555968261295,3285.7401624557724,
easmea,XC320477.ogg,3922.6318359375,15981.46390914917,0.973979200826269,0.3164383869145375,3897.509765625,3920.964691991235,3919.327415911679,
easmea,XC320478.ogg,3611.1181640625,48141.45523309708,-1.4887248766221974,0.23498506355360416,3219.2138671875,3605.4745177234104,3599.5134974579455,
easmea,XC320480.ogg,3944.650021114865,16913.660273358626,0.5432168179822893,-0.6774972109508086,3940.576171875,3942.5867110826766,3940.546261552277,
easmea,XC320486.ogg,3466.845703125,12107.16962814331,-2.637366071816633,5.01923947487551,3509.912109375,3465.185224437364,3463.4313251019125,
easmea,XC320721.ogg,4273.7255859375,25461.033540613513,1.396150841129799,2.592364788011966,4306.640625,4270.921762299631,4268.202710796721,
easmea,XC321339.ogg,3247.5470291940787,222499.55472871554,-0.4438256728615687,-1.4876516949264822,2551.6845703125,3212.3939072411804,3175.837439974333,
easmea,XC321629.ogg,,
easmea,XC321834.ogg,2533.612060546875,231805.53182959557,2.5342116882185914,4.436041741089372,2357.8857421875,2499.6250744260005,2473.692879258697,
easmea,XC321836.ogg,4401.8173828125,17008.126133680344,0.42956194171662726,-0.3984413678017633,4198.974609375,4399.976526295914,4398.149424766333,
easmea,XC321837.ogg,4128.99169921875,2729.38224402341,-0.14959376131291685,-1.2238636871841504,4123.6083984375,4128.688333186266,4128.384588689855,
easmea,XC321838.ogg,2946.20361328125,23052.099094941066,1.934730856712367,1.9373165708537563,2853.1494140625,2942.785344547296,2939.5720735677714,
easmea,XC322685.ogg,2629.259314903846,1467532.4115265715,-1.6278864174617305,0.729166917591872,86.1328125,1655.1037345919226,397.79496021957294,
easmea,XC327565.ogg,4900.95703125,78558.78692865372,0.14791831738316288,-1.48436114705345,4780.37109375,4894.569154035105,4888.2131576928505,
easmea,XC327570.ogg,4853.583984375,87055.70161342621,-0.5309901648417741,-1.5110427921818108,4414.306640625,4844.777128149659,4835.789248099166,
easmea,XC327797.ogg,4728.9306640625,99087.57296892312,-1.0155754453178383,-0.18027206601418522,5017.236328125,4718.3401112266265,4707.236672543805,
easmea,XC330237.ogg,,
easmea,XC336696.ogg,3899.5285034179688,17963.207937777042,0.9993828263018105,1.4985034849077277,3736.0107421875,3897.41257479626,3895.338000954136,
easmea,XC342394.ogg,,
easmea,XC346177.ogg,,
easmea,XC348496.ogg,95.0350674715909,65687.7043077597,15.092046135510046,225.84853718209524,75.3662109375,79.37683167566712,78.23869898247538,
easmea,XC354883.ogg,3590.0634765625,83146.63141965866,0.18689936681510572,-1.914155974230158,3886.7431640625,3579.850177358053,3569.7576587461685,
easmea,XC357864.ogg,79.6728515625,266.6153311729431,-0.7500308204401289,-0.6361058601134211,86.1328125,78.1585955882585,76.47078900084554,
easmea,XC357865.ogg,3281.121826171875,46624.56303834915,-0.0010649622727270873,-1.9957412856582883,3079.248046875,3274.8987503829285,3268.6871029730814,
easmea,XC360824.ogg,3259.8876953125,54070.104360580444,0.21386241816589366,-1.9394098080859756,3046.9482421875,3252.577463322708,3245.352176397124,
easmea,XC360825.ogg,3718.963623046875,1063.4755140001123,-0.0068814789095807015,-1.3587790423730721,3682.177734375,3718.832547645761,3718.7014658992784,
easmea,XC361027.ogg,24.609375,27.59993076324463,0.9486832980505138,-1.1,21.533203125,24.178002907185355,23.799856085526315,
easmea,XC367665.ogg,,
easmea,XC368636.ogg,5.20964591733871,33.225003907694386,0.38733772892649426,-1.1584264920139984,0.0,0.0,0.0,
easmea,XC370242.ogg,5.872691761363637,31.614466146989308,-0.1825741858350554,-1.9666666666666672,10.7666015625,0.0,0.0,
easmea,XC370243.ogg,4648.095703125,375.35905838012695,-0.28372927689018007,-1.220804498269896,4661.9384765625,4648.061068053414,4648.026407574458,
easmea,XC370382.ogg,10.029163099315069,52.57849823938657,0.07938027417780956,-0.7717543691725592,10.7666015625,0.0,0.0,
easmea,XC370493.ogg,5.38330078125,31.209152478438156,0.0,-2.0,0.0,0.0,0.0,
easmea,XC371097.ogg,3940.576171875,443122.40839004517,-0.9483508973818672,-1.0999281496538373,4328.173828125,3886.6126735662306,3827.401577334364,
easmea,XC371791.ogg,2438.63525390625,6537929.5590519905,1.1830677104648741e-05,-1.9999716231858773,10.7666015625,245.2756620318241,23.867084800632956,
easmea,XC373464.ogg,4206.15234375,29066.86708331108,-0.22060088841620365,-1.9392604837531275,4026.708984375,4203.062444857589,4199.95728907108,
easmea,XC375065.ogg,2637.509765625,2586444.7766261944,-0.9353499651017461,-0.8352822334758865,0.0,0.0,0.0,
easmea,XC376495.ogg,,
easmea,XC377106.ogg,3650.8567116477275,14801.893050020391,2.7964659432939714,5.9345108094517816,3617.578125,3649.1157020919977,3647.4713379301998,
easmea,XC378534.ogg,4888.037109375,197295.3450679779,-1.228329866696205,-0.1056529023019861,5200.2685546875,4870.6732969229015,4852.065916656071,
easmea,XC379527.ogg,3472.4283854166665,272307.61638054485,0.38077598533868395,-1.8355690861379834,3057.71484375,3435.8325899231672,3400.899744460536,
easmea,XC379528.ogg,3204.936417289402,1275956.8551545558,-1.6863315944068495,2.9763008550695034,32.2998046875,2332.29281969948,371.7913090931997,
easmea,XC379740.ogg,4696.929931640625,338.0991518497467,-0.43465075957466565,-1.1542857142857141,4672.705078125,4696.9029112843355,4696.875864301967,
easmea,XC380928.ogg,,
easmea,XC383969.ogg,5050.732421875,130277.65318751335,-1.335503657960455,-0.21257140912493,5232.568359375,5038.515139728194,5025.5370360503,
easmea,XC387052.ogg,3606.8115234375,0.0,0.0,-3.0,3606.8115234375,3606.8115234375005,3606.8115234375,
easmea,XC387054.ogg,3262.2802734375,0.0,0.0,-3.0,3262.2802734375,3262.2802734375027,3262.2802734375,
easmea,XC387055.ogg,,
easmea,XC387168.ogg,,
easmea,XC387191.ogg,2970.98388671875,756539.3750983126,-0.7438910019267008,-1.189062957831544,3596.044921875,2824.0706363474696,2655.4215606370763,
easmea,XC387192.ogg,,
easmea,XC391587.ogg,27.685546875,226.31943225860596,0.8322766233445751,-0.6802498512790005,21.533203125,24.544670700292485,21.8452785326087,
easmea,XC391591.ogg,18.841552734375,108.01609266888012,-0.11875648846839351,-0.9458655562165372,10.7666015625,0.0,0.0,
easmea,XC391916.ogg,,
easmea,XC392958.ogg,3857.135009765625,223.5594391822815,-0.4704335526730284,-1.1934156378600824,3865.2099609375,3857.1096232223363,3857.084207739517,
easmea,XC399710.ogg,1982.4005126953125,3816584.9417746067,-0.00019744528732895843,-1.9970773384665468,21.533203125,524.1277083731175,100.76494966418709,
easmea,XC399848.ogg,3212.3455179148705,193950.7493928426,1.8531808880556377,1.5828108207576097,2960.8154296875,3186.7562813090667,3164.843816687294,
easmea,XC399849.ogg,5283.379163240132,191663.94235272155,0.2909970186043333,-0.688225393212408,5071.0693359375,5265.7343963590265,5248.272287178169,
easmea,XC401161.ogg,3643.5283954326924,137961.03626127666,1.4388165494690475,3.642641566435028,3488.37890625,3626.4081116204125,3610.396515321248,
easmea,XC401162.ogg,3259.4715947690215,172754.27208587585,0.8902965839932108,-0.39364475572534463,2971.58203125,3235.6421111573363,3213.340538317036,
easmea,XC403845.ogg,122.021484375,723.6200029199773,0.6263832730427552,-0.7224997643510225,118.4326171875,119.4496202969852,117.04120471739735,
easmea,XC405769.ogg,3502.680809818097,469939.86426409095,0.9231225161924569,-0.7689735015394499,3036.181640625,3442.817573853427,3389.6216681153223,
easmea,XC405770.ogg,4410.165640024038,407064.364198538,-1.6271687020815084,1.1352919233267729,3003.8818359375,4356.813562486692,4293.351431621249,
easmea,XC406008.ogg,3798.255157470703,33016.4338690379,-0.4309976486423177,-0.9229223693702271,3897.509765625,3793.9803795976704,3789.643708635575,
easmea,XC406009.ogg,4083.5120891702586,15474.424629375852,5.008370466595261,23.413403087899077,4059.0087890625,4081.8466231843163,4080.329459956532,
easmea,XC407215.ogg,3590.66162109375,6392.143964767456,-0.2506301474109444,-1.6108351902064484,3488.37890625,3589.8799160012386,3589.095539089864,
easmea,XC407619.ogg,2467.85888671875,3480323.032392905,-0.572783030973573,-1.635856755434461,64.599609375,884.7470730344289,173.57583913119956,
easmea,XC409947.ogg,,
easmea,XC415789.ogg,3262.7109375,237640.04065990448,0.8341056225289852,-1.177890457151791,2917.7490234375,3230.167237377113,3200.2519190135054,
easmea,XC416546.ogg,4083.77197265625,365328.6915421486,-0.869043276764669,-1.2384246382343014,4435.83984375,4039.6501305758534,3992.0571655196864,
easmea,XC420023.ogg,4712.1826171875,68129.39409166574,-0.05461725842278848,-1.284434863304395,4532.7392578125,4705.145862852743,4698.090498067432,
easmea,XC420917.ogg,2573.8906860351562,2192543.5368195176,-1.153357578481251,-0.6660060666284315,3369.9462890625,1346.8084290614577,283.4389210714437,
easmea,XC428221.ogg,4026.087834284856,381600.4705058234,0.7047265559840441,-0.7979501891489678,3499.1455078125,3982.166099996203,3941.049340505826,
easmea,XC429254.ogg,4164.458151424632,968033.4036920797,0.11844632218342852,-1.9830633020078656,3229.98046875,4052.1821375083755,3944.8641422728206,
easmea,XC446644.ogg,3526.5514026988635,102551.0052876039,0.1838828225063488,-1.9632275018723737,3251.513671875,3513.4477260634835,3500.5290725701257,
easmea,XC451433.ogg,3551.0209517045455,111116.41798236154,-1.0145630876793728,-0.058345873140313476,3671.4111328125,3535.7793199995704,3519.48686991477,
easmea,XC451610.ogg,3561.4784642269738,471.1356602217022,0.12805135457893582,-1.217931784069149,3531.4453125,3561.415832502851,3561.35323189134,
easmea,XC451718.ogg,4565.80810546875,58485.31482311396,-0.5949896284144539,-0.6246414659212873,4371.240234375,4559.724707231957,4553.50480152169,
easmea,XC451881.ogg,4015.528282752404,242499.21653179024,-0.7542644498856845,-0.004620648235808211,3822.1435546875,3984.132222329236,3950.2206085604726,
easmea,XC452612.ogg,,
easmea,XC453031.ogg,3355.94970703125,140315.6560063362,-0.8666837242495853,-1.2394415426837797,3596.044921875,3335.8334987329563,3314.5128322839964,
easmea,XC454687.ogg,,
easmea,XC460966.ogg,3738.4033203125,601685.4176801794,0.22534600014641906,-1.6490314511183246,2820.849609375,3663.434764262838,3591.194588433962,
easmea,XC461497.ogg,68.1884765625,38.63990306854248,0.7071067811865475,-1.5,64.599609375,68.00572711343901,67.82958984375,
easmea,XC465730.ogg,3559.4384765625,47214.09755945206,-0.4079275402072568,-1.8305825690719622,3714.4775390625,3554.0484050965274,3548.5850549297875,
easmea,XC466335.ogg,4495.05615234375,128306.55813217163,-0.06152450469372168,-1.1492185169973417,4349.70703125,4482.480726999726,4469.837033439113,
easmea,XC466337.ogg,4322.301136363636,5178.449554876848,-1.6478482032758266,0.7788052177551243,4349.70703125,4321.74682819805,4321.182701269047,
easmea,XC468589.ogg,2944.66552734375,204525.0743000131,0.42561496045322095,-1.4613575379602277,2551.6845703125,2912.739857508978,2882.2439769323614,
easmea,XC469611.ogg,2829.131610576923,2571198.7222387237,-1.1162682615818962,-0.4904549562532585,75.3662109375,1501.8208460173491,317.7673381058083,
easmea,XC473682.ogg,3424.883563701923,2497.813034724523,-0.07979298302670994,-1.1943940600483562,3456.0791015625,3424.5232551055797,3424.162645963886,
easmea,XC486053.ogg,,
easmea,XC486054.ogg,,
easmea,XC486432.ogg,1434.111328125,3760400.5907177925,0.4082443470772191,-1.8332990473284456,21.533203125,144.5969147290937,26.835307630758233,
easmea,XC489163.ogg,2848.125,179.95154857635498,0.2657114984884529,-0.8130339869773042,2853.1494140625,2848.095538104302,2848.0660995591447,
easmea,XC489752.ogg,3345.18310546875,619.5264458656311,-0.4686631935120298,-0.7195076093204986,3305.3466796875,3345.099578148683,3345.015863765702,
easmea,XC490416.ogg,3359.1796875,64289.07072544098,-1.6288625139084678,0.6912961118945002,3456.0791015625,3349.719355236281,3339.4665540095966,
easmea,XC490451.ogg,4209.7412109375,738002.8286576271,-0.7100031284364419,-1.4912116203137118,4780.37109375,4122.935662218274,4029.2077703304612,
easmea,XC490755.ogg,2968.2174682617188,24323.335982859135,1.0487446711104147,-0.7722876741165945,2863.916015625,2964.504795677125,2960.9218751777444,
easmea,XC492283.ogg,3478.925304878049,220584.74557138066,1.0048663087173746,0.818637412322031,3369.9462890625,3449.967382277601,3422.726371842898,
easmea,XC492292.ogg,4249.6673583984375,135439.37023891055,-0.6556063480647636,-1.3189358035391545,4511.2060546875,4233.758416314714,4217.258963466031,
easmea,XC511402.ogg,3262.2802734375,198.71950149536133,0.0,-1.0000000000000002,3251.513671875,3262.2536231070653,3262.226972558908,
easmea,XC514052.ogg,,
easmea,XC52428.ogg,4487.51953125,256901.25954151154,1.4988398314349236,0.24844325889607877,4252.8076171875,4466.652471669265,4447.743201438387,
easmea,XC52429.ogg,3632.6513671875,34.77591276168823,0.40824829046386296,-1.8333333333333333,3628.3447265625,3632.6475394384593,3632.6437132053466,
easmea,XC52430.ogg,935.5240531589674,2777622.8800986125,1.2252144201975184,-0.4951669996339447,21.533203125,0.0,0.0,
easmea,XC532986.ogg,34.991455078125,106.25973343849182,-0.49338220021815865,-1.371900826446281,43.06640625,33.70128417052343,32.2998046875,
easmea,XC539267.ogg,3830.3466796875,81467.26763248444,0.2433963211592712,-0.35417878406168635,3800.6103515625,3820.2825809696096,3810.280925489206,
easmea,XC542488.ogg,3524.593838778409,52.69077691164883,-0.5091168824542786,-0.6760000000000241,3520.6787109375,3524.5870390161804,3524.58023470335,
easmea,XC543306.ogg,3771.181640625,215098.48054524127,-0.5659789488972982,-1.2276533169805872,4166.6748046875,3742.053620876883,3711.498190073918,
easmea,XC549414.ogg,19.3798828125,72.1278190612793,0.3436215967445456,-1.153061224489796,10.7666015625,17.697621016042397,16.14990234375,
easmea,XC559340.ogg,60.68448153409091,168.61048611727628,-0.3350037896240869,-1.3301562500000004,64.599609375,59.3287124384504,57.90651829889406,
easmea,XC560752.ogg,3255.3967085040986,282944.6808979159,1.963704806254024,2.970468890834063,3046.9482421875,3219.4030015548046,3189.022255597594,
easmea,XC560753.ogg,3575.408935546875,715128.8842206652,-0.0819814493747978,-1.9017896615202912,2605.517578125,3481.065886340346,3387.5130695337175,
easmea,XC560755.ogg,3257.1533203125,13448.032605938795,-0.22498995942693242,-0.9639562907853954,3176.1474609375,3255.1255047539435,3253.0856672143755,
easmea,XC560758.ogg,3842.8889576981705,35543.24469042987,0.7381551577206729,0.29678897044452723,3929.8095703125,3838.470902230919,3834.143354519472,
easmea,XC563013.ogg,3368.408203125,287.03927993774414,-0.028285981029545774,-1.4515532544378695,3348.4130859375,3368.3716787410794,3368.3351511126216,
easmea,XC563609.ogg,,
easmea,XC564222.ogg,3855.0766888786766,178189.90181912394,0.11521390287823119,-1.9813054587435852,4285.107421875,3833.4399413472306,3812.0967133973904,
easmea,XC567185.ogg,2731.48681640625,81.14379644393921,-0.1149788072710616,-0.5618675532043977,2734.716796875,2731.472454393221,2731.458088669585,
easmea,XC572050.ogg,3130.482219827586,5089.332060567264,4.546820632802972,20.45604697532702,3111.5478515625,3129.746510330186,3129.0564402026416,
easmea,XC573456.ogg,4086.208624588816,982978.1193795957,-3.9452665792140187,13.74907025614344,4263.57421875,3145.288529182886,195.76405910629452,
easmea,XC573991.ogg,3520.0453814338234,16481.907477273664,-1.6890264027161093,0.8790469040682845,3574.51171875,3517.749211107757,3515.3582416514964,
easmea,XC576834.ogg,3514.8060191761365,912737.0368675751,-0.8660761442569844,-0.44006034162954455,1808.7890625,3366.5362380767683,3186.5359805160842,
easmea,XC576836.ogg,3263.818359375,55.19986152648926,-0.13416407864998736,-0.6100000000000003,3262.2802734375,3263.81110969389,3263.803858617729,
easmea,XC577114.ogg,115.94801682692308,254.13167018156787,0.2504471063071415,-1.3619062275571974,107.666015625,114.94911052612008,113.97046011969726,
easmea,XC579051.ogg,2267.6295503656916,5965.093121166917,1.9268241355332834,3.443277343775505,2228.6865234375,2266.39393535926,2265.207487642166,
easmea,XC589390.ogg,3574.51171875,72484.59416627884,1.2405845993989753,-0.3550089847805409,3402.24609375,3565.3916141089726,3556.804177150757,
easmea,XC601015.ogg,3303.55224609375,65.68783521652222,0.2282688235636075,-0.8927335640138407,3305.3466796875,3303.5439638838034,3303.535684472417,
easmea,XC605847.ogg,,
easmea,XC607429.ogg,3131.7352294921875,3160.882070660591,1.7553442731644946,1.863116168302577,3090.0146484375,3131.302071850995,3130.8771894215934,
easmea,XC607431.ogg,4213.330078125,77.27980613708496,-0.6260990336999411,-0.9600000000000004,4220.5078125,4213.322429636087,4213.31477505641,
easmea,XC607432.ogg,3805.99365234375,158705.67387342453,-1.7858039599834943,1.1945226625406082,3972.8759765625,3786.292524797868,3764.092785221389,
easmea,XC607440.ogg,3528.8193121189024,256656.55586268846,-0.0699248426926546,2.361723976454539,3380.712890625,3491.2059290136685,3450.1129645324095,
easmea,XC607442.ogg,3695.635986328125,322.91918992996216,0.36952650878097026,-0.9506903353057199,3682.177734375,3695.5978004511962,3695.559656976784,
easmea,XC607444.ogg,2558.14453125,1231333.9270949364,0.4082363368940963,-1.8332289196735996,1744.189453125,2377.9197850138326,2225.719031441663,
easmea,XC608407.ogg,3763.7554462139424,19884.153565076682,-0.7707082792067786,-0.02952376224184805,3919.04296875,3761.163108796401,3758.517353248729,
easmea,XC609512.ogg,70.65582275390625,30.428923666477203,-0.2519763153394848,-1.9365079365079365,75.3662109375,70.45104851527876,70.2442354368932,
easmea,XC615109.ogg,1905.6884765625,3438673.8683418795,-0.08611361200270007,-1.9912929839971274,10.7666015625,0.0,0.0,
easmea,XC615399.ogg,4213.728841145833,83597.26516100076,1.7375721318906183,4.94113390616164,4198.974609375,4204.77851893302,4196.336788713785,
easmea,XC617294.ogg,2738.3056640625,1236.4768981933594,-0.307500320358813,-1.3181202168367345,2756.25,2738.094386388503,2737.8825668452423,
easmea,XC617295.ogg,2876.8359375,20486.282146894016,0.1422528350798835,-1.5504404789748545,3046.9482421875,2873.3766726655717,2869.934143886127,
easmea,XC618042.ogg,3461.46240234375,38.63990306854248,0.0,-2.0,3456.0791015625,3461.4582162597385,3461.4540301807933,
easmea,XC65907.ogg,3161.515925480769,44644.262419055834,-3.4779103780547294,12.282254126363478,3208.447265625,3153.3026056571493,3143.452474039176,
easmea,XC67073.ogg,4126.804733276367,115458.53161253035,-3.249221490422455,10.684920980868032,4242.041015625,4109.768200990258,4088.522429179085,
easmea,XC81304.ogg,4178.302734375,68807.23459124565,0.07333591167918171,-1.1073988741393217,3854.443359375,4170.401886520048,4162.515116767213,
easmea,XC8254.ogg,4658.349609375,56883.88191736661,0.7220370236672657,-0.576696471511879,4565.0390625,4652.46949613109,4646.723365113088,
