primary_label,filename,mean,variance,skewness,kurtosis,mode,gmean,hmean
pygnut,XC11739.ogg,3189.0673828125,81.14379644393921,-0.3436215967445456,-1.153061224489796,3186.9140625,3189.0571991319553,3189.0470095382802,
pygnut,XC120846.ogg,4069.775390625,198.71950149536133,0.0,-1.0000000000000002,4059.0087890625,4069.754028152114,4069.7326655670927,
pygnut,XC136129.ogg,,
pygnut,XC146598.ogg,4682.39501953125,8203.251421451569,0.8448181932796646,-1.21585322570828,4618.8720703125,4681.614629539273,4680.842312394131,
pygnut,XC146602.ogg,5442.51708984375,193.1995153427124,0.0,-1.3599999999999999,5426.3671875,5442.50377798472,5442.490466116574,
pygnut,XC146609.ogg,4584.111328125,37414.082143617714,1.1705427172420224,1.8549560314401274,4554.2724609375,4580.206082425254,4576.41136973536,
pygnut,XC154196.ogg,,
pygnut,XC161384.ogg,4369.008134051067,11886.028611078495,-0.9264655170435734,0.09953456501347757,4414.306640625,4367.642753748144,4366.255377475391,
pygnut,XC161385.ogg,4059.0087890625,158520.20233869553,0.4074088172359702,-1.8321150099094614,3757.5439453125,4043.7214001189805,4028.8434107968687,
pygnut,XC161387.ogg,4488.978232106855,3222.06933652201,-0.1532082756920429,-0.06691214677745538,4500.439453125,4488.630415575507,4488.282080567924,
pygnut,XC161389.ogg,4256.1204176682695,1600867.591227018,1.3612795684320644,0.5685469431011532,3326.8798828125,4106.798116024126,3985.658193760833,
pygnut,XC161390.ogg,4137.24609375,586611.1364364624,-2.1096792312017643,2.5426955995192584,2260.986328125,4046.154202825362,3923.778335278216,
pygnut,XC161392.ogg,3676.79443359375,127.51168012619019,0.0,-0.9421487603305785,3671.4111328125,3676.779983454377,3676.765533251644,
pygnut,XC161393.ogg,3476.4789782072367,9877.57943178478,-0.0176785620402177,-1.424137914175916,3326.8798828125,3475.1321135515536,3473.78472225106,
pygnut,XC164649.ogg,4561.326441271552,1948.079251009843,0.03374752552533188,-1.6203111382217157,4521.97265625,4561.120297678116,4560.914200451153,
pygnut,XC167655.ogg,11.53564453125,61.78138347772452,-0.1004878678895128,-0.9797002869592943,10.7666015625,0.0,0.0,
pygnut,XC167979.ogg,0.0,0.0,0.0,-3.0,0.0,0.0,0.0,
pygnut,XC206079.ogg,3.5888671875,30.911922454833984,0.7071067811865475,-1.5,0.0,0.0,0.0,
pygnut,XC210117.ogg,,
pygnut,XC210489.ogg,4504.502321639151,10817.210019413375,-1.703924477164498,2.97236804656554,4511.2060546875,4503.29188812721,4502.04789207773,
pygnut,XC216640.ogg,3967.906775841346,3644.0400893871597,-0.3978218097537309,-1.5397162219342186,4005.17578125,3967.4812218184416,3967.0540282521492,
pygnut,XC243813.ogg,201.873779296875,1316.5166974067688,-0.942683960381945,-0.7597009611961552,215.33203125,198.6309514161978,195.01362592358547,
pygnut,XC282855.ogg,2813.671875,38.63990306854248,0.7071067811865475,-1.5,2810.0830078125,2813.6673012483934,2813.662731389331,
pygnut,XC289816.ogg,28.98700420673077,142.670411330003,2.1605529604830522,4.232421874999999,21.533203125,27.386572303778074,26.24359130859375,
pygnut,XC292281.ogg,8324.3056640625,3645410.943979025,-1.0070752641356326,-0.9280684103069219,5038.76953125,8070.7641369204275,7778.044014262952,
pygnut,XC292291.ogg,3957.140174278846,5189.636212128859,-1.1619429082245765,-0.48319206787826996,4005.17578125,3956.526492484013,3955.904417596589,
pygnut,XC295271.ogg,,
pygnut,XC301944.ogg,186.62109375,637.5584006309509,0.19187085564039505,-1.1466942148760328,172.265625,185.11106198506585,183.61726905393937,
pygnut,XC303354.ogg,,
pygnut,XC306468.ogg,4333.55712890625,38.63990306854248,0.0,-2.0,4328.173828125,4333.553785239881,4333.550441576087,
pygnut,XC310729.ogg,,
pygnut,XC313506.ogg,562.1112530048077,1778812.4521603952,2.513423242296405,4.357166886800947,96.8994140625,145.80393315034962,105.69837726970043,
pygnut,XC343422.ogg,5185.9130859375,1561.0520839691162,-0.6137704648523002,-1.4986766003333007,5135.6689453125,5185.78730187006,5185.661160869132,
pygnut,XC343423.ogg,5213.971502130682,697.5255229256369,0.8458599252938689,-0.029472594586222645,5200.2685546875,5213.907828814822,5213.844331409032,
pygnut,XC348592.ogg,4518.896484375,47570.39143488957,1.944227471828538,1.9691479881069602,4457.373046875,4514.281816242255,4509.928592715297,
pygnut,XC348593.ogg,4517.486572265625,325.80463723702866,0.09096042737823645,-1.24292906910005,4500.439453125,4517.453524274174,4517.420483826479,
pygnut,XC348594.ogg,3746.77734375,58133.73416662216,0.4018403628333691,-1.8276223174941773,3552.978515625,3740.6601000356013,3734.6449664346405,
pygnut,XC348595.ogg,4456.575520833333,3289.675850134629,-0.30800132774548844,-1.1984785891359258,4382.0068359375,4456.219150631522,4455.861841637797,
pygnut,XC348596.ogg,4534.892578125,81.14379644393921,-0.3436215967445456,-1.153061224489796,4532.7392578125,4534.8854179117625,4534.878254777629,
pygnut,XC350753.ogg,4847.045002508601,172880.24374651254,-0.24807851910484302,-1.8443360715310337,4338.9404296875,4829.081553973024,4810.915124992762,
pygnut,XC353079.ogg,4290.49072265625,193.1995153427124,0.0,-1.3599999999999999,4274.3408203125,4290.473836442531,4290.456950210196,
pygnut,XC356712.ogg,4613.48876953125,1796.7554926872253,0.6462425902206216,-1.4432466181061394,4586.572265625,4613.32707617126,4613.165968530898,
pygnut,XC375202.ogg,81.826171875,150.69562196731567,-0.27154541788363945,-1.044378698224852,86.1328125,81.06119396676564,80.27170395710058,
pygnut,XC438514.ogg,421.04284408244683,1675076.2575043226,2.973225185012937,6.84162571839569,21.533203125,43.92510812673919,29.55709163547045,
pygnut,XC443267.ogg,3435.05859375,67992.42943525314,1.9854190729123948,3.561625020661924,3402.24609375,3426.421518531598,3418.4935418209093,
pygnut,XC448726.ogg,4602.72216796875,17005.850672721863,-0.927477741395783,-0.013772632064420698,4694.23828125,4600.908345063299,4599.061697228572,
pygnut,XC451191.ogg,4616.180419921875,3206.2337750738316,-0.23278582285374785,-1.5047671004240801,4532.7392578125,4615.861475773483,4615.54195143921,
pygnut,XC451192.ogg,,
pygnut,XC451201.ogg,4549.4873046875,18637.31324672699,-2.4012388650713783,3.9247808957264017,4575.8056640625,4547.579159346112,4545.579972867258,
pygnut,XC475187.ogg,,
pygnut,XC492225.ogg,5716.8731689453125,358092.8051485257,2.425832975306874,4.602788586792168,5415.6005859375,5690.330410152491,5667.444766507944,
pygnut,XC495267.ogg,4613.48876953125,193.1995153427124,0.0,-1.3599999999999999,4597.3388671875,4613.473065559042,4613.457361571877,
pygnut,XC500962.ogg,,
pygnut,XC511291.ogg,5941.36962890625,2097876.257300377,-0.0031197427060132314,-1.8554662390997454,4554.2724609375,5764.257191999861,5590.773347639738,
pygnut,XC552760.ogg,67.51556396484375,23.37919667046121,1.03137590806469,-0.9362637362637365,64.599609375,67.35367764885748,67.19959365325077,
pygnut,XC552954.ogg,4510.97697805851,7063.4886636213505,0.36828313508211363,-0.6669213787622197,4478.90625,4510.213944474087,4509.454162850553,
pygnut,XC558663.ogg,,
pygnut,XC561738.ogg,5092.6025390625,8578.05848121643,0.1995328812798451,-1.0,4984.9365234375,5091.97208959419,5091.342885491319,
pygnut,XC564622.ogg,67.470703125,23.18394184112549,1.0552897060221726,-0.8863636363636362,64.599609375,67.31043064234137,67.15800974628714,
pygnut,XC56901.ogg,0.0,0.0,0.0,-3.0,0.0,0.0,0.0,
pygnut,XC56902.ogg,0.0,0.0,0.0,-3.0,0.0,0.0,0.0,
pygnut,XC570958.ogg,7319.853515625,4592206.752061844,-0.7083656774038742,-1.4959730074742807,8774.7802734375,6971.595557053642,6587.35360443105,
pygnut,XC571070.ogg,4162.56889731197,11718.629533728536,-0.2720925185292409,-1.1532195779633452,4048.2421875,4161.166009555548,4159.756226121823,
pygnut,XC577297.ogg,4559.3994140625,11912.130117416382,-1.163295955533019,-0.16136959830481823,4586.572265625,4558.131933242684,4556.840969587277,
pygnut,XC578549.ogg,4163.883463541667,3872357.7495116107,-1.6193393218244,0.6249990025632175,5157.2021484375,2329.8390248358764,375.24695666302733,
pygnut,XC580982.ogg,874.6095532048357,1281192.8057363487,2.8838447245149648,6.611496758688785,549.0966796875,598.1249752483519,453.557790643323,
pygnut,XC585341.ogg,5028.900146484375,18493.584516373547,-1.3123755988201449,0.6834853201006608,5060.302734375,5027.174596646553,5025.408289208575,
pygnut,XC587113.ogg,3926.07421875,2200240.8519387245,0.8306367131963491,-1.291238045810725,3046.9482421875,3691.4354717487595,3506.126650800994,
pygnut,XC590431.ogg,4412.606650904605,3480.9807413502745,-0.3471653209919269,-1.3591400824287636,4328.173828125,4412.231812905524,4411.855840317776,
pygnut,XC600983.ogg,3967.49267578125,79405.0008058548,6.323389391308475e-17,-1.9814905622908179,3671.4111328125,3958.3086142269453,3949.145023379231,
pygnut,XC602584.ogg,,
pygnut,XC602586.ogg,,
pygnut,XC602587.ogg,,
pygnut,XC602891.ogg,4725.8203125,5323.474645614624,-0.005323742469684055,-0.8268069529931679,4705.0048828125,4725.294502739086,4724.768586255364,
pygnut,XC602892.ogg,,
pygnut,XC602893.ogg,,
