primary_label,filename,mean,variance,skewness,kurtosis,mode,gmean,hmean
rcatan1,XC113777.ogg,2779.621403391768,46923.73282444187,3.9338212200486145,18.375624639341964,2702.4169921875,2772.6644583753978,2766.721677932216,
rcatan1,XC119076.ogg,2893.195919874238,5593.5535561747665,1.1710264979934055,1.4644255064778884,2863.916015625,2892.258996456629,2891.339489174447,
rcatan1,XC123239.ogg,50.244140625,38.63990306854248,-0.7071067811865475,-1.5,53.8330078125,49.9741375884579,49.69200721153847,
rcatan1,XC133977.ogg,1922.86376953125,45469.13569293371,-0.7042746550274543,-0.829898444851132,1571.923828125,1910.597471038706,1897.630159626222,
rcatan1,XC144398.ogg,,
rcatan1,XC1465.ogg,9243.12744140625,16840.972532660275,0.20924722024893772,-0.5890232748333974,9183.9111328125,9242.221124002033,9241.316417604154,
rcatan1,XC150255.ogg,2373.6767578125,2300.273401983853,0.6369215934181159,-0.14096823595801888,2347.119140625,2373.2121073177555,2372.7511613488687,
rcatan1,XC154725.ogg,4935.7177734375,468380.20902872086,-1.495628757424503,0.35401726132145184,5329.4677734375,4882.939815131729,4822.111792910851,
rcatan1,XC158172.ogg,,
rcatan1,XC163547.ogg,,
rcatan1,XC165763.ogg,4211.53564453125,270112.2424006462,0.5131537438700973,-1.4996138195480135,3736.0107421875,4185.683656886949,4160.856598688783,
rcatan1,XC166032.ogg,2497.8515625,185.4715347290039,0.0,-0.8671875000000009,2497.8515625,2497.8162033853027,2497.7808436371056,
rcatan1,XC167351.ogg,2141.656494140625,4014.1590210524473,0.3402584863675768,-1.1493928819226495,2142.5537109375,2140.8024899112775,2139.953770401903,
rcatan1,XC167563.ogg,2518.0389404296875,1679195.5195963383,-1.3376721936790137,0.144326192218593,0.0,0.0,0.0,
rcatan1,XC173298.ogg,2613.97705078125,797566.451544945,-1.4973609366565803,3.848483334516934,2691.650390625,0.0,0.0,
rcatan1,XC175044.ogg,,
rcatan1,XC175045.ogg,,
rcatan1,XC175252.ogg,2769.708251953125,106.25973343849182,-0.49338220021815865,-1.371900826446281,2777.783203125,2769.6938497578894,2769.679432290917,
rcatan1,XC17634.ogg,5126.4404296875,2016227.6887893677,-0.7468789789680529,-1.2999622877756798,6319.9951171875,4899.204548906209,4643.6376391257445,
rcatan1,XC178602.ogg,5.38330078125,38.63990306854248,0.0,-2.0,0.0,0.0,0.0,
rcatan1,XC184954.ogg,2458.5300611413045,3968.76095311915,-1.163452392846046,1.4546595503541306,2454.78515625,2457.7420018084285,2456.9374004094648,
rcatan1,XC187923.ogg,13.251201923076923,21.40056169950045,1.2780193008453875,-0.36666666666666714,10.7666015625,12.634181222217775,12.170940896739129,
rcatan1,XC190824.ogg,6.851473721590909,75.87471875277433,0.7267486362195069,-0.9583333333333335,0.0,0.0,0.0,
rcatan1,XC191965.ogg,2079.150390625,953.1176090240479,-0.42262432190781213,-1.3096114912256311,2045.654296875,2078.933008754365,2078.714737989414,
rcatan1,XC194139.ogg,2475.3395774147725,10420.730222355236,-0.4129294848107122,6.491913651109343,2454.78515625,2473.292869338653,2471.196304308673,
rcatan1,XC196377.ogg,,
rcatan1,XC198638.ogg,2245.60546875,33.119916915893555,-0.28867513459481287,-1.9166666666666667,2250.2197265625,2245.599144952241,2245.5928182830708,
rcatan1,XC206348.ogg,1767.218017578125,4309789.816528559,0.8481970751648887,-0.47274016507112915,0.0,0.0,0.0,
rcatan1,XC211290.ogg,2130.4412841796875,2266.644313931465,1.2652614358716796,0.24459373240758175,2099.4873046875,2129.9837512666863,2129.534085657581,
rcatan1,XC213416.ogg,3205.755615234375,2614791.220575571,1.1536388338167884,-0.6674718720147794,2357.8857421875,2967.718654099065,2798.885109034489,
rcatan1,XC216454.ogg,3215.0461504536293,746025.8436279913,-0.9325467215150499,-0.8967046595193162,1841.0888671875,3074.975527183734,2910.125623776815,
rcatan1,XC216455.ogg,2547.9719490840516,7570.185147482774,-1.5054713721285362,6.062230834494205,2573.2177734375,2546.481789632282,2544.9293580909957,
rcatan1,XC216458.ogg,2610.90087890625,57.95985460281372,0.0,-2.0,2605.517578125,2610.8953291057314,2610.88977931701,
rcatan1,XC216460.ogg,2231.622869318182,50079.42200790752,1.1121951099115432,-0.592638066528151,2121.0205078125,2222.0668185883715,2213.159425143737,
rcatan1,XC216462.ogg,2553.22265625,6205.0164341926575,-0.6240126654154843,-0.9317856206502433,2433.251953125,2552.050045419162,2550.862325075188,
rcatan1,XC216463.ogg,2754.9041748046875,113.8497143983841,-0.691361313507761,-0.26644628099173584,2756.25,2754.886064135889,2754.867922981299,
rcatan1,XC216465.ogg,2472.7294921875,59387.8510205642,-0.07967931316329305,-1.7714938103307196,2680.8837890625,2461.1229161280694,2449.488270390387,
rcatan1,XC216466.ogg,2767.5832648026317,186.4205849798102,0.40376339301089437,-1.061758677685962,2756.25,2767.551398801345,2767.519573718628,
rcatan1,XC216467.ogg,2598.8919771634614,92464.9751693131,-0.2348002948086231,-0.9630694624073781,2982.3486328125,2581.0533695294007,2562.75627171654,
rcatan1,XC216469.ogg,6230.2734375,3281236.926387338,-1.5327787072673402,1.39197087652268,7461.2548828125,5820.324530535137,5164.580139179783,
rcatan1,XC234310.ogg,,
rcatan1,XC242698.ogg,5355.242365056818,6072829.827612097,-1.207387617785001,-0.08141094765741297,6890.625,3440.519329762131,580.0612787400268,
rcatan1,XC242699.ogg,3630.829326923077,2177021.360173592,1.1836407072740651,0.218888343977087,2207.1533203125,3392.409279282082,3200.6000316164473,
rcatan1,XC248093.ogg,3598.736572265625,16806068.420559168,-3.4487436227296085e-06,-1.9999954016764911,7149.0234375,586.7055278609276,95.0668010305851,
rcatan1,XC252250.ogg,0.0,0.0,0.0,-3.0,0.0,0.0,0.0,
rcatan1,XC253134.ogg,5.872691761363637,31.614466146989308,-0.1825741858350554,-1.9666666666666672,10.7666015625,0.0,0.0,
rcatan1,XC259718.ogg,2257.3974609375,60262.79282569885,-0.5303349030842228,-1.4498290083126777,1948.7548828125,2245.82208034258,2233.8540008647237,
rcatan1,XC259719.ogg,2361.474609375,19515.566043555737,-0.16607395549190884,-1.6880424567116135,2228.6865234375,2357.4362867660616,2353.3747359093654,
rcatan1,XC261234.ogg,1436.2646484375,30.911922454833984,0.40824829046386296,-1.8333333333333333,1431.9580078125,1436.2549729754683,1436.2453072370881,
rcatan1,XC264839.ogg,2413.6763139204545,39107.09462382577,0.6744888001221762,-0.06397863678238558,2508.6181640625,2406.5209521999877,2399.570977314758,
rcatan1,XC264840.ogg,2666.7758283943967,110025.22054417382,1.115623835205611,-0.28981822869518936,2444.0185546875,2648.383545797213,2631.494201494057,
rcatan1,XC276056.ogg,7219.903564453125,823840.495144779,-3.0104754603211896,7.07410414164716,7450.48828125,7149.662595106585,7055.826233769243,
rcatan1,XC276057.ogg,3149.514288651316,3585.376268938968,-0.01454306804582639,-0.505405647719499,3057.71484375,3148.974770720267,3148.4349739833083,
rcatan1,XC278066.ogg,2828.5400390625,88529.53791618347,-1.1301200997328769,-0.06972580903183223,2260.986328125,2812.2615191599075,2794.565131437604,
rcatan1,XC278067.ogg,3308.038330078125,265495.8473145962,0.635118005532666,-1.540365167365692,2950.048828125,3271.4668250412137,3237.4246419692386,
rcatan1,XC279107.ogg,1.5380859375,16.559958457946777,2.041241452319315,2.166666666666667,0.0,0.0,0.0,
rcatan1,XC282839.ogg,0.0,0.0,0.0,-3.0,0.0,0.0,0.0,
rcatan1,XC282840.ogg,0.0,0.0,0.0,-3.0,0.0,0.0,0.0,
rcatan1,XC28300.ogg,22.799862132352942,114.21500759966233,0.5538652048242941,-0.624303853865003,21.533203125,20.46730327668411,18.30322265625,
rcatan1,XC283935.ogg,4750.224609375,94671.62650823593,0.4080947490183591,-1.831982006746668,4521.97265625,4742.369673002979,4734.648848216221,
rcatan1,XC284925.ogg,5476.993122506649,271246.65061871737,-5.773586460363664,33.2666719359499,5577.099609375,5436.408914888851,5365.536910417064,
rcatan1,XC28503.ogg,2338.7451171875,167.43957996368408,0.47331874922773265,-1.1771449704142014,2325.5859375,2338.713349538851,2338.6816339875613,
rcatan1,XC285523.ogg,,
rcatan1,XC286484.ogg,2680.1891696068546,42719.77825318613,0.2622347472386768,0.5361002293100277,2637.8173828125,2672.5096092802864,2664.8346425845657,
rcatan1,XC286803.ogg,4881.204458383413,197713.69632620076,-0.26840149331965196,0.6609547766267974,4651.171875,4860.730109618733,4839.489661602522,
rcatan1,XC288905.ogg,2431.0986328125,23.18394184112549,-1.5,0.25,2433.251953125,2431.094811476466,2431.0909833620117,
rcatan1,XC290368.ogg,3027.4088541666665,80858.78587686099,0.49829842325721885,-1.6157505861047032,2810.0830078125,3014.897858383557,3002.7930615374084,
rcatan1,XC290378.ogg,4123.6083984375,1432502.646446228,0.026825128553746757,-1.779525022314432,2853.1494140625,3957.5812354606524,3796.3839942911086,
rcatan1,XC292355.ogg,2256.8115234375,5896.52806520462,0.5297295443055899,-1.4712554002696823,2217.919921875,2255.546291131848,2254.2962343729514,
rcatan1,XC292649.ogg,2518.5565655048076,58973.408983303954,0.11849009472281483,-1.8753433268858677,2357.8857421875,2507.7998546738745,2497.156394475713,
rcatan1,XC293556.ogg,2416.2738506610576,15321.158669652983,1.2945915153024314,1.6806118413869777,2304.052734375,2413.2853235143143,2410.4108073680145,
rcatan1,XC293562.ogg,2352.50244140625,16940.0847770951,-3.4452950603349315,10.706773443238056,2368.65234375,2348.487982841758,2343.87134073466,
rcatan1,XC294685.ogg,5762.28515625,308768.6182699705,-0.6599177526530842,-0.7644308282664256,4834.2041015625,5735.5674381797735,5707.6186581675975,
rcatan1,XC297321.ogg,,
rcatan1,XC299620.ogg,41.8701171875,447.57887721061707,-0.7809826334290371,-0.3131049117540501,43.06640625,0.0,0.0,
rcatan1,XC308605.ogg,26.91650390625,38.63990306854248,0.0,-2.0,21.533203125,26.37268009197709,25.83984375,
rcatan1,XC308820.ogg,41.27197265625,65.68783521652222,0.2282688235636075,-0.8927335640138407,43.06640625,40.61103483202227,39.9585212628866,
rcatan1,XC312303.ogg,2264.1529756433824,15500.851703040738,1.7366144313398637,1.110687436973623,2207.1533203125,2261.1150389459876,2258.2544619571686,
rcatan1,XC329195.ogg,2410.452090992647,165140.411025461,0.902964306562624,-1.1830733059082221,2153.3203125,2380.9028091032756,2354.267064028901,
rcatan1,XC329595.ogg,,
rcatan1,XC329664.ogg,,
rcatan1,XC330791.ogg,3033.697040264423,2923710.5579330376,1.7903246949177476,3.320129631880797,1593.45703125,2696.5564606268013,2434.6588680106993,
rcatan1,XC332558.ogg,3044.2076526988635,6724.279858849265,-4.123023247405428,17.598429427519083,3057.71484375,3043.0350831990268,3041.7656593068677,
rcatan1,XC332559.ogg,2876.6150841346152,45098.08573404304,-0.19385276093469722,-1.854730736028544,2637.8173828125,2868.892059971916,2861.1122541674467,
rcatan1,XC333627.ogg,2310.87158203125,20565.62206457401,2.210478507112058,9.174043985082816,2368.65234375,2306.87820546404,2303.138774402038,
rcatan1,XC333629.ogg,5206.549072265625,2697818.130367851,-0.7190651480494882,-1.2786539619554187,2928.515625,4888.2918253373045,4524.224157701943,
rcatan1,XC333632.ogg,2728.974609375,172122.00021743774,-0.5841606551810155,-1.4738547413621605,2164.0869140625,2697.4880990701495,2664.33053341533,
rcatan1,XC334338.ogg,2400.9521484375,14915.002584457397,-1.2703941046404856,0.7838219370542387,2476.318359375,2397.873202122958,2394.652128392903,
rcatan1,XC335619.ogg,3.5888671875,28.97992730140686,0.7071067811865475,-1.5,0.0,0.0,0.0,
rcatan1,XC335627.ogg,2616.7327880859375,355162.659044499,-3.718709749766571,13.910250583733912,2939.2822265625,0.0,0.0,
rcatan1,XC339541.ogg,15.5517578125,90.15977382659912,0.1765833205492804,-0.5242346938775508,10.7666015625,0.0,0.0,
rcatan1,XC344482.ogg,1512.3087565104167,2769561.185403815,0.7561437992951036,-0.04899610955250466,21.533203125,245.9330738107341,38.07413182604393,
rcatan1,XC347740.ogg,2890.83251953125,1225.4369258880615,-0.4265487238193054,-1.6143170197224253,2853.1494140625,2890.6464533189205,2890.4597924960967,
rcatan1,XC347741.ogg,2761.63330078125,193.1995153427124,0.0,-1.3599999999999999,2745.4833984375,2761.607066087872,2761.5808313247135,
rcatan1,XC349310.ogg,5031.3157301682695,3327192.8842251115,0.5967816534817094,-1.3109441983180228,3122.314453125,4749.664249423719,4503.026719039714,
rcatan1,XC352150.ogg,275.625,753122.6227283478,2.6665908123671236,5.110874435212645,0.0,0.0,0.0,
rcatan1,XC357523.ogg,,
rcatan1,XC378364.ogg,858.09814453125,139001.89930200577,-0.40357058515611605,-1.830014514107351,419.8974609375,771.0451587335576,683.0101632897024,
rcatan1,XC379137.ogg,107.666015625,827.9979228973389,0.3485685011586675,-0.8519999999999999,75.3662109375,104.10895341072771,100.63667755948079,
rcatan1,XC395777.ogg,2490.673828125,50699.96881484985,1.300406025136583,1.1429664174938985,2411.71875,2481.4151557175214,2472.7401227479468,
rcatan1,XC396519.ogg,3049.25537109375,1743275.1068472862,1.9713150708205864,2.1358514992019986,2422.4853515625,2868.913702417959,2751.613255308701,
rcatan1,XC399420.ogg,3784.2451171875,234709.59041118622,-3.064731270169739,7.676884641141934,3886.7431640625,3743.187485218276,3686.6534090181713,
rcatan1,XC410732.ogg,2668.32275390625,14995.64238216566,-0.20207021536511138,-0.6935631125219142,2713.18359375,2665.6087126059274,2662.8741978523185,
rcatan1,XC417035.ogg,0.0,0.0,0.0,-3.0,0.0,0.0,0.0,
rcatan1,XC419117.ogg,,
rcatan1,XC421431.ogg,4263.57421875,3711255.1700032274,0.7690935702737283,-0.973297369878154,2670.1171875,3899.259152499101,3610.048921933207,
rcatan1,XC422936.ogg,2162.890625,667246.7261552811,-2.3640492792488867,3.8050963629861903,2390.185546875,1330.0681903148918,93.57590065758954,
rcatan1,XC423375.ogg,,
rcatan1,XC423728.ogg,2186.38916015625,17342.734955824337,0.9201785323856125,-0.5546714611594075,2121.0205078125,2182.8263818049636,2179.3843880568907,
rcatan1,XC427431.ogg,5699.8388671875,34.77591276168823,0.40824829046386296,-1.8333333333333333,5695.5322265625,5699.836427317537,5699.8339880629255,
rcatan1,XC427432.ogg,4467.052112926136,3112738.7109127906,0.029844405854258488,-1.6430651568923058,2960.8154296875,4050.0347629612834,3189.2544395811074,
rcatan1,XC430729.ogg,2100.68359375,762.1910291559556,-0.5143995653834831,-1.4103767059669818,2121.0205078125,2100.511491525215,2100.338636295098,
rcatan1,XC435681.ogg,,
rcatan1,XC435683.ogg,,
rcatan1,XC437331.ogg,2293.2861328125,7418.861389160156,-1.1547005383792515,-0.666666666666667,2336.3525390625,2292.0413917188157,2290.765172446646,
rcatan1,XC452949.ogg,2351.7333984375,342.2391414642334,0.13035868695491726,-1.0158688865764827,2347.119140625,2351.671067031157,2351.608773499968,
rcatan1,XC460315.ogg,3874.4384765625,6377648.4811306,-0.9486601735427721,-1.0999949361945482,5351.0009765625,2022.8678163251009,573.6511410105641,
rcatan1,XC4634.ogg,,
rcatan1,XC4635.ogg,2509.515380859375,46904.4514271346,0.32265718773172436,-1.8690729933403438,2347.119140625,2501.083353882241,2492.824038588026,
rcatan1,XC469337.ogg,4122.2625732421875,3446141.845062375,0.6668590522040556,-1.0279811943476895,2411.71875,3787.9838373916327,3503.250478059458,
rcatan1,XC469338.ogg,3627.3431822311045,1154355.0372262334,-0.7082122817592058,-1.243833421866979,1970.2880859375,3438.3700779496457,3224.5230367997774,
rcatan1,XC470262.ogg,,
rcatan1,XC47060.ogg,2728.13720703125,70958.39375958723,-0.9910453473010451,-0.5455789214582882,2928.515625,2714.960739931354,2700.8894587386408,
rcatan1,XC47061.ogg,6229.231508316532,131045.71384141356,1.0586575234809894,1.4196878532574155,6190.7958984375,6219.188154916512,6209.480515207867,
rcatan1,XC474546.ogg,5588.694411057692,1142455.6109767694,-0.20802276633552524,-1.6646049118872528,5964.697265625,5490.520499131094,5390.638844822068,
rcatan1,XC491627.ogg,5962.90283203125,300358.19476141647,-0.17854419340781655,-1.9009871589403913,5404.833984375,5938.805162108261,5914.534387733438,
rcatan1,XC496092.ogg,,
rcatan1,XC496775.ogg,7385.888671875,1004.6374797821045,0.0,-1.8520710059171597,7353.5888671875,7385.83766369475,7385.7866557625375,
rcatan1,XC499695.ogg,2706.005859375,38.63990306854248,0.7071067811865475,-1.5,2702.4169921875,2706.0011038043,2705.996352442053,
rcatan1,XC511251.ogg,66.94017493206522,779.3653176236061,0.027455896877440537,-0.9415558023239785,86.1328125,60.47335979148716,53.28557616080716,
rcatan1,XC517974.ogg,478.69966947115387,1885.9244997684773,-0.11313866089022402,-1.8833587624141412,430.6640625,476.8650659545745,475.02398623979497,
rcatan1,XC517975.ogg,2771.1576021634614,11196314.482454153,0.42949712765197634,-1.6909071712244332,21.533203125,234.8095763531377,34.19910602849277,
rcatan1,XC518703.ogg,2635.125732421875,1538246.2611794472,1.8803186631093924,2.084638652649878,2002.587890625,2458.3207371789363,2340.049938398957,
rcatan1,XC524958.ogg,2767.0166015625,34809.032678604126,0.4508960034227155,-0.42686952121173194,2562.451171875,2761.2371490404953,2755.5506309547286,
rcatan1,XC545184.ogg,6341.996433423913,107873.59848088426,1.0714255212464414,0.6753976937984549,5996.9970703125,6334.12534939938,6326.508707565799,
rcatan1,XC548215.ogg,2517.1312908793607,1432.7573360398758,0.40214758954828267,-1.5511860352875366,2487.0849609375,2516.8543870461035,2516.578594003491,
rcatan1,XC551882.ogg,,
rcatan1,XC5528.ogg,3.5888671875,38.63990306854248,0.7071067811865475,-1.5,0.0,0.0,0.0,
rcatan1,XC555867.ogg,2875.949276194853,1766.0708637798537,0.0714335319794658,-1.506387333969382,2831.6162109375,2875.6604623782937,2875.371844100586,
rcatan1,XC555868.ogg,2850.99609375,81.14379644393921,0.3436215967445456,-1.153061224489796,2842.3828125,2850.9847164351672,2850.973346459256,
rcatan1,XC569154.ogg,2873.3367919921875,1372.4065572023392,-0.8319154994026795,0.08931021068364675,2874.6826171875,2873.126388906554,2872.914538574197,
rcatan1,XC575069.ogg,2147.3388671875,384365.97732397227,-3.233446324707334,8.503845902004985,2282.51953125,0.0,0.0,
rcatan1,XC575456.ogg,4959.0966796875,34.77591276168823,-0.40824829046386296,-1.8333333333333333,4963.4033203125,4959.093873854497,4959.091067210577,
rcatan1,XC581265.ogg,2804.3830422794117,1581.1107395326392,-2.1432701695848078,3.9139045778510626,2810.0830078125,2804.112343533163,2803.8361453879456,
rcatan1,XC585003.ogg,72.2900390625,66.23983383178711,0.4592793267718459,-0.8958333333333335,64.599609375,71.90676720183774,71.53403072033898,
rcatan1,XC589312.ogg,2621.1780894886365,15425.751848654312,2.1956983115370474,4.100806257330777,2594.7509765625,2618.6636152941983,2616.2992372826275,
rcatan1,XC599022.ogg,3669.61669921875,158.42360258102417,-0.48756686638394087,-1.0101130279595483,3671.4111328125,3669.598692569876,3669.580667526653,
rcatan1,XC605365.ogg,3648.5321044921875,203695.23481976602,0.9538926258103195,-0.8434627898145388,4435.83984375,3623.292649906647,3599.915878312049,
rcatan1,XC605366.ogg,3421.6259765625,9171.079309363115,0.15132628689196664,-0.5001984058985327,3359.1796875,3420.3553863073207,3419.0873722178567,
rcatan1,XC605367.ogg,3899.0478515625,24205.13927936554,-1.6614606645469467,1.2838674656657085,3886.7431640625,3896.271080980683,3893.374450284337,
rcatan1,XC615018.ogg,3245.6409801136365,2033124.2102818056,1.2082796402441527,-0.05713654947830449,2250.2197265625,3018.1872402736903,2846.5830626571255,
rcatan1,XC618925.ogg,11.53564453125,26.113780645223763,0.27425636234096673,1.5788221296847125,10.7666015625,0.0,0.0,
rcatan1,XC618964.ogg,2959.27734375,10565.253496170044,-0.2868753398804942,-1.9051101764592195,2853.1494140625,2957.737363401058,2956.188626131529,
rcatan1,XC618965.ogg,2105.255126953125,4452.022165060043,0.6246920176700288,0.040712012772718076,2131.787109375,2104.2475327039087,2103.251714533088,
rcatan1,XC618966.ogg,5920.60546875,9322261.910319328,-0.4901846311364291,-1.7595169531555435,8279.5166015625,4921.387952902976,3929.819098728442,
rcatan1,XC619020.ogg,5920.60546875,9322261.910319328,-0.4901846311364291,-1.7595169531555435,8279.5166015625,4921.387952902976,3929.819098728442,
rcatan1,XC619021.ogg,2889.755859375,35329.8869509446,-1.0995246235709255,0.23704224867785317,2691.650390625,2883.6432069111725,2877.2137383755285,
rcatan1,XC619343.ogg,15.47698974609375,107.70872980356216,-0.04864718560069658,-0.8984294878240062,21.533203125,0.0,0.0,
rcatan1,XC63475.ogg,2647.2381591796875,264112.7074509859,0.0031060207748472095,-1.99534942137261,2164.0869140625,2603.2370158567674,2559.977940074466,
rcatan1,XC63477.ogg,,
rcatan1,XC73612.ogg,2356.6434420072114,23029.322782846597,0.03680187610562511,-1.9043036832033358,2519.384765625,2351.947017825665,2347.2653897553687,
rcatan1,XC75569.ogg,3262.2802734375,320952.694863081,0.04706728799477913,-1.7074560542983657,2637.8173828125,3218.3094546802567,3174.8067023403364,
rcatan1,XC84541.ogg,2692.2025240384614,66659.62095685334,2.8096762904664336,8.285973042717089,2551.6845703125,2681.823650980175,2672.8373070625307,
rcatan1,XC84542.ogg,2772.8892933238635,2966.741648587313,-4.298613265809079,16.682196344766044,2788.5498046875,2772.3486327417036,2771.7760978056035,
rcatan1,XC84543.ogg,2555.2734375,11862.450242042542,0.6993411305021355,-1.5000000000000002,2487.0849609375,2553.7501910239953,2552.252038858073,
rcatan1,XC84544.ogg,2434.720126065341,257.18117302114314,-0.32618223361087234,-0.8731126710291433,2422.4853515625,2434.6696391592664,2434.6190803768377,
rcatan1,XC84545.ogg,2302.97607421875,17940.506994724274,2.5820572418619774,4.844528342229485,2239.453125,2299.76865994195,2296.8363057257184,
rcatan1,XC84546.ogg,2726.886541193182,118.0273402820934,-1.1794516367565202,0.2892219387755839,2734.716796875,2726.866808021666,2726.847015573682,
