primary_label,filename,mean,variance,skewness,kurtosis,mode,gmean,hmean
reevir1,XC112500.ogg,3557.28515625,178728.31964492798,0.6612017484406915,-1.2718687597379796,3186.9140625,3534.853430320611,3513.545879044464,
reevir1,XC120863.ogg,37.68310546875,38.63990306854248,0.0,-2.0,32.2998046875,37.29660186220092,36.9140625,
reevir1,XC130989.ogg,811.7365056818181,930950.7455405864,2.3212483833771707,3.3888091713628468,462.9638671875,584.2975742472072,512.4813778464128,
reevir1,XC130990.ogg,3422.4334716796875,312.5692158937454,0.2101837741197034,-1.466865488355774,3402.24609375,3422.3935415867422,3422.353638517461,
reevir1,XC134099.ogg,3457.275390625,75621.51029706001,-1.4418135978211677,1.5885475764929335,2810.0830078125,3446.723412633168,3435.2630508730526,
reevir1,XC136048.ogg,3713.541312839674,448028.7597184125,0.9931621751813127,-0.104844348867283,3531.4453125,3660.7781709582146,3612.7493802097983,
reevir1,XC137792.ogg,4130.068359375,113967.1061038971,-0.6483087592274784,-1.362390663932873,4403.5400390625,4117.1888968889325,4103.882982333307,
reevir1,XC139569.ogg,3604.2275390625,213758.6485683918,0.17774020751442035,0.02047980243887837,3520.6787109375,3575.5844442157436,3546.580575524722,
reevir1,XC141538.ogg,3219.2138671875,70826.94232463837,-0.9727793658292866,-1.005074721218469,3369.9462890625,3209.2712585904933,3198.8316183265033,
reevir1,XC142593.ogg,3450.3369140625,311888.04960250854,0.40797895401736634,-1.5206376637724357,2863.916015625,3409.4756569076653,3370.415144589552,
reevir1,XC144025.ogg,2784.2431640625,15568.016946315765,1.3891177743660004,0.08357695981867863,2713.18359375,2782.085209306713,2780.004912523361,
reevir1,XC144678.ogg,3629.6905517578125,103330.16001834319,-0.49578226460543295,-1.521968282309386,3122.314453125,3615.35481368977,3600.618871000714,
reevir1,XC145841.ogg,2816.2353515625,12397.888898849487,-0.9246787762297404,-1.1031530081379457,2885.44921875,2814.3042418668797,2812.3295423778095,
reevir1,XC147050.ogg,,
reevir1,XC150693.ogg,,
reevir1,XC152475.ogg,3421.8217329545455,93612.5418923118,-0.1383160192407341,-1.9295239182385986,3100.78125,3409.262381597643,3396.6453767719495,
reevir1,XC163777.ogg,4268.95751953125,38.63990306854248,0.0,-2.0,4263.57421875,4268.954125267113,4268.950731005675,
reevir1,XC17175.ogg,,
reevir1,XC17176.ogg,927.72216796875,1592895.228087902,0.7070836250971623,-1.499934505999414,107.666015625,319.4702491074997,165.53846331630155,
reevir1,XC173823.ogg,3648.681640625,383938.9568567276,-0.036905021455985516,-1.698568514596438,4263.57421875,3601.2109326237874,3553.7317471296656,
reevir1,XC176354.ogg,3576.095042509191,444324.6879408704,0.5397298714773183,-0.9818292702902007,2831.6162109375,3518.4037465859547,3463.821004184221,
reevir1,XC177349.ogg,4482.072897518382,3638041.9239322133,1.0250743703743892,-0.8816214102758417,3359.1796875,4162.718430509304,3924.7210873897543,
reevir1,XC177773.ogg,3908.2763671875,77.27980613708496,0.0,-1.0,3908.2763671875,3908.268952151549,3908.261537101527,
reevir1,XC179588.ogg,3068.4814453125,77318.4460401535,0.47023546026038776,-1.3587742532406963,2820.849609375,3056.901827019153,3045.6391924165746,
reevir1,XC179638.ogg,3295.6938644935344,35639.885766752835,-1.510889655497158,1.2647189226563489,3402.24609375,3290.1425528144478,3284.2422687296435,
reevir1,XC179656.ogg,3691.902406754032,167483.5380469599,0.9538343951384997,2.425562126317515,3423.779296875,3670.902153023929,3650.5548273284494,
reevir1,XC180330.ogg,3608.1573486328125,66221.20387852192,0.509450392140599,-1.3500608395396942,3391.4794921875,3600.290325491299,3592.600675692845,
reevir1,XC182116.ogg,,
reevir1,XC184154.ogg,3427.694424715909,90632.35155018893,-0.23358547961127527,-1.356119886941572,3079.248046875,3415.4706563524546,3403.0826185787723,
reevir1,XC184870.ogg,2957.879083806818,33294.24811493266,-1.6397556725480487,0.7086594778102855,3036.181640625,2952.402341635807,2946.553130660191,
reevir1,XC185285.ogg,2950.048828125,41962.934732437134,1.2722554577519385,0.23679863252037459,2799.31640625,2944.410860021562,2939.0546393387413,
reevir1,XC187438.ogg,3263.7653219288795,594326.3449442799,1.4897209412896653,1.191539826823492,3046.9482421875,3189.725055961676,3127.475892998216,
reevir1,XC188451.ogg,3287.8509521484375,12715.978100895882,-2.083648908184974,2.6757551565066438,3294.580078125,3286.078670773811,3284.223074707841,
reevir1,XC189295.ogg,3149.23095703125,24053.339660167694,-1.5568543322764234,0.769868718246479,2842.3828125,3145.8886817386215,3142.381963631471,
reevir1,XC189296.ogg,3552.978515625,76111.51730313021,-0.013210702052398044,-1.7896912698878733,3240.7470703125,3542.835293223374,3532.7020638911986,
reevir1,XC189412.ogg,6311.3818359375,49634.24348831177,2.0609779864415114,3.1455529597294616,6190.7958984375,6307.995306103628,6304.754807909013,
reevir1,XC190133.ogg,3151.1885209517045,48889.26281170412,-0.484441353055611,-0.9865965730650719,2777.783203125,3143.591749453809,3135.810810663779,
reevir1,XC190134.ogg,3097.1923828125,54420.43948173523,-0.7726782017907609,-1.3118049119975645,3240.7470703125,3089.5896156865774,3081.7206801096895,
reevir1,XC190135.ogg,4107.2431640625,386603.0493736267,-0.6018053950591234,-1.5699625726718125,3348.4130859375,4058.834911001271,4007.832760129368,
reevir1,XC193425.ogg,3292.78564453125,774780.2883982658,0.0039856072577288135,-1.0965796836285169,3542.2119140625,3190.75623286397,3087.324677070508,
reevir1,XC205989.ogg,2.5333180147058822,22.161120877546423,1.2480754415067652,-0.44230769230769296,0.0,0.0,0.0,
reevir1,XC205992.ogg,2346.6297496448865,1825851.0887893764,-0.9570589224047301,-0.3072357009987532,10.7666015625,0.0,0.0,
reevir1,XC213566.ogg,2603.3642578125,126501.89065933228,2.1005197219764384,3.3676883472784347,2357.8857421875,2584.6218477239054,2568.5562363263534,
reevir1,XC215993.ogg,5419.0458984375,32329.234099388123,0.5020465074784,-0.6635122974665557,5200.2685546875,5416.210769851787,5413.404464256927,
reevir1,XC216094.ogg,0.0,0.0,0.0,-3.0,0.0,0.0,0.0,
reevir1,XC239644.ogg,,
reevir1,XC241104.ogg,3852.256393432617,280931.1565104872,0.4185064878823417,-0.19971784655000047,3369.9462890625,3817.0310078720727,3782.4440787236254,
reevir1,XC243442.ogg,3728.3203125,77809.72480773926,2.0353900792806447,2.1539329821309625,3617.578125,3720.1282397427276,3712.6414624790764,
reevir1,XC243578.ogg,3991.39453125,176618.36013793945,-0.02009867210211082,2.367737782751635,4112.841796875,3969.550940042134,3946.73817802384,
reevir1,XC243778.ogg,,
reevir1,XC246974.ogg,3327.5527954101562,175509.6847191453,1.4281641934786953,0.23847142721653647,3057.71484375,3305.272762929296,3285.3319662156755,
reevir1,XC247313.ogg,,
reevir1,XC247830.ogg,4178.746448863636,49423.509653319015,3.5102176993116605,13.517971742266631,4069.775390625,4173.609619405663,4168.992983390813,
reevir1,XC252572.ogg,3773.69384765625,450201.23863220215,0.7159838495720989,-1.2815521284757707,3316.11328125,3721.5008407978844,3673.5913955158912,
reevir1,XC252956.ogg,3521.575927734375,24458.180462772198,-0.10847326219806194,-1.7428766984261301,3391.4794921875,3518.3806812912503,3515.1769780532345,
reevir1,XC253543.ogg,8.97216796875,38.63990306854248,-0.0548202444686843,-0.04958677685950397,10.7666015625,0.0,0.0,
reevir1,XC253544.ogg,5.126953125,30.359923839569092,0.09534625892455924,-1.9909090909090912,0.0,0.0,0.0,
reevir1,XC253547.ogg,5.38330078125,38.63990306854248,0.0,-2.0,0.0,0.0,0.0,
reevir1,XC254292.ogg,,
reevir1,XC254790.ogg,,
reevir1,XC261427.ogg,,
reevir1,XC277217.ogg,,
reevir1,XC277376.ogg,,
reevir1,XC283592.ogg,,
reevir1,XC293439.ogg,2989.5263671875,21097.387075424194,-1.3078721292219786,-0.23041261622992382,3068.4814453125,2986.2566319661537,2982.852748560861,
reevir1,XC294257.ogg,2650.506591796875,15920.100063085556,0.4133411785819269,-1.4889580559967945,2519.384765625,2647.6448250816256,2644.820296466958,
reevir1,XC302417.ogg,3805.99365234375,98979.97570037842,1.294647643080708,0.9809483337436276,3499.1455078125,3794.525156387251,3783.7356135924815,
reevir1,XC302589.ogg,5049.5361328125,77.27980613708496,0.0,-1.0,5049.5361328125,5049.530393676087,5049.524654533143,
reevir1,XC310839.ogg,3216.522216796875,106.25973343849182,0.49338220021815865,-1.371900826446281,3208.447265625,3216.509839703361,3216.4974739069635,
reevir1,XC31349.ogg,491.7905745967742,1155096.525826762,1.8416996999594404,1.3923357457099454,21.533203125,57.34714354016642,30.522007269965595,
reevir1,XC314882.ogg,3151.845703125,161362.5730907216,0.3034095349894062,-0.5578133407427379,2810.0830078125,3127.222708596736,3102.820135755803,
reevir1,XC316457.ogg,3443.51806640625,52876.434413825766,0.18910276711030816,0.2976112397818542,3488.37890625,3436.286146021649,3429.065903267505,
reevir1,XC318490.ogg,3669.2578125,11557.195007801056,0.749186924604452,-1.079684892189105,3585.2783203125,3668.0138117979545,3666.7859538035536,
reevir1,XC319706.ogg,3823.93798828125,53296.01830244064,-0.7050313388915902,-1.4980439754878674,3972.8759765625,3817.9709538794677,3811.8537108741607,
reevir1,XC321391.ogg,3546.87744140625,100783.65972740897,1.6419520012614068,0.939456934673248,3359.1796875,3534.3066232057618,3522.836943423104,
reevir1,XC322509.ogg,4015.9423828125,77.27980613708496,0.0,-1.0,4015.9423828125,4015.935166572167,4015.92795031886,
reevir1,XC322758.ogg,3190.5029296875,94503.54292988777,-1.3322067195994587,-0.21869240532433265,2648.583984375,3176.1343811092006,3160.5469669829386,
reevir1,XC323248.ogg,3502.4222995923915,589994.5839487988,1.3060234561269757,0.4568385756599276,2874.6826171875,3431.354445466923,3370.81417380942,
reevir1,XC324882.ogg,4080.5419921875,115.91970920562744,0.0,-1.5,4069.775390625,4080.5325228589663,4080.5230535304245,
reevir1,XC324883.ogg,3861.62109375,24149.93941783905,-0.7071067811865476,-1.5000000000000004,3951.3427734375,3859.503031186626,3857.352697951356,
reevir1,XC325279.ogg,,
reevir1,XC325531.ogg,2648.583984375,115.91970920562744,0.0,-1.5,2637.8173828125,2648.569395403636,2648.55480643227,
reevir1,XC327668.ogg,3452.3341966711955,187174.59227492215,-0.3766133232907978,-1.0838121413383424,3617.578125,3425.3061536952164,3397.3015221192077,
reevir1,XC327669.ogg,,
reevir1,XC328717.ogg,326.79802389705884,669449.9582753462,3.7390740136156277,12.011343692415128,86.1328125,151.1532248692643,127.3581260625838,
reevir1,XC345568.ogg,5066.455078125,1431995.6569488232,-1.3749824254439609,-0.00967922376601571,2734.716796875,4894.994597212769,4681.066319902088,
reevir1,XC364589.ogg,,
reevir1,XC368192.ogg,3480.9768676757812,5327.959634363651,0.493223488085573,-0.953508207283023,3456.0791015625,3480.263965744288,3479.555692970938,
reevir1,XC368762.ogg,1650.6546020507812,2799950.3641527505,0.04323282309022739,-1.9399285896175456,10.7666015625,218.4966686654238,27.44657340507055,
reevir1,XC369875.ogg,2857.09716796875,1779731.1511183607,-1.562908028788881,0.7410799226027436,21.533203125,1397.9256736091177,90.23321302930971,
reevir1,XC371466.ogg,7.453801081730769,84.71055672718929,1.4541727074557877,2.036472760849491,0.0,0.0,0.0,
reevir1,XC373632.ogg,,
reevir1,XC373797.ogg,,
reevir1,XC374571.ogg,3655.26123046875,193.1995153427124,0.0,-1.3599999999999999,3639.111328125,3655.2414096511493,3655.2215888034616,
reevir1,XC375051.ogg,300.2685546875,12908.947616815567,-0.8371268880981014,-0.03358528991983034,258.3984375,269.2976284457634,219.8610696695132,
reevir1,XC375055.ogg,45.2197265625,81.14379644393921,-0.3436215967445456,-1.153061224489796,43.06640625,44.45441410019569,43.64838471283784,
reevir1,XC375275.ogg,0.0,0.0,0.0,-3.0,0.0,0.0,0.0,
reevir1,XC375612.ogg,3584.5761506453805,204736.88640024353,0.6398412492797997,0.4803750766269639,3477.6123046875,3557.5337201224706,3531.225526243563,
reevir1,XC375868.ogg,28.2623291015625,64.16983902454376,0.6604840139049142,-0.7388137356919873,21.533203125,27.3383065332982,26.50240384615385,
reevir1,XC378301.ogg,,
reevir1,XC378583.ogg,,
reevir1,XC380303.ogg,3318.1640625,1218311.7277622223,-2.5699897999995946,5.019198628631436,3552.978515625,2467.109708327879,534.8515324631876,
reevir1,XC381598.ogg,3205.510919744318,34291.15761410106,0.23733863430449353,-0.9661392890184035,3369.9462890625,3200.6798286169037,3195.883999402996,
reevir1,XC381633.ogg,,
reevir1,XC381634.ogg,,
reevir1,XC381740.ogg,52.32799899193548,2289.644578814005,6.481246584612634,40.54888838613331,43.06640625,47.11467189525234,45.60045139387199,
reevir1,XC382126.ogg,2943.4232271634614,70180.4670232993,0.4031718787934232,-1.1251575491152934,2691.650390625,2932.6225346735314,2922.0549551163826,
reevir1,XC382857.ogg,3626.55029296875,436.63090467453003,-0.46619795247328716,-1.2832641553763018,3639.111328125,3626.50004410633,3626.449712932774,
reevir1,XC383965.ogg,3418.994140625,39676.74046754837,-2.3270472747451842,3.7088004964760843,3509.912109375,3413.342151874017,3407.1551479941563,
reevir1,XC394758.ogg,2924.029541015625,263729.7584116459,3.532848455734891,15.585935169504026,2530.1513671875,2890.947671119228,2864.8390562117743,
reevir1,XC394759.ogg,3169.5218599759614,71996.54246752079,-0.13322842779175878,-1.1335498058139468,3122.314453125,3158.912924368378,3148.199998234565,
reevir1,XC395429.ogg,2907.9612038352275,27367.08771098744,0.609946313575717,-0.8259377889742279,2777.783203125,2903.5600608045193,2899.2519310417683,
reevir1,XC412041.ogg,2670.1171875,77.27980613708496,0.0,-1.0,2670.1171875,2670.106334004828,2670.095480465543,
reevir1,XC413189.ogg,3379.63623046875,85178.99124438946,-0.21049791916439342,-0.6595015715612154,3380.712890625,3367.1162232173424,3354.36739059671,
reevir1,XC416796.ogg,3428.3935546875,203279.01005744934,-0.28829161524226243,-1.9158511527636846,2950.048828125,3402.2699797633477,3375.7215630068363,
reevir1,XC417986.ogg,44.96639476102941,119.32911241755767,-1.0987565858666895,0.16336734693877597,53.8330078125,43.34896310920033,41.28546463815789,
reevir1,XC418308.ogg,3100.78125,751971.1536169052,0.7069841540314908,-1.5,2594.7509765625,3026.8978827048954,2961.578281470824,
reevir1,XC418831.ogg,,
reevir1,XC420812.ogg,,
reevir1,XC421305.ogg,3023.9794921875,22800.854802131653,-0.2254151651236107,0.388010026594785,2960.8154296875,3020.4227767047764,3016.8232165073505,
reevir1,XC421777.ogg,2792.39501953125,33645.37713619379,0.3782355037369338,-1.721543573161344,2648.583984375,2786.8817750837543,2781.4626550666444,
reevir1,XC421874.ogg,2997.06298828125,189467.6866026248,3.435316877314699,13.566327970997254,2831.6162109375,2972.8007463615545,2953.3421993643137,
reevir1,XC425577.ogg,3324.188232421875,22573.431372642517,1.7386294854645883,4.887405079157985,3337.646484375,3321.146048018993,3318.231278857094,
reevir1,XC425579.ogg,3628.3447265625,231.83941841125488,0.0,-1.2500000000000002,3617.578125,3628.3173419847863,3628.289957303725,
reevir1,XC428182.ogg,2863.916015625,77.27980613708496,0.0,-1.0,2863.916015625,2863.9058965849404,2863.8957775091244,
reevir1,XC428280.ogg,2878.1083540482955,33863.86050419374,3.8507136451643027,14.260270788044732,2799.31640625,2873.2421785862293,2869.0142590096802,
reevir1,XC430480.ogg,4134.375,92.73576736450195,0.0,-1.5,4123.6083984375,4134.365653970571,4134.356307941143,
reevir1,XC436841.ogg,,
reevir1,XC447225.ogg,,
reevir1,XC465817.ogg,,
reevir1,XC466952.ogg,3520.248046875,1030617.7914083004,1.527641303191823,0.8264031371069147,3025.4150390625,3407.211764666577,3317.956724899437,
reevir1,XC469604.ogg,,
reevir1,XC477000.ogg,3062.3291015625,84731.78744316101,1.0340202482208771,-0.2224594892253502,2853.1494140625,3051.097848280204,3040.4878378749145,
reevir1,XC477350.ogg,,
reevir1,XC478436.ogg,4121.253204345703,549188.2022344057,-0.5447894871420556,-0.6237184086673975,4565.0390625,4050.2192433957657,3972.6053073325393,
reevir1,XC478454.ogg,,
reevir1,XC478828.ogg,2986.6552734375,113297.34778404236,0.7832100487877918,-1.2831794858240664,2734.716796875,2970.430240808493,2955.1166269324517,
reevir1,XC479505.ogg,,
reevir1,XC480578.ogg,,
reevir1,XC482569.ogg,4032.09228515625,534866.4182424545,-0.6953557010433546,-0.8637721547846673,2734.716796875,3960.765446901014,3882.413742790857,
reevir1,XC482643.ogg,,
reevir1,XC483296.ogg,3945.95947265625,38.63990306854248,0.0,-2.0,3940.576171875,3945.955800553055,3945.952128453274,
reevir1,XC486515.ogg,,
reevir1,XC486531.ogg,3167.5341796875,6645.249856145759,0.5282825531078544,-0.9057983103630631,3100.78125,3166.5459828482767,3165.566240184177,
reevir1,XC487017.ogg,,
reevir1,XC487027.ogg,3093.603515625,133633.34476947784,0.2425603699331265,-0.92272226613682,3316.11328125,3073.629027850646,3053.9207693197886,
reevir1,XC487048.ogg,,
reevir1,XC499553.ogg,2884.37255859375,2510.30570268631,0.1574553527787301,0.02887747357513959,2810.0830078125,2883.981462065885,2883.590883273313,
reevir1,XC500660.ogg,2941.07666015625,52693.23581457138,0.08908030488237113,-1.8613443171434723,3111.5478515625,2933.631251939713,2926.2314280310525,
reevir1,XC501015.ogg,,
reevir1,XC509632.ogg,3129.6810752467104,606647.1560691533,1.3332462894660906,-0.11011005673913532,2648.583984375,3052.804914952231,2990.150339888112,
reevir1,XC510781.ogg,,
reevir1,XC521131.ogg,7971.3226318359375,9370.866492390633,0.004195803221578189,-1.9657075586390353,7881.15234375,7970.808317546987,7970.294050513693,
reevir1,XC521132.ogg,213.7939453125,6237.584352493286,0.2761004113926508,-1.8907768815099069,150.732421875,201.67211697267413,190.8428117834046,
reevir1,XC521133.ogg,2500.384880514706,80050.23036371259,0.17110059463223035,-1.8031094072056733,2271.7529296875,2485.446303186382,2470.751470640862,
reevir1,XC524418.ogg,,
reevir1,XC526706.ogg,82.5439453125,194.5319257933518,4.029647184872604,17.42127978982924,75.3662109375,81.72235220600876,81.11161715246635,
reevir1,XC526707.ogg,139.9658203125,0.0,0.0,-3.0,139.9658203125,139.96582031249986,139.96582031249997,
reevir1,XC526708.ogg,3538.623046875,575780.9236049652,0.00016119128496010178,-1.9995710966992464,2842.3828125,3470.1645535482076,3403.0308458328946,
reevir1,XC54341.ogg,3879.5654296875,181337.06510066986,0.7065982948306964,-1.5,3628.3447265625,3864.5849039243894,3850.2600047689853,
reevir1,XC547298.ogg,2488.7413611778848,4060490.5616090843,-0.4117544386114624,-1.7448073361000338,43.06640625,807.7391307676078,154.4540729111419,
reevir1,XC550358.ogg,3192.29736328125,14687.027156352997,0.046086842107951956,-1.4273728904888776,3057.71484375,3190.3811867473855,3188.4668943741467,
reevir1,XC551388.ogg,,
reevir1,XC551389.ogg,,
reevir1,XC551392.ogg,,
reevir1,XC555444.ogg,1344.0673828125,1210266.229659319,0.669513433969204,-1.107173974471388,570.6298828125,884.8430853057184,485.49951899061097,
reevir1,XC558245.ogg,2806.494140625,38.63990306854248,-0.7071067811865475,-1.5,2810.0830078125,2806.489547360767,2806.4849501840586,
reevir1,XC558922.ogg,,
reevir1,XC560745.ogg,2933.89892578125,30088.72451989547,3.9959341633421426,15.63311835559708,2842.3828125,2929.618950818073,2925.8809396780434,
reevir1,XC562139.ogg,,
reevir1,XC562375.ogg,,
reevir1,XC562418.ogg,,
reevir1,XC564239.ogg,,
reevir1,XC564245.ogg,,
reevir1,XC564808.ogg,7.177734375,77.27980613708496,0.6260990336999411,-0.9600000000000004,0.0,0.0,0.0,
reevir1,XC565792.ogg,,
reevir1,XC566619.ogg,1636.991550611413,3486353.523278896,0.6346328037317931,-1.5908825208301212,215.33203125,734.3179134551053,414.70705067337894,
reevir1,XC568389.ogg,2936.8896484375,29118.386954069138,2.4652790584655064,4.09830705028816,2885.44921875,2932.840839730787,2929.124719020659,
reevir1,XC568391.ogg,3036.181640625,14837.722778320312,2.812796062908412,5.983933105468749,2993.115234375,3034.1070175233945,3032.170139644326,
reevir1,XC570185.ogg,2936.2060546875,86414.7698879242,0.9301036072985674,-0.8577405963650322,2713.18359375,2922.779844336089,2910.138956491427,
reevir1,XC570188.ogg,3168.317205255682,95172.18888889659,-0.5347822790099217,-0.7008355959004895,2659.3505859375,3154.097517252749,3139.324894106413,
reevir1,XC570427.ogg,47.373046875,34.77591276168823,0.40824829046386296,-1.8333333333333333,43.06640625,47.08717525478376,46.811311141304344,
reevir1,XC579024.ogg,3457.9790900735293,5828.374790794709,-0.12522352755500707,-1.2706179898458128,3445.3125,3457.184276718486,3456.387959308392,
reevir1,XC579416.ogg,5.0666360294117645,30.684628907371973,0.11785113019775795,-1.9861111111111114,0.0,0.0,0.0,
reevir1,XC583008.ogg,,
reevir1,XC584066.ogg,3287.0035807291665,70343.77840849069,-0.7332805985587929,-0.940723001856659,3499.1455078125,3276.244788758029,3265.0441264621645,
reevir1,XC584067.ogg,3641.2646484375,81.14379644393921,-0.3436215967445456,-1.153061224489796,3639.111328125,3641.2557300860058,3641.2468072010265,
reevir1,XC599844.ogg,4251.26953125,132.47966766357422,-0.5953924651018015,-0.640625,4252.8076171875,4251.256162579326,4251.242780548585,
reevir1,XC602495.ogg,3680.2201704545455,211734.72557284613,1.3482319000114635,0.19847744603502626,3380.712890625,3656.4444952947965,3634.94884158261,
reevir1,XC602498.ogg,3775.48828125,79731.44136626145,-0.0358837599575172,5.059799449601789,3789.84375,3765.0527932304235,3754.231257439129,
reevir1,XC602501.ogg,3494.0185546875,61722.82916307449,0.12437932178560372,2.026255037527373,3509.912109375,3485.5629095060385,3477.0116672756844,
reevir1,XC602505.ogg,3820.34912109375,349252.0329627124,-0.48578509428170147,-1.343526861955616,4349.70703125,3775.8164704442706,3729.058818733191,
reevir1,XC602507.ogg,3479.952870244565,344966.0582598962,0.2836119866246607,-1.3840034547802638,2960.8154296875,3433.341889823287,3388.093709529038,
reevir1,XC604973.ogg,2966.19873046875,38.63990306854248,0.0,-2.0,2960.8154296875,2966.1938454367933,2966.1889604128855,
reevir1,XC604974.ogg,2874.6826171875,12210.209369659424,-1.9413214518012607,1.9508792661432457,2896.2158203125,2872.772927639404,2870.7707541871605,
reevir1,XC604975.ogg,2938.20556640625,12788.51991891861,1.3829906759697002,1.2657443029313136,2831.6162109375,2936.3082766951443,2934.470344240095,
reevir1,XC604976.ogg,3458.232421875,52364.79663848877,-0.8394578979990384,-0.758250697997934,3628.3447265625,3451.1536519007973,3443.8130284274857,
reevir1,XC605296.ogg,94.5068359375,225.3994345664978,0.1207363221040738,-1.1565306122448977,75.3662109375,93.44396999330806,92.38672896101326,
reevir1,XC605969.ogg,0.0,0.0,0.0,-3.0,0.0,0.0,0.0,
reevir1,XC78885.ogg,3354.39453125,40574.92880260243,1.0803892102315162,0.4401296404993147,3165.380859375,3348.896503783992,3343.6056944527704,
