primary_label,filename,mean,variance,skewness,kurtosis,mode,gmean,hmean
rehbar1,XC10699.ogg,,
rehbar1,XC120125.ogg,,
rehbar1,XC127949.ogg,13.8427734375,143.51963996887207,0.19201160638565623,-1.143491124260355,0.0,0.0,0.0,
rehbar1,XC128996.ogg,,
rehbar1,XC130055.ogg,26.91650390625,38.63990306854248,0.0,-2.0,21.533203125,26.37268009197709,25.83984375,
rehbar1,XC164511.ogg,523.2568359375,48.2998788356781,0.5692099788303083,-0.6200000000000006,516.796875,523.2127408135307,523.1688581540063,
rehbar1,XC186786.ogg,633.8097205528846,506711.34671798116,4.390414568914105,18.769791493463313,527.5634765625,454.2184080573499,167.36332961698645,
rehbar1,XC240041.ogg,655.224609375,287.03927993774414,-0.028285981029545774,-1.4515532544378695,635.2294921875,655.0367207270511,654.8487426447251,
rehbar1,XC245588.ogg,,
rehbar1,XC250829.ogg,,
rehbar1,XC250830.ogg,,
rehbar1,XC257070.ogg,118.4326171875,18807.972818613052,3.4064354715785563,10.411301255220192,64.599609375,91.07728452666235,80.0793410947659,
rehbar1,XC257994.ogg,651.8687855113636,402.5575356049971,-1.4360870254597602,1.1626188975082883,656.7626953125,651.5797280492079,651.2820857826795,
rehbar1,XC257995.ogg,3096.0708618164062,4657498.873271048,-0.7485805009943203,-1.3547818877474596,21.533203125,888.7035773633384,78.54570545132236,
rehbar1,XC257996.ogg,479.9191452386811,18669.549386332357,-2.7589841417905743,5.647807013673029,527.5634765625,426.10346386247613,299.58383641392805,
rehbar1,XC260584.ogg,573.321533203125,280.139297246933,0.29741755609809106,-1.0217994451050338,559.86328125,573.0871444537398,572.8540057272069,
rehbar1,XC264513.ogg,21.533203125,309.11922454833984,0.7441175562369161,-0.26562499999999956,10.7666015625,0.0,0.0,
rehbar1,XC264514.ogg,531.7764945652174,28.223929197891902,0.4454354031873824,-1.801587301587296,527.5634765625,531.7506093630252,531.7248010927915,
rehbar1,XC274970.ogg,526.7559814453125,133.08474306876843,-0.6102473712349817,-0.3899658351313615,527.5634765625,526.6316693131073,526.506208385284,
rehbar1,XC275975.ogg,122.4700927734375,31.049922108650208,0.5163977794943223,-1.7333333333333334,118.4326171875,122.36072371288658,122.2530241935484,
rehbar1,XC275976.ogg,2628.3966064453125,24556.348398327827,0.5068590131556345,-1.7260807975830788,2519.384765625,2624.381472751245,2620.4460399008485,
rehbar1,XC275977.ogg,189.95361328125,1063.0219487043528,-0.6629676866869717,2.1539984225798685,193.798828125,186.95237871406064,183.37938678721804,
rehbar1,XC310851.ogg,7142.87109375,1965.1150703430176,0.8915426789474649,-0.5086873500820603,7105.95703125,7142.753585890079,7142.636476876963,
rehbar1,XC344374.ogg,2.30712890625,21.018408812009373,1.3926212476455828,-0.06060606060606055,0.0,0.0,0.0,
rehbar1,XC364175.ogg,523.1083310883621,626.5134192638085,2.2852695819859923,5.387967548906884,516.796875,522.5577149506805,522.0419319134658,
rehbar1,XC439124.ogg,,
rehbar1,XC459602.ogg,537.0634191176471,131.83025752796846,-0.9814792856630562,0.2990929727498792,538.330078125,536.942578198161,536.8199953889764,
rehbar1,XC459603.ogg,3710.5108963815787,10242.285885308918,-0.7513059585323919,-1.0917458819256944,3779.0771484375,3709.1853119865395,3707.841955596537,
rehbar1,XC494820.ogg,945.15380859375,1475197.4039582105,0.5970102004213509,-1.6417151741997813,53.8330078125,255.19109291571866,107.54564621264656,
rehbar1,XC507166.ogg,414.51416015625,20664.392867509057,-0.06980831716677771,-1.7966443614921837,258.3984375,389.59861062961505,365.39773266799654,
rehbar1,XC507168.ogg,2427.86865234375,38.63990306854248,0.0,-2.0,2422.4853515625,2427.8626841537302,2427.856715978381,
rehbar1,XC507173.ogg,,
rehbar1,XC529295.ogg,23.00137606534091,14.301782304590398,2.1192517713040693,2.4912280701754366,21.533203125,22.75731817827906,22.558593750000004,
rehbar1,XC529515.ogg,557.9057173295455,62.22529844804243,0.282677702032666,-1.0265348595213377,559.86328125,557.852616492483,557.7996495461666,
rehbar1,XC54657.ogg,1193.7877308238637,1558187.4350434416,3.0071450360060625,10.4754456641961,602.9296875,889.0690708887613,755.2300792410463,
rehbar1,XC71254.ogg,557.1432976973684,113.37544683112549,-0.3404351408442303,-0.8949307757050624,559.86328125,557.0421576394352,556.9405606010384,
rehbar1,XC71286.ogg,4298.18115234375,19250111.607932128,0.0027723103690456756,-1.9964069980341168,64.599609375,780.0878893962649,139.8398205488749,
