primary_label,filename,mean,variance,skewness,kurtosis,mode,gmean,hmean
ribgul,XC11857.ogg,1680.7861328125,1106831.1064976912,-0.4685626418455194,-0.7268028094300232,2024.12109375,914.9296153757197,251.1755011936106,
ribgul,XC11858.ogg,1713.7353515625,55344.744927742904,-0.6378457655145898,0.4958289181854365,1722.65625,1696.6230468730132,1677.8335091642052,
ribgul,XC11859.ogg,1982.7110877403845,9792.243127639476,-2.3658949228707757,5.043501530268813,1959.521484375,1980.2367869159673,1977.5491378075055,
ribgul,XC11860.ogg,,
ribgul,XC125403.ogg,1950.4112830528845,270254.83459354896,-1.5992011276401124,1.4416273383273008,2185.6201171875,1842.9795165804933,1672.468987411312,
ribgul,XC143761.ogg,,
ribgul,XC151285.ogg,,
ribgul,XC161500.ogg,1996.435546875,71671.50020599365,0.28949180135946445,-1.9128954070301798,1776.4892578125,1981.3526591475666,1966.7305091971687,
ribgul,XC161501.ogg,2420.69091796875,65.68783521652222,0.2282688235636075,-0.8927335640138407,2422.4853515625,2420.679616482126,2420.6683201906753,
ribgul,XC161505.ogg,1576.5380859375,6290.236528103168,-0.27720397720743634,-1.825327622666877,1475.0244140625,1574.6675297584593,1572.7818325984617,
ribgul,XC164754.ogg,,
ribgul,XC164755.ogg,2981.15234375,129784.99442338943,2.4623530732337033,4.089649028996061,2853.1494140625,2964.757637119451,2950.923997800951,
ribgul,XC164756.ogg,5010.05859375,550560.6588721275,0.09777173459993058,-1.8186548074535935,5770.8984375,4961.332525337914,4913.3248759526405,
ribgul,XC164757.ogg,4446.6064453125,6341.489974190207,1.7780646822597939,2.0099063475546304,4425.0732421875,4445.946438584163,4445.2996408315685,
ribgul,XC165032.ogg,3842.3309326171875,1040122.4347651005,-0.7956707875133071,-0.8980052678871284,4618.8720703125,3687.9913763924956,3507.693001176479,
ribgul,XC165037.ogg,3891.767578125,106279.60538864136,0.08187799268308874,-1.400638416254298,3596.044921875,3879.0320482869893,3866.338545536959,
ribgul,XC165349.ogg,1779.180908203125,143599.67976808548,1.0640808391613474,-0.739656019746203,1518.0908203125,1747.8608183873528,1720.6423468157286,
ribgul,XC16921.ogg,1500.2490234375,369517.5492693396,-1.9401214709783536,1.9664264712444117,53.8330078125,1045.2905837297799,293.03219784830424,
ribgul,XC169250.ogg,4322.473862591912,1330600.5767820512,-1.5963754317312724,1.3808113562995157,4974.169921875,4099.4156366607895,3766.3374242009645,
ribgul,XC169252.ogg,3859.82666015625,110160.15565395355,-0.08898505104524664,-0.882257937986457,3779.0771484375,3845.79964798221,3831.6362647541664,
ribgul,XC171889.ogg,,
ribgul,XC177304.ogg,,
ribgul,XC190806.ogg,31.103515625,70.83982229232788,0.17816579452322398,-1.146694214876033,32.2998046875,30.07924794020979,29.06982421875,
ribgul,XC234786.ogg,,
ribgul,XC290058.ogg,3318.804931640625,1001736.7270588875,-0.5160272421400596,-1.7329187545210423,4037.4755859375,3168.65515831801,3009.6799494287943,
ribgul,XC320745.ogg,1957.9833984375,16.559958457946777,-2.041241452319315,2.166666666666667,1959.521484375,1957.9797642032563,1957.976120428332,
ribgul,XC330063.ogg,1972.6806640625,675.81948112039,-1.067529258500752,-0.4652416095236176,1981.0546875,1972.5173837730517,1972.35260106537,
ribgul,XC362783.ogg,,
ribgul,XC368796.ogg,5004.931640625,698741.9271469116,0.9482523815205429,-1.1000478351775083,4511.2060546875,4950.091531751804,4900.565977885209,
ribgul,XC374603.ogg,2035.8664772727273,10751.929391514172,-1.679152579955766,1.6434457302429708,2056.4208984375,2033.1912612934639,2030.3535073235364,
ribgul,XC396189.ogg,2902.4273212139424,1419934.5806204358,1.208707678574752,-0.24063441329976154,2088.720703125,2716.0269211029618,2577.8438389956636,
ribgul,XC396190.ogg,,
ribgul,XC396193.ogg,5238.901654411765,361308.095981093,-0.4696704290350794,-1.4485299555254185,4414.306640625,5205.083522867399,5170.110840512022,
ribgul,XC396194.ogg,5416.67724609375,360032.44882822037,-1.4261410769694565,0.13490565615128558,5738.5986328125,5383.262727386559,5346.219797795171,
ribgul,XC417720.ogg,,
ribgul,XC444327.ogg,,
ribgul,XC445793.ogg,3057.11669921875,852302.6925150086,0.33493886916482785,-1.081374930927709,3154.6142578125,2925.170233093344,2793.5638789374343,
ribgul,XC452825.ogg,3601.0693359375,60673.47979545593,-2.098953447333415,2.5157133633124396,3703.7109375,3592.3806849508774,3582.801384199418,
ribgul,XC457112.ogg,3774.7705078125,1473.46830368042,-0.6152956959662622,0.34444227101569735,3757.5439453125,3774.5941332778866,3774.4170329189947,
ribgul,XC457113.ogg,2246.9429347826085,557451.925221168,1.0172010438343733,-0.07079813204521512,1528.857421875,2144.0963716382234,2057.603175075555,
ribgul,XC459328.ogg,1971.484375,41852.31853933895,-0.8950113461916851,-1.063982374849318,1647.2900390625,1960.774069368078,1949.4138894981688,
ribgul,XC459331.ogg,,
ribgul,XC461003.ogg,3079.248046875,7882.540225982666,-1.3207597839237881,-0.22046658737024183,3122.314453125,3078.0820894408475,3076.887785419723,
ribgul,XC461533.ogg,86.1328125,386.3990306854248,-0.25653947064730603,-1.4075,107.666015625,83.91937497481806,81.60894659590468,
ribgul,XC477057.ogg,1904.3426513671875,594152.6795178652,-2.2520722156155695,3.1030881208938936,2121.0205078125,0.0,0.0,
ribgul,XC504338.ogg,71.77734375,38.63990306854248,-0.7071067811865475,-1.5,75.3662109375,71.59143785809515,71.39956825657895,
ribgul,XC504340.ogg,2497.8515625,186708.01162719727,-2.0399860425043137,2.1639288281626916,2659.3505859375,2456.081107814617,2402.684322581601,
ribgul,XC507780.ogg,1849.7021484375,36882.33947753906,-0.9916841423364189,-0.9214722115134508,1539.6240234375,1839.6962209033306,1829.0152991616146,
ribgul,XC510510.ogg,2974.273681640625,106.25973343849182,-0.49338220021815865,-1.371900826446281,2982.3486328125,2974.2602709909684,2974.2468470992226,
ribgul,XC513208.ogg,,
ribgul,XC531833.ogg,1684.97314453125,12698.477235707369,-0.36446969321309586,-1.5171350355537954,1765.72265625,1681.4580527928927,1677.8895846703626,
ribgul,XC533687.ogg,1948.7548828125,133792.42073405872,-1.4485896338017001,0.37198802176950485,2110.25390625,1909.7699278240207,1862.528519665128,
ribgul,XC543313.ogg,,
ribgul,XC54371.ogg,3789.84375,115.91970920562744,0.0,-1.5,3779.0771484375,3789.8335543271533,3789.823358654304,
ribgul,XC592236.ogg,,
ribgul,XC603250.ogg,1685.7421875,2776.5530347824097,-1.664169468461323,1.3397645933543867,1722.65625,1685.0124361943992,1684.2582294323145,
ribgul,XC613536.ogg,1690.3564453125,26336.957931518555,0.5652806856077135,-1.5958143225550485,1561.1572265625,1683.2824866094097,1676.4700536968828,
ribgul,XC70951.ogg,,
ribgul,XC71564.ogg,3418.8853870738635,634.3969540162519,0.9229216642395073,-0.6585633712651977,3402.24609375,3418.801403863484,3418.7177817125616,
ribgul,XC71565.ogg,37.68310546875,193.1995153427124,0.0,-1.3599999999999999,21.533203125,35.634769422955834,33.55823863636363,
ribgul,XC71566.ogg,,
ribgul,XC71567.ogg,,
ribgul,XC75111.ogg,1732.884521484375,14514.062748143548,-0.8002971836503758,-0.8807712623965713,1830.322265625,1728.7459412426813,1724.4502204922512,
