primary_label,filename,mean,variance,skewness,kurtosis,mode,gmean,hmean
rinkin1,XC117137.ogg,,
rinkin1,XC117138.ogg,,
rinkin1,XC118676.ogg,,
rinkin1,XC123604.ogg,0.0,0.0,0.0,-3.0,0.0,0.0,0.0,
rinkin1,XC123803.ogg,29.30908203125,1252.0086239365971,1.2966629513159393,0.041608803422128915,10.7666015625,0.0,0.0,
rinkin1,XC145314.ogg,392.98095703125,869.3978190422058,1.664,0.9695999999999998,376.8310546875,392.12245439108096,391.32455679086536,
rinkin1,XC147486.ogg,2506.133563701923,76825.16309298002,-1.0750368502319771,-0.3710042974498142,2659.3505859375,2490.0350255984295,2472.560985389567,
rinkin1,XC147487.ogg,2535.17578125,170295.91266040143,-1.0566363651773962,-0.608178307463699,1808.7890625,2498.061001560482,2456.386912158445,
rinkin1,XC148286.ogg,114.42153033088235,36.91247210783117,-0.5135178024738036,-0.19321022106821495,118.4326171875,114.26001292739882,114.09501792226362,
rinkin1,XC148287.ogg,123.046875,71.75981998443604,1.3577270894181972,0.23372781065088777,118.4326171875,122.81009675492294,122.58617816943126,
rinkin1,XC148288.ogg,110.97881610576923,46.0706536586468,-0.27038736716169415,-0.6363163371488039,107.666015625,110.78452451567793,110.58751964036311,
rinkin1,XC158323.ogg,2462.615411931818,246099.65027462348,-0.8384996057405355,-0.7844604761424376,1604.2236328125,2410.3852944291066,2351.5120760202826,
rinkin1,XC165112.ogg,,
rinkin1,XC169630.ogg,,
rinkin1,XC173693.ogg,3080.4443359375,11477.891206741333,-0.7322813086326233,-0.12372410777329801,3025.4150390625,3078.600080475903,3076.7223211918495,
rinkin1,XC174732.ogg,,
rinkin1,XC174790.ogg,2902.67578125,3353.9435863494873,-0.7607432969199175,-1.1910212576185522,2928.515625,2902.1507058968505,2901.620581100253,
rinkin1,XC184572.ogg,2172.422347530242,1264511.7682526186,-0.9551222942044237,-0.5820058257704424,2293.2861328125,1513.4143057833148,661.6678152925855,
rinkin1,XC1860.ogg,2247.7587890625,1426631.2644692028,-1.255285499270398,-0.3735608037170488,2917.7490234375,1297.480198824804,309.15492986795556,
rinkin1,XC188950.ogg,3318.505859375,6470499.800205231,0.753412457089112,0.028733923351132784,398.3642578125,2218.033264908021,1292.1639665426048,
rinkin1,XC20715.ogg,2408.314603917739,21397.408244364397,0.5333042272769609,-1.6459666452811856,2304.052734375,2403.993155057222,2399.768738279575,
rinkin1,XC207683.ogg,,
rinkin1,XC208840.ogg,2463.0551545516305,23487.8728433948,-1.3980210020230182,2.1075173338959337,2508.6181640625,2458.03740159537,2452.666909174092,
rinkin1,XC209573.ogg,8277.1240234375,79978.15936803818,-2.4396927821595153,4.02144421821679,8365.6494140625,8272.588927145322,8267.801789025067,
rinkin1,XC211080.ogg,2823.15673828125,100698.6540555954,0.19906321592272683,-1.1345441572262558,2422.4853515625,2806.0665864603493,2789.141118315949,
rinkin1,XC216034.ogg,360.68115234375,956910.7595086098,2.6634780176927886,5.1011431169080765,32.2998046875,70.0660568093286,45.69472215605368,
rinkin1,XC216856.ogg,3090.0146484375,324.57518577575684,0.28056585887484736,-1.469387755102041,3079.248046875,3089.9709246971534,3089.9272444880585,
rinkin1,XC238449.ogg,3105.0312243009867,34961.005042745586,-1.8956986795352493,8.951453369052278,3057.71484375,3098.9995482981076,3092.2711753853605,
rinkin1,XC238450.ogg,256.005859375,48.48929012522978,0.2099223256647563,-0.62109375,258.3984375,255.9166905795304,255.82780066242594,
rinkin1,XC238451.ogg,1582.6904296875,77.27980613708496,0.0,-1.0,1582.6904296875,1582.6721188228566,1582.6538077463729,
rinkin1,XC245099.ogg,3180.580767463235,4797.030319185818,1.0042912379998696,-0.5269406659968419,3154.6142578125,3179.8807484131667,3179.1904666567398,
rinkin1,XC245474.ogg,2860.83984375,46335.57156818669,1.336645619118693,1.8060144583428164,2788.5498046875,2853.3762373807444,2846.3188112679563,
rinkin1,XC248092.ogg,3248.200871394231,82619.54351113395,0.4173719159002412,-0.6066166930443733,3337.646484375,3236.6632593786467,3225.335483049034,
rinkin1,XC251087.ogg,2722.9248046875,53368.330121040344,1.0644315519537917,-0.0422495713797324,2627.05078125,2714.068987078203,2705.679540279653,
rinkin1,XC257904.ogg,2707.115145596591,7649.686022238298,-0.1548445323858613,0.5308052105567023,2767.0166015625,2705.721182522875,2704.3196816747954,
rinkin1,XC257905.ogg,2909.9970703125,756748.2048332691,-3.0684757684433186,7.482656653626551,3197.6806640625,2154.8273600626694,295.23029174569285,
rinkin1,XC257906.ogg,2899.8991313733554,29470.401234596244,0.5924253751061357,-0.8291963964818478,2831.6162109375,2895.052246443365,2890.3088793487177,
rinkin1,XC257907.ogg,2728.8441051136365,35410.30971570448,-2.7975042544670186,5.939880724092234,2767.0166015625,2722.094120432631,2714.38009562509,
rinkin1,XC257908.ogg,3058.219528198242,144544.25864852965,0.660050155524719,-0.021346191631974154,3294.580078125,3035.852887757382,3014.3841565640837,
rinkin1,XC257909.ogg,2872.4251039566534,3892.3827686806576,-0.047056740134003266,-1.079778016889138,2810.0830078125,2871.7578178133463,2871.0899489614476,
rinkin1,XC257910.ogg,3017.584783380682,558.5222352634776,0.17210975656647712,-0.969604841580638,2993.115234375,3017.5007204478247,3017.416727126707,
rinkin1,XC260562.ogg,2140.938720703125,9765.015293108789,1.5067042526097079,2.631634653101975,2121.0205078125,2138.8598652686255,2136.8631451108085,
rinkin1,XC269075.ogg,,
rinkin1,XC269076.ogg,4790.012826492537,8680081.316559741,0.371461177995076,-1.73056920638425,7988.818359375,3919.05238185063,3270.510824903549,
rinkin1,XC274834.ogg,4928.966028550092,44748.1330396498,-2.6045921600681066,4.805068309512628,4995.703125,4924.092193162791,4918.824303497556,
rinkin1,XC276787.ogg,2954.35546875,34.77591276168823,0.40824829046386296,-1.8333333333333333,2950.048828125,2954.35076260653,2954.3460587559175,
rinkin1,XC276942.ogg,3846.1936257102275,1837446.0442000593,-0.5788904360230077,-1.5582037679244582,4888.037109375,3556.569398237803,3235.7665691556354,
rinkin1,XC286817.ogg,2919.7428385416665,135473.28229220412,-0.28900046131650514,3.206125019675442,2863.916015625,2895.2064701234403,2867.846828974345,
rinkin1,XC288524.ogg,2797.5798576108873,2868217.568705159,0.15897014434312573,0.17803980736727754,2885.44921875,1725.848546715089,508.40400356752843,
rinkin1,XC297552.ogg,2656.1782836914062,26558.434321872286,0.28100443528870567,-0.8645817239260247,2616.2841796875,2651.2653015073074,2646.397195225529,
rinkin1,XC297553.ogg,2432.6852898848683,11069.993282619274,2.1372765073346116,3.4796118407508425,2400.9521484375,2430.648616925919,2428.72434962136,
rinkin1,XC325527.ogg,,
rinkin1,XC327295.ogg,1152.0263671875,2086071.7669129372,0.4750189102646419,-1.772835371269097,43.06640625,247.70648740045738,82.12819464694483,
rinkin1,XC327820.ogg,68.1884765625,753.4781098365784,-0.10667311465869792,-1.2825443786982245,32.2998046875,62.624366346755565,56.82721048114964,
rinkin1,XC327821.ogg,,
rinkin1,XC331340.ogg,,
rinkin1,XC334504.ogg,3183.863525390625,16673.15091975665,-0.38770274124091963,-0.2567985477875716,3133.0810546875,3181.2571107643207,3178.618209683392,
rinkin1,XC334506.ogg,3349.609375,273.6993134021759,-0.19399702659080548,-1.2857439446366783,3326.8798828125,3349.573036732308,3349.536676424545,
rinkin1,XC334508.ogg,3054.638671875,6927.158007254968,0.17145623476459515,-0.027920342065918202,3057.71484375,3053.588055293241,3052.5395384861067,
rinkin1,XC334509.ogg,3065.2046535326085,18846.803630293594,-1.3637822351527233,2.5726640036720925,2939.2822265625,3062.1309407719796,3058.9129614887515,
rinkin1,XC340493.ogg,2667.74853515625,4642.891895771027,-1.7571204464335868,4.693528672431863,2680.8837890625,2666.868401806622,2665.9593025729564,
rinkin1,XC345008.ogg,,
rinkin1,XC345010.ogg,,
rinkin1,XC346176.ogg,,
rinkin1,XC351272.ogg,462.9638671875,77.27980613708496,0.0,-1.0,462.9638671875,462.90125796743484,462.8386402826617,
rinkin1,XC357458.ogg,,
rinkin1,XC359022.ogg,2830.3739107572114,17502.271047922277,0.4062288140553089,-0.3033294085769027,2799.31640625,2827.4311775913293,2824.51815440669,
rinkin1,XC359122.ogg,2845.7473754882812,9377.421475946903,0.10285586969071858,-1.4254909170762178,2734.716796875,2844.205332910546,2842.66668185092,
rinkin1,XC359432.ogg,2643.6900745738635,2348.5031994906344,-0.19122021582502186,-0.6101566951566983,2583.984375,2643.2649952263973,2642.838824957866,
rinkin1,XC360844.ogg,3422.512637867647,1617628.8573356234,0.26125758119252956,-1.3888134821803595,2099.4873046875,3200.5711804380685,2995.5742796176637,
rinkin1,XC378399.ogg,7.177734375,49.17805845087225,0.38180177416060623,-0.6734693877551021,10.7666015625,0.0,0.0,
rinkin1,XC384118.ogg,2633.9686881363123,62932.15685746936,0.6567943110072445,-1.3064796429590195,2454.78515625,2622.5108855347808,2611.5243985484503,
rinkin1,XC387973.ogg,2376.727294921875,57.95985460281372,0.32396954829362334,-0.7755102040816326,2379.4189453125,2376.7166326880297,2376.705977289693,
rinkin1,XC389403.ogg,,
rinkin1,XC391256.ogg,2566.5921724759614,6443.94691173847,0.22654696984289746,-1.5789369825778503,2476.318359375,2565.4381696706714,2564.289509260143,
rinkin1,XC393123.ogg,94.36609604779412,180577.81373472777,6.921708199336901,45.94822170258166,43.06640625,35.48021231042087,29.83652120322927,
rinkin1,XC393149.ogg,2956.201171875,63946.91650684063,0.397976872668746,-1.0687671179822542,2810.0830078125,2946.33015850705,2936.649219646191,
rinkin1,XC396165.ogg,4216.201171875,2810027.70280838,0.40820618805757525,-1.8332722201443945,2906.982421875,3935.2213291888384,3696.3918659636793,
rinkin1,XC412003.ogg,,
rinkin1,XC415207.ogg,4588.7255859375,814.599411054091,-0.7142258658241432,1.4695746984665172,4608.10546875,4588.638536677872,4588.55122328435,
rinkin1,XC415844.ogg,,
rinkin1,XC415845.ogg,2553.3409705528848,38482.49004804171,-0.5268320366324686,-0.9524459167538448,2659.3505859375,2545.870156499905,2538.1854017581672,
rinkin1,XC419474.ogg,16.14990234375,57.95985460281372,0.0,-2.0,10.7666015625,15.226273950354855,14.35546875,
rinkin1,XC419476.ogg,,
rinkin1,XC419905.ogg,,
rinkin1,XC423017.ogg,2097.18017578125,1058849.4760944294,-0.286176921911021,-1.9134423059205292,2917.7490234375,1819.1886184968819,1554.4037556315834,
rinkin1,XC437547.ogg,,
rinkin1,XC439918.ogg,,
rinkin1,XC450517.ogg,,
rinkin1,XC451263.ogg,,
rinkin1,XC452724.ogg,2.392578125,22.53994345664978,1.3363062095621219,-0.2142857142857144,0.0,0.0,0.0,
rinkin1,XC453012.ogg,2829.142802470439,35517.63152301599,2.204548509352416,6.279590371038967,2810.0830078125,2823.4518478407645,2818.196920975344,
rinkin1,XC453013.ogg,2817.0613606770835,89639.43123255136,2.6470442207409723,5.564724247939775,2734.716796875,2803.7915332540997,2792.522418048237,
rinkin1,XC453014.ogg,2725.6867439516127,642.1702600294545,-0.5081702334392234,0.5053612418502191,2734.716796875,2725.572376548289,2725.457636535993,
rinkin1,XC453015.ogg,2702.8157552083335,9367.039066094618,-1.724515332982318,2.0343691587391337,2745.4833984375,2701.074666973356,2699.2581245596507,
rinkin1,XC453016.ogg,2684.9212646484375,6986.232474446297,-0.7514161466952938,-0.7764537942386824,2702.4169921875,2683.7654189287623,2682.592255870372,
rinkin1,XC454053.ogg,,
rinkin1,XC456587.ogg,,
rinkin1,XC47247.ogg,98.69384765625,251.15936994552612,-0.3053162697580516,-1.1517159763313605,107.666015625,97.58487536211703,96.43498152162205,
rinkin1,XC474925.ogg,2838.614501953125,140634.682898338,-0.8519897810000419,-0.941249694008266,3122.314453125,2812.2952802368845,2783.919985400314,
rinkin1,XC482066.ogg,109.46044921875,7206.341922283173,-0.012713985225711273,-1.965518044404833,183.0322265625,76.11593263751621,51.41087248049415,
rinkin1,XC483321.ogg,3167.608432112069,8813.038581404191,-0.19483745432213537,-0.7792751464721586,3197.6806640625,3166.259222334368,3164.9041282988806,
rinkin1,XC495198.ogg,,
rinkin1,XC51488.ogg,2749.8697916666665,13083.405127892129,-1.4148768240418441,4.4290269992574824,2702.4169921875,2747.475903246387,2744.966628327387,
rinkin1,XC520030.ogg,2601.9287109375,13755.805492401123,1.7076741843528367,1.6435415158362296,2530.1513671875,2599.5748786785716,2597.3300149537854,
rinkin1,XC537718.ogg,2591.76025390625,9870.979943696191,-0.20599842686068137,-1.9159404756502474,2487.0849609375,2589.951807668855,2588.1352160279625,
rinkin1,XC537719.ogg,2710.72265625,580.1830151501824,-0.42878676306120544,-0.3223216053611866,2713.18359375,2710.618428554696,2710.5139311013704,
rinkin1,XC538037.ogg,3067.3481188322367,9336.620788825187,-0.6452911287612718,-0.6879824537140302,3122.314453125,3065.8859953184256,3064.403692391503,
rinkin1,XC550262.ogg,0.0,0.0,0.0,-3.0,0.0,0.0,0.0,
rinkin1,XC550263.ogg,2.691650390625,28.97992730140686,1.1547005383792515,-0.6666666666666665,0.0,0.0,0.0,
rinkin1,XC552726.ogg,5706.298828125,3317068.2388544083,-0.8839983307617701,-1.1808710475306154,6901.3916015625,5341.918223307395,4916.999810361652,
rinkin1,XC56958.ogg,0.0,0.0,0.0,-3.0,0.0,0.0,0.0,
rinkin1,XC580724.ogg,2929.7119140625,358013.097188052,-0.1807694468566803,1.308536086003813,2713.18359375,2864.3566317808013,2785.334088784201,
rinkin1,XC586843.ogg,1323.21533203125,71820.1912014108,2.566759675190843,4.836691822543335,1238.1591796875,1303.5897419805503,1288.7370663580605,
rinkin1,XC591406.ogg,4854.939778645833,265.8650028371365,-0.49042006656912995,-0.08741870535534613,4866.50390625,4854.91262128064,4854.885433834453,
rinkin1,XC592830.ogg,2966.19873046875,8473.730742931366,-0.6940803406972238,-1.4877470474080259,3025.4150390625,2964.9923115722445,2963.770283222748,
rinkin1,XC602387.ogg,13.458251953125,65.86347113956104,-0.41569219381653055,-1.0080000000000007,10.7666015625,0.0,0.0,
rinkin1,XC618014.ogg,2753.173828125,143.51963996887207,-0.19201160638565623,-1.143491124260355,2745.4833984375,2753.1514754446425,2753.1291111133096,
rinkin1,XC75017.ogg,5932.3974609375,12886.407673358917,-0.3250126488753722,-1.7212551894967059,5803.1982421875,5931.390776017974,5930.380173492965,
rinkin1,XC75018.ogg,4509.122196320564,3156249.6270556604,0.3734370754543686,-1.751299291156596,3046.9482421875,4187.127629731308,3909.884932377745,
rinkin1,XC84979.ogg,3100.0300917514537,19631.253078926442,-1.415482762243352,1.2188016891155495,3208.447265625,3096.794466108302,3093.4092714870253,
rinkin1,XC84980.ogg,3002.2902513586955,2882.2184539223163,-0.950496104766067,1.606750302959382,3014.6484375,3001.8087331131987,3001.3213509868197,
rinkin1,XC84981.ogg,2589.0510110294117,91940.52406531923,-0.893973731029854,-0.45606671654395914,2767.0166015625,2570.9417274065554,2551.398830635902,
rinkin1,XC84982.ogg,2281.981201171875,16788.988972012,1.714624456768377,2.1717955515504066,2174.853515625,2278.5586117418593,2275.3336452141084,
