primary_label,filename,mean,variance,skewness,kurtosis,mode,gmean,hmean
rotbec,XC127641.ogg,3111.5478515625,369830.2402496338,1.7687690573084904,1.1621522981683263,2842.3828125,3070.2156104024,3036.1943885731157,
rotbec,XC181637.ogg,5248.333740234375,121981.10563646663,-3.232167851381321,12.57451762000002,5211.03515625,5234.800906933963,5218.575708022377,
rotbec,XC197076.ogg,5819.34814453125,30730.314910411835,-0.7035083514331388,-1.4966095368949688,5932.3974609375,5817.11861214649,5814.860707481606,
rotbec,XC197077.ogg,5520.1904296875,1534.5561504364014,-0.17848579995064137,-1.6436131670203407,5469.43359375,5520.071195895164,5519.951869705996,
rotbec,XC197790.ogg,5653.022713496767,114554.79495267903,-0.41153549987463206,-1.3508773869900248,6040.0634765625,5642.8817466839455,5632.572065982192,
rotbec,XC202141.ogg,,
rotbec,XC233107.ogg,2977.172382061298,265249.2532423988,-3.474661941018526,17.349654233499695,2670.1171875,2811.0188215502435,1718.316085862266,
rotbec,XC233170.ogg,6452.6396484375,520959.7883284092,-0.6133981938285992,-1.3377079682397737,6696.826171875,6411.8486438395,6369.241172038874,
rotbec,XC233171.ogg,6393.378006784539,39079.699916910824,1.5631508447180713,9.05081027746982,6298.4619140625,6390.481946304496,6387.654368362538,
rotbec,XC233519.ogg,,
rotbec,XC283564.ogg,493.3795166015625,15688.118569081342,3.3731865008080795,14.116533009812358,441.4306640625,482.3551968196721,474.12997070786366,
rotbec,XC28760.ogg,2223.717322716346,2410987.281065721,-0.7393756888619488,-1.324889464502605,21.533203125,649.5947566569114,55.31100095511963,
rotbec,XC289323.ogg,,
rotbec,XC29664.ogg,43.06640625,92.73576736450195,0.0,-1.5,32.2998046875,42.14982006238937,41.233793218085104,
rotbec,XC301385.ogg,3901.611328125,1519040.5733585358,0.1841179480932759,-1.62632763513168,2583.984375,3715.264270044736,3537.19292866334,
rotbec,XC308113.ogg,2219.6199115953946,6688609.250532954,0.3324017253410579,-1.8709233869895754,53.8330078125,439.7540626347474,119.07862887156723,
rotbec,XC327536.ogg,71.36003361191861,57.40483547529021,-1.1743116020829267,7.576979945667098,75.3662109375,70.89330445314123,70.30243719870444,
rotbec,XC328481.ogg,,
rotbec,XC328482.ogg,227.92200888356854,285282.59211795055,9.00261261583593,89.90826654682428,86.1328125,131.87479727132396,107.08590101222231,
rotbec,XC328507.ogg,,
rotbec,XC328510.ogg,,
rotbec,XC331360.ogg,0.0,0.0,0.0,-3.0,0.0,0.0,0.0,
rotbec,XC333658.ogg,,
rotbec,XC383066.ogg,,
rotbec,XC406888.ogg,5592.1728515625,1657.6518416404724,0.398205480655585,-1.7534598268864001,5566.3330078125,5592.054485239828,5591.936325159017,
rotbec,XC439819.ogg,4102.964997094525,137124.48966453882,0.19988267034643853,0.09696301523779427,3919.04296875,4086.4070725743536,4069.799232028353,
rotbec,XC439820.ogg,,
rotbec,XC439821.ogg,6054.06005859375,5127.515137195587,-0.7124559167726645,-1.2999240741676692,6093.896484375,6053.676868554439,6053.291637587658,
rotbec,XC439822.ogg,4219.941149259868,66466.73431521968,0.03131438325662555,-0.9529350253560476,3703.7109375,4212.468511291834,4204.988749344299,
rotbec,XC439823.ogg,3964.501953125,1218077.8643488884,-0.006897073974890284,-1.8745281975122354,2842.3828125,3824.709217893292,3688.5221349102308,
rotbec,XC439825.ogg,4375.206877055921,484534.2160839784,1.8007162752743713,1.3749146999222361,4080.5419921875,4330.571918649345,4292.95023807154,
rotbec,XC439828.ogg,3936.4013671875,23149.244785308838,1.6297883517505232,1.8979144268581223,3811.376953125,3933.6320711019316,3930.969532838667,
rotbec,XC439829.ogg,3815.1218580163045,10534.031756310595,0.9372150466615117,1.1196593171358922,3682.177734375,3813.8214535856027,3812.5405503411944,
rotbec,XC439833.ogg,6416.611199629934,552357.3319183644,-0.8687337287380212,-0.7576124660553556,5006.4697265625,6371.375569435381,6322.8868585047085,
rotbec,XC439834.ogg,5223.724365234375,78224.79709982872,0.7411508982915104,2.90618215052403,5135.6689453125,5216.640222799242,5209.660872354484,
rotbec,XC439835.ogg,5630.16357421875,46429.6650657287,-0.2666197195359684,-0.9571944984031817,5372.5341796875,5626.305634036981,5622.419755235169,
rotbec,XC439836.ogg,3081.4013671875,362446.1547732353,1.4830023135493977,0.22739295515502977,2853.1494140625,3040.9201604720906,3006.61378563361,
rotbec,XC439837.ogg,4226.66015625,121285.1357460022,-0.28915782769262866,-1.9144374690970078,4500.439453125,4214.15951136051,4201.509132718689,
rotbec,XC439838.ogg,2923.13232421875,3090369.4820301286,0.4600402554183468,-0.6348593462276071,678.2958984375,2320.4843396057204,1703.660713507313,
rotbec,XC439840.ogg,3978.25927734375,387482.9816504529,-1.1101533710950349,-0.21885633807776994,3003.8818359375,3925.193367073612,3865.0379245204267,
rotbec,XC439841.ogg,2293.2861328125,843315.8844709396,2.1323664773319306,2.5975157523951227,1970.2880859375,2178.239759277233,2104.2577074103037,
rotbec,XC439844.ogg,5738.5986328125,115.91970920562744,0.0,-1.5,5727.83203125,5738.591899470291,5738.585166128078,
rotbec,XC439845.ogg,4586.572265625,62944.4020986557,0.6335863893693789,-0.045108739275584675,4575.8056640625,4579.954911550107,4573.466928699162,
rotbec,XC439846.ogg,3978.0252207880435,1428498.278309705,-1.3598515530608453,-0.13441179410752557,1754.9560546875,3729.8259033618733,3404.7033065245464,
rotbec,XC439847.ogg,5855.158797554348,6234.922540988847,-0.8530764550744764,-0.7619683494873266,5717.0654296875,5854.645618530193,5854.128552810949,
rotbec,XC439849.ogg,5242.547160823171,818291.0811014292,-0.5041829110628598,-1.5591495518234637,4005.17578125,5160.848169748202,5075.026827975212,
rotbec,XC439850.ogg,4816.035461425781,77878.24163585901,-0.041560657362371314,-1.3901023159574921,4403.5400390625,4808.43044220073,4800.811197965273,
rotbec,XC439851.ogg,,
rotbec,XC439852.ogg,4735.588272758152,126198.15177080147,-0.009138571560665384,-1.4755674009614128,4844.970703125,4722.2839669752575,4708.97210216682,
rotbec,XC447458.ogg,,
rotbec,XC452134.ogg,5964.697265625,2714414.5506620407,0.8188640424385953,-0.2784922021506131,4521.97265625,5786.107002161298,5625.163816000968,
rotbec,XC452137.ogg,2515.1347913240133,930.7379781097638,-0.48017890968298255,0.5162441681781385,2519.384765625,2514.9539032712382,2514.772271648215,
rotbec,XC459730.ogg,4107.872596153846,10627.06840183088,-0.339758559606822,-1.6608446272420423,4166.6748046875,4106.604861868506,4105.330182193209,
rotbec,XC491748.ogg,,
rotbec,XC494644.ogg,4925.72021484375,3598016.7340714,0.5129476238028401,-0.6066178438313106,2853.1494140625,4583.877832307087,4265.571279626985,
rotbec,XC494645.ogg,5723.445638020833,3058244.154048415,-0.2750156815380814,-1.5345089136435597,4102.0751953125,5431.339227644551,5123.476855019826,
rotbec,XC502127.ogg,6556.8603515625,13581.925928592682,1.6569339802600084e-17,-1.2017543859649125,6363.0615234375,6555.852438939408,6554.844433864225,
rotbec,XC502128.ogg,5440.72265625,8933.545589447021,0.4781210517202749,-1.1870727122520084,5351.0009765625,5440.041846002039,5439.364442590368,
rotbec,XC502233.ogg,4076.953125,1714.2066088589754,-0.15509812231874076,-1.5072561139478635,4102.0751953125,4076.760210137026,4076.567101674581,
rotbec,XC502235.ogg,2705.108642578125,415.37895798683167,0.9575491625535643,-0.8512709572742021,2691.650390625,2705.05129784595,2704.9941913777106,
rotbec,XC502238.ogg,4823.989633413462,367582.5945313993,-0.212213581504735,-1.3967955365146114,5178.7353515625,4785.375544635727,4746.043672121757,
rotbec,XC502239.ogg,4352.783203125,434839.66916799545,1.9257509216742636,1.9138913498289192,3972.8759765625,4312.4309385117185,4278.454716761264,
rotbec,XC502240.ogg,5781.098375822368,2659.3743813665287,0.03023395319706083,-1.0427481179412836,5760.1318359375,5780.880501589298,5780.662657981238,
rotbec,XC502241.ogg,4838.930902248476,46843.43722099211,-0.01760646859031405,-1.8480720590075808,4629.638671875,4834.203222635064,4829.476291280882,
rotbec,XC502242.ogg,4600.764604048295,101403.5622919356,-0.5673794068137583,0.19088890396587743,4974.169921875,4589.551711670452,4577.949078509585,
rotbec,XC502243.ogg,5719.022993607955,3219.657377763227,1.319795656044212,1.3097362967269728,5706.298828125,5718.756546010468,5718.492320329054,
rotbec,XC502244.ogg,4402.609592013889,69135.08701324463,0.6178013131064222,-0.16819358159899922,4145.1416015625,4395.014927895959,4387.578192105517,
rotbec,XC514727.ogg,,
