primary_label,filename,mean,variance,skewness,kurtosis,mode,gmean,hmean
royter1,XC123362.ogg,,
royter1,XC140794.ogg,2224.886546415441,258891.32819631518,1.918213491195975,2.4031250907238295,2207.1533203125,2181.0382010008207,2146.1150455150705,
royter1,XC140795.ogg,3007.8484786184213,513797.5026745545,0.1896309889918436,-1.731477956735746,2562.451171875,2927.599300550696,2850.4392312643654,
royter1,XC140805.ogg,2691.650390625,115.91970920562744,0.0,-1.5,2680.8837890625,2691.6360350796845,2691.621679534374,
royter1,XC149540.ogg,1901.84326171875,13448.526263237,0.34008137743911726,-0.8039401852848918,1787.255859375,1898.4703904771945,1895.1365659948908,
royter1,XC149541.ogg,4455.8349609375,12729.088068008423,1.823741893908698,1.6997648955287659,4392.7734375,4454.644189974684,4453.486267798741,
royter1,XC155051.ogg,3577.203369140625,28.97992730140686,1.1547005383792515,-0.6666666666666665,3574.51171875,3577.200334203668,3577.1973023102933,
royter1,XC161559.ogg,2690.1123046875,248.39937686920166,0.2600094965027334,-1.3903703703703705,2680.8837890625,2690.0727678560484,2690.03326810521,
royter1,XC161564.ogg,3719.2626953125,19043.032228946686,-1.28435825389169,-0.26810192513617315,3477.6123046875,3716.9156685496546,3714.4968955898903,
royter1,XC161566.ogg,4927.5146484375,363524.20806884766,-1.32838351220961,-0.22262172230280042,3865.2099609375,4890.784089795735,4850.054718527234,
royter1,XC161567.ogg,3456.0791015625,1800.1648958991555,0.2492475528456583,-1.2954545454545456,3413.0126953125,3455.8336022706194,3455.588583664897,
royter1,XC163976.ogg,2341.73583984375,5757.34555721283,-1.1084372830646883,-0.70204044862844,2228.6865234375,2340.7940782555706,2339.832604224313,
royter1,XC163979.ogg,2534.996337890625,128017.76117243264,0.3383277568768114,-1.7983844569836471,2217.919921875,2511.6047487437145,2489.085227284965,
royter1,XC173891.ogg,3058.4326171875,23870.628118515015,-0.1538650457874012,-0.8875193459667137,2960.8154296875,3054.7650041094116,3051.073687567667,
royter1,XC179478.ogg,2808.3603515625,1267578.9289712906,2.188192035329095,2.976128387602608,2304.052734375,2664.377603493131,2572.1647993705587,
royter1,XC195845.ogg,2963.2080078125,149761.8243098259,-0.702748635908858,-1.4994267647894874,2444.0185546875,2939.2566298432644,2914.022528238311,
royter1,XC234767.ogg,2694.342041015625,226267.54438877106,1.8853547337128354,2.2336873820734597,2282.51953125,2661.3718923595643,2633.855307373716,
royter1,XC234906.ogg,3765.234375,371949.40539506765,-1.4243483265734045,0.16670538016923375,3994.4091796875,3710.594712350305,3646.613761370973,
royter1,XC237797.ogg,2412.186863111413,671812.4456108795,1.7057679687176388,0.9347413437778256,2002.587890625,2312.8267106981075,2241.8240282784777,
royter1,XC246637.ogg,2460.16845703125,97565.75524806976,-1.151957510662115,-0.6687774139790217,1991.8212890625,2443.849403872292,2426.1091362831257,
royter1,XC256424.ogg,2802.54638671875,334210.6896042824,0.09195000134166041,-1.2749487546513878,3186.9140625,2748.3216041197697,2694.484722293073,
royter1,XC257583.ogg,3489.9169921875,441.59889221191406,1.0939504280644987,0.3010937499999997,3477.6123046875,3489.8629807638154,3489.8091868167485,
royter1,XC257584.ogg,2639.5173725328946,3326.421129076105,-0.5241968737923641,-0.4346133996139141,2627.05078125,2638.9156953809306,2638.3092816356807,
royter1,XC257585.ogg,4659.5458984375,41029.13707494736,-0.21153379505874323,-1.9330790521157848,4446.6064453125,4655.607878231622,4651.650140796589,
royter1,XC257586.ogg,3032.1441650390625,693.4482604265213,0.08904825884497074,-1.2649409668077523,3014.6484375,3032.04415341002,3031.9441884594075,
royter1,XC257587.ogg,2243.759765625,64404.99043464661,0.75967894078615,-1.2307928636647392,2121.0205078125,2231.4585478166973,2219.8190970195374,
royter1,XC257588.ogg,2793.93310546875,38.63990306854248,0.0,-2.0,2788.5498046875,2793.927919239676,2793.9227330202316,
royter1,XC267304.ogg,,
royter1,XC268820.ogg,2239.453125,25347.776412963867,-0.6265536316923307,-1.3432790501685503,2347.119140625,2234.201730969564,2228.802521919044,
royter1,XC269804.ogg,2119.6746826171875,88510.90796291828,1.9953001313626197,2.411828376160294,1937.98828125,2103.9794639361135,2090.5509216763794,
royter1,XC269882.ogg,1817.76123046875,2755.025088787079,-1.6934046124436168,1.0356532361335962,1830.322265625,1817.110120821825,1816.4390474474803,
royter1,XC269883.ogg,3110.3515625,116760.87017242725,-0.47702742571153217,-1.6741543355363522,3316.11328125,3091.5634684899014,3072.2002137542536,
royter1,XC269886.ogg,2656.9580078125,312.3392164707184,-1.065094629124665,-0.5205122754809226,2670.1171875,2656.9055263563564,2656.8528102183923,
royter1,XC269889.ogg,4008.40576171875,43359.8855137825,0.17628060487491262,-1.6686989793481322,3843.6767578125,4003.131637267153,3997.8920041607726,
royter1,XC269896.ogg,3025.4150390625,966201.3143842871,0.7374182213301557,-0.3764703531013529,2444.0185546875,2889.0999184659704,2763.2315296343713,
royter1,XC269897.ogg,2820.25146484375,1695.3717470169067,-0.7308292170920475,-0.2191098576928896,2810.0830078125,2819.957123191665,2819.6606523773603,
royter1,XC27544.ogg,,
royter1,XC283733.ogg,11.234714673913043,194.72678423870227,0.8149612765972019,-0.6770519031141871,0.0,0.0,0.0,
royter1,XC289068.ogg,2605.793644831731,418534.13290581724,1.4348698393633696,1.761544352071157,2077.9541015625,2539.1879954059796,2482.466422813393,
royter1,XC302821.ogg,2032.8369140625,623689.9874210358,1.6075524673073571,2.378690284637501,1259.6923828125,1915.7737754310394,1819.6303628061683,
royter1,XC302822.ogg,1614.990234375,331795.32766342163,0.538880368461795,-1.6774890842321315,1205.859375,1532.5821308102988,1462.266215075729,
royter1,XC302828.ogg,2152.1240234375,66753.65254282951,-1.2633990348116722,-0.2943632961390179,1701.123046875,2136.7937306289427,2119.9020473043233,
royter1,XC302829.ogg,2113.24462890625,2165.7286847338955,0.8934011075294946,-0.3663865313792285,2088.720703125,2112.7666171816677,2112.294532062854,
royter1,XC332525.ogg,2293.2861328125,5486.866235733032,0.21227689880205947,-0.9695000991866696,2282.51953125,2292.2643796798484,2291.24646720616,
royter1,XC337220.ogg,2195.0408935546875,84594.2977880654,3.367960113333302,12.026133980318717,2013.3544921875,2180.383410034831,2168.5817415158153,
royter1,XC341800.ogg,6272.1435546875,5091392.772426972,0.7075446134854516,-1.4973313733775853,4705.0048828125,5927.782014409898,5646.574289080422,
royter1,XC447339.ogg,2608.74755859375,255448.26594508928,0.814914609442425,-1.2566914684018324,2185.6201171875,2565.4179205012524,2526.585825746581,
royter1,XC448767.ogg,4758.23974609375,2149694.2073106766,-0.279293407269076,-1.3046000689070079,3692.9443359375,4508.064814087569,4231.713892632617,
royter1,XC448770.ogg,3803.4016927083335,126411.26852769118,2.390105019378109,3.9284009717991504,3703.7109375,3789.3764442495917,3777.111356541827,
royter1,XC448788.ogg,3104.094050480769,1467473.6694876964,0.550616105297295,-1.5643805328130753,2077.9541015625,2904.8244166031805,2737.768923651613,
royter1,XC451015.ogg,2360.9619140625,8868.777751922607,-1.2893705455710045,0.22897838076708954,2411.71875,2359.0857734945585,2357.143492137702,
royter1,XC452958.ogg,,
royter1,XC485494.ogg,2391.3188733552633,273247.1587469703,0.4443501456869581,-1.4228066198334552,1787.255859375,2339.408781632312,2290.7303728904303,
royter1,XC490967.ogg,26.318359375,1191.3970112800598,1.2135015397640228,-0.34538349159970805,10.7666015625,0.0,0.0,
royter1,XC492784.ogg,2573.2177734375,28469.8805809021,-0.445851453907418,-0.6581641449776656,2293.2861328125,2568.076235288634,2562.823432727663,
royter1,XC496138.ogg,2217.919921875,77.27980613708496,0.0,-1.2500000000000002,2217.919921875,2217.9049888761438,2217.8900558270166,
royter1,XC497042.ogg,2060.1123046875,1219127.1920695025,1.5423839176454055,1.241549065245776,1841.0888671875,1845.667569284733,1687.3607975483628,
royter1,XC502569.ogg,,
royter1,XC522925.ogg,2466.9873046875,222331.79426193237,0.7619563843663729,-0.8478804847452217,2099.4873046875,2427.9117662917406,2392.1432339360535,
royter1,XC560599.ogg,2448.451861213235,15171.844293089474,-1.4250391162167484,3.0506565269536603,2433.251953125,2445.379049387261,2442.1335393721643,
royter1,XC565555.ogg,3655.4150390625,1031142.4401157042,1.775552953387097,3.194450987013221,2540.91796875,3543.8866127516667,3450.603498540971,
royter1,XC571044.ogg,2371.136944110577,58368.545885269465,1.6059215817712467,1.1932999819695,2293.2861328125,2360.7927444573907,2351.3942922999204,
royter1,XC571316.ogg,3363.486328125,115374.88657236099,-1.495292435466968,0.24372647999400154,2756.25,3348.3522970952567,3331.7572150941646,
royter1,XC571330.ogg,2871.45263671875,109746.67963856144,1.479280164850204,0.22704983863281436,2723.9501953125,2855.0428047844043,2840.308276289757,
royter1,XC573255.ogg,2916.7236328125,139183.69084596634,2.5962208180767985,5.106457106841637,2702.4169921875,2897.864954703558,2882.244902928491,
royter1,XC573256.ogg,1940.1416015625,1935.8591437339783,-1.3889087438578842,0.10410914697551021,1959.521484375,1939.7347681598524,1939.3201670632072,
royter1,XC573302.ogg,2810.0830078125,7024.734377861023,-0.9764493884865891,-0.9495637682580136,2842.3828125,2808.9249488244304,2807.7453380670786,
royter1,XC573998.ogg,1809.86572265625,166.15158319473267,-0.19656578373781367,-0.7539210383991346,1808.7890625,1809.8243729587812,1809.7829852706757,
royter1,XC574034.ogg,1970.71875,15789.037191867828,-0.2541242661148856,-1.6615941972254082,1819.5556640625,1966.8259570082898,1962.8951405992286,
royter1,XC574454.ogg,564.4775390625,1398995.2265024185,1.599497939782986,0.5946953617791508,0.0,0.0,0.0,
royter1,XC574456.ogg,2919.0948486328125,1703.6057263612747,-0.05311262713652425,-1.1350554900203593,2896.2158203125,2918.8393700724305,2918.5837551013315,
royter1,XC581243.ogg,4961.25,81.14379644393921,0.3436215967445456,-1.153061224489796,4952.63671875,4961.243460216437,4961.23692286077,
royter1,XC586805.ogg,1981.7724609375,7343.789577484131,-0.26691554648785953,-1.3963508504036601,1894.921875,1980.028592048034,1978.2715326052391,
royter1,XC601329.ogg,0.0,0.0,0.0,-3.0,0.0,0.0,0.0,
