primary_label,filename,mean,variance,skewness,kurtosis,mode,gmean,hmean
ruboro1,XC10406.ogg,,
ruboro1,XC10407.ogg,,
ruboro1,XC114097.ogg,,
ruboro1,XC120568.ogg,769.81201171875,34.77591276168823,0.0,-2.0,764.4287109375,769.7931887586223,769.7743662587413,
ruboro1,XC122272.ogg,469.423828125,193367.32292175293,-0.13256385532058843,-1.9804142654558874,10.7666015625,128.43599874745217,28.842211569085755,
ruboro1,XC122273.ogg,422.70613960597825,499668.9283565099,1.0894339699176527,-0.8120935206064326,10.7666015625,0.0,0.0,
ruboro1,XC122288.ogg,1071.875,153.0443219577565,-0.01970370673683147,-1.3628075678855012,1065.8935546875,1071.8075604622488,1071.7401098138457,
ruboro1,XC122289.ogg,1073.0712890625,30.911922454833984,-0.7071067811865475,-1.5,1076.66015625,1073.059259265028,1073.047202705537,
ruboro1,XC122305.ogg,1597.2570082720588,57.107503799831164,-0.5763420690072493,-0.7530630429939977,1604.2236328125,1597.2401531187743,1597.223268024779,
ruboro1,XC122307.ogg,64.599609375,121449.76121537825,5.657312013453541,30.013747756643795,10.7666015625,0.0,0.0,
ruboro1,XC123096.ogg,1608.5302734375,108.19172859191895,-0.09352195295828244,-0.8979591836734699,1614.990234375,1608.4999933938402,1608.469701089716,
ruboro1,XC126748.ogg,4069.775390625,115.91970920562744,0.0,-1.5,4059.0087890625,4069.7658962452147,4069.7564018654234,
ruboro1,XC127421.ogg,853.6376953125,342.2391414642334,-0.23032997943403724,-0.6990788915866961,850.5615234375,853.4436840100893,853.248969563315,
ruboro1,XC131220.ogg,627.154541015625,124.19968843460083,0.30983866769659335,-0.8800000000000003,624.462890625,627.0681782004903,626.982098357398,
ruboro1,XC131775.ogg,833.8134765625,495.87875604629517,0.08362042298661745,-1.638514083319278,807.4951171875,833.5494591813356,833.2858358354172,
ruboro1,XC131778.ogg,0.0,0.0,0.0,-3.0,0.0,0.0,0.0,
ruboro1,XC132018.ogg,982.8369140625,143.51963996887207,0.19201160638565623,-1.143491124260355,968.994140625,982.7744165643368,982.7120066791631,
ruboro1,XC144793.ogg,1740.5190207741477,21657.8086293903,0.3952466230791,-0.9472147396887003,1593.45703125,1734.5414469559453,1728.676865977029,
ruboro1,XC151899.ogg,2433.9248657226562,547843.7906876206,1.5855288195721473,0.5396769329837765,2067.1875,2351.65070768553,2289.8178807990153,
ruboro1,XC151900.ogg,,
ruboro1,XC155424.ogg,190.08620689655172,197405.26893015573,2.097628541398729,2.4045697683886003,10.7666015625,0.0,0.0,
ruboro1,XC156314.ogg,1576.409912109375,274718.2944823395,1.1138594395630685,-0.6971536341205575,1216.6259765625,1510.1284810019054,1457.8093885944465,
ruboro1,XC161350.ogg,666.2773664607558,1364.5919256432112,-0.4404731713193676,-1.1587270270246337,689.0625,665.2589370425757,664.2232939182015,
ruboro1,XC164645.ogg,999.0101207386364,179.3681864034046,0.5082148936098507,-0.6886922481119564,990.52734375,998.923443934595,998.8371443612831,
ruboro1,XC16611.ogg,941.4794921875,4871.6583672691795,1.089478619970525,-0.4424677287887988,893.6279296875,939.1518997861565,936.9399567117784,
ruboro1,XC167887.ogg,1319.5068359375,480.3470303030575,0.19737688811360496,-1.466727701539472,1302.7587890625,1319.3352725390005,1319.164072935091,
ruboro1,XC167888.ogg,1326.4453125,2776.921033859253,-0.03739923383577879,-1.2518062377590606,1302.7587890625,1325.5014947864495,1324.5564082921094,
ruboro1,XC167965.ogg,,
ruboro1,XC168125.ogg,23.6865234375,46.36788368225098,-0.1111111111111111,-0.4444444444444451,21.533203125,22.689922646750784,21.533203125,
ruboro1,XC174090.ogg,2804.983038651316,2371876.555210666,1.4234948724759884,0.03257926597213778,2024.12109375,2524.586661774361,2349.7582312957175,
ruboro1,XC1755.ogg,2085.49072265625,993304.396212101,0.408198497203059,-1.8330100027829177,1302.7587890625,1885.6403704675122,1723.7417972127307,
ruboro1,XC178579.ogg,860.25146484375,191.911518573761,0.1913373881480712,-1.2209359938741497,850.5615234375,860.1512560984839,860.0512365068402,
ruboro1,XC179538.ogg,,
ruboro1,XC179820.ogg,4243.3868408203125,3837619.263008237,-1.1508163256959012,-0.669208261131867,5264.8681640625,3553.7584862496565,2667.1410069260032,
ruboro1,XC179825.ogg,1959.521484375,214.00561699500452,-0.7637626158259733,-0.08333333333333348,1970.2880859375,1959.4705893082196,1959.4195047332169,
ruboro1,XC180193.ogg,169.95849609375,377.6944371370169,-0.23932699827087658,-1.2818293241271836,183.0322265625,168.90042851577405,167.82098032755175,
ruboro1,XC180414.ogg,1844.677734375,40181.08320236206,0.9231873399706776,-0.8223807814012889,1733.4228515625,1834.6960552712628,1825.3381752385444,
ruboro1,XC180626.ogg,,
ruboro1,XC181070.ogg,2334.4636615953946,13074.5956223262,-0.37499855034947155,-0.9013942400654615,2433.251953125,2331.67359769477,2328.8457370948386,
ruboro1,XC182059.ogg,1324.2919921875,0.0,0.0,-3.0,1324.2919921875,1324.2919921874998,1324.2919921875,
ruboro1,XC182060.ogg,1054.05029296875,37.351906299591064,-0.07683945028015939,0.3020214030915582,1055.126953125,1054.0343413527446,1054.018384377503,
ruboro1,XC186639.ogg,798.0743408203125,80.72979748249054,-0.22171590526858218,-1.329388560157791,796.728515625,798.0300134086885,797.9856162533442,
ruboro1,XC186640.ogg,797.7072975852273,103.27392274683173,0.5689838822375782,-0.3808829654310655,796.728515625,797.6487126287046,797.5903893147929,
ruboro1,XC190236.ogg,1927.2216796875,794.8780059814453,0.4592793267718459,-1.375,1905.6884765625,1927.0419710864596,1926.8630143885957,
ruboro1,XC196102.ogg,2233.9317908653848,2250397.340923186,-0.3945174417246576,-1.5510220998038278,1981.0546875,1321.0223772638456,557.6770803987727,
ruboro1,XC197550.ogg,1070.0345552884614,346262.5744480353,-0.9540257169295557,-0.6409825514040515,1184.326171875,715.161781124739,304.66906212040425,
ruboro1,XC203201.ogg,2528.8055419921875,14.48996365070343,-2.2677868380553634,3.1428571428571423,2530.1513671875,2528.8030297824776,2528.800512213027,
ruboro1,XC206948.ogg,1818.5302734375,5678.961753845215,0.8788596060046567,-0.5971544498988992,1765.72265625,1817.076237339399,1815.6553659029491,
ruboro1,XC206949.ogg,1744.189453125,59190.386900535,-0.1374832291848617,-1.6365139004014337,1431.9580078125,1728.111182642468,1711.8811325628235,
ruboro1,XC206950.ogg,5.38330078125,38.63990306854248,0.0,-2.0,0.0,0.0,0.0,
ruboro1,XC212830.ogg,2758.55712890625,2877920.2204942703,0.42417040199573186,-1.6871839675969738,5028.0029296875,2284.5075940959036,1935.6513567497968,
ruboro1,XC2392.ogg,1037.43896484375,46.49526797808134,-0.38479281269960736,-0.66691686995684,1033.59375,1037.418122207809,1037.3972450539534,
ruboro1,XC24098.ogg,,
ruboro1,XC243001.ogg,80.4931640625,134.6876621246338,0.6764207583422593,-0.20750470303681778,75.3662109375,79.7310145600149,79.00285006759567,
ruboro1,XC243002.ogg,1844.677734375,594401.1416218497,-0.2947723667520115,-1.8560245821722123,968.994140625,1675.2267271647324,1507.1455135027436,
ruboro1,XC243003.ogg,1631.5542367788462,3379.03605781586,0.2828174349886581,-0.7241486111111115,1571.923828125,1630.5508775802143,1629.553313965959,
ruboro1,XC243004.ogg,2172.4609375,5203.506946563721,0.14388752190179654,-1.40847172524303,2142.5537109375,2171.332725172232,2170.207901994835,
ruboro1,XC243005.ogg,1146.4090098505435,104.00701181690684,0.8838576708516725,0.6472762910205834,1141.259765625,1146.3658373676753,1146.3228804143025,
ruboro1,XC243006.ogg,1676.3997395833333,35951.29237725185,2.364456836738437,3.821171479228889,1636.5234375,1667.5554331135195,1660.0034080254939,
ruboro1,XC243007.ogg,1048.20556640625,135.66427505933322,-0.37444115410293277,0.0006612444620777147,1044.3603515625,1048.1453067931036,1048.0848760381941,
ruboro1,XC243008.ogg,2298.952765213816,21115.012294367738,0.581653257298175,-1.465665741120794,2164.0869140625,2294.6978699734304,2290.5462620690782,
ruboro1,XC243009.ogg,962.841796875,495470.645070076,1.495327813691271,0.38468835012214697,689.0625,802.4780680856974,710.9944284128974,
ruboro1,XC243010.ogg,2195.78857421875,46605.9200662487,1.9052609358742798,6.241627748663554,2099.4873046875,2186.3363120673725,2177.6730941571686,
ruboro1,XC243011.ogg,1675.623201069079,2591.585077737507,0.6742559066845275,-0.7153037403400222,1614.990234375,1674.8997667965436,1674.185593545436,
ruboro1,XC244894.ogg,,
ruboro1,XC245042.ogg,2600.4509420955883,9738.96027487867,-2.256652420638045,3.324350567272532,2637.8173828125,2598.583388064401,2596.605445296049,
ruboro1,XC245065.ogg,579.3259840745193,259.838486634768,0.11565294817241156,-0.683007599692679,581.396484375,579.1106592367098,578.8956599135527,
ruboro1,XC245066.ogg,619.07958984375,127.51168012619019,0.0,-0.9421487603305785,613.6962890625,618.9937505651243,618.9078980043593,
ruboro1,XC245515.ogg,,
ruboro1,XC245516.ogg,2336.3525390625,77.27980613708496,0.0,-1.0,2336.3525390625,2336.3401350448685,2336.327730961381,
ruboro1,XC245536.ogg,2.691650390625,24.839937686920166,1.1547005383792515,-0.6666666666666665,0.0,0.0,0.0,
ruboro1,XC245537.ogg,2.691650390625,28.97992730140686,1.1547005383792515,-0.6666666666666665,0.0,0.0,0.0,
ruboro1,XC245554.ogg,,
ruboro1,XC245563.ogg,3.915127840909091,29.506835070523344,0.5669467095138411,-1.6785714285714282,0.0,0.0,0.0,
ruboro1,XC245565.ogg,1999.51171875,29703.04548740387,1.5877300096894884,1.2359076331849783,1862.6220703125,1993.616293364786,1988.164224347021,
ruboro1,XC245567.ogg,,
ruboro1,XC245569.ogg,,
ruboro1,XC245615.ogg,,
ruboro1,XC251416.ogg,1287.8511868990386,68.36290542895976,-0.4011636009576727,-0.08979206049147104,1291.9921875,1287.8266455444002,1287.8020624512858,
ruboro1,XC251417.ogg,1719.964599609375,744630.0804536594,-1.352805127175735,0.08313325666906035,1991.8212890625,1070.440839474829,300.79982969025184,
ruboro1,XC2525.ogg,1953.42041015625,41808.50836120803,-2.126549908344396,2.588216438636355,2024.12109375,1941.2169481748754,1926.911823616521,
ruboro1,XC2527.ogg,,
ruboro1,XC2538.ogg,2057.8564453125,11805.042386054993,1.6045916458450433,1.135787438244952,1991.8212890625,2055.313835919117,2052.9008487162673,
ruboro1,XC254268.ogg,966.302490234375,106.25973343849182,0.49338220021815865,-1.371900826446281,958.2275390625,966.2613765899349,966.2203878139525,
ruboro1,XC254269.ogg,1070.0345552884614,346262.5744480353,-0.9540257169295557,-0.6409825514040515,1184.326171875,715.161781124739,304.66906212040425,
ruboro1,XC259994.ogg,2009.8813949092741,507870.42144806165,-0.12640088367636687,-1.901732162026357,1238.1591796875,1878.956611063147,1751.9152669371726,
ruboro1,XC259995.ogg,2897.9617557010133,372936.33148476895,0.7880129617600896,-1.1495338726801105,2390.185546875,2840.6893175898153,2789.487785152054,
ruboro1,XC259996.ogg,1739.404296875,235.05941033363342,-0.5317084407596036,-0.8852505160442861,1754.9560546875,1739.3440552917757,1739.2836341896425,
ruboro1,XC259997.ogg,851.7578125,60465.008318424225,-0.7065960112010982,-1.4985348623451182,1012.060546875,814.5583492020993,773.614150806546,
ruboro1,XC259998.ogg,1693.048095703125,382.0081326094541,0.5654360314069014,-0.4819976218787154,1679.58984375,1692.9450986993081,1692.8425200095573,
ruboro1,XC259999.ogg,1740.95947265625,12623.656332492828,-0.3793304950329743,-1.127965397232912,1593.45703125,1737.6374408291185,1734.2605650099595,
ruboro1,XC260000.ogg,1651.2290396341464,38066.61884813774,0.7212157841954566,-1.0739562005802221,1475.0244140625,1640.515914344129,1630.3754752803998,
ruboro1,XC260001.ogg,2357.8857421875,115.91970920562744,0.0,-1.5,2347.119140625,2357.869354552198,2357.8529669169006,
ruboro1,XC260002.ogg,1995.8587646484375,7946.71006500721,-1.1341731520448606,-0.6820265897747722,2045.654296875,1994.0588691888067,1992.2013593992601,
ruboro1,XC260003.ogg,2040.7603870738637,28223.287744955585,-0.6573219678512,-1.0931153953609587,2185.6201171875,2034.228189302367,2027.4619546510435,
ruboro1,XC261318.ogg,1523.47412109375,223222.7200269699,0.0,-1.9993077189546304,1108.9599609375,1467.4985017402578,1413.57658642798,
ruboro1,XC261319.ogg,1047.052001953125,454260.36044955254,2.9578481573967776,6.8905778482276006,796.728515625,949.2509729723108,902.5281555369432,
ruboro1,XC261320.ogg,883.6895282451923,86.19670684521013,-0.1440739692752842,-1.5288347205707513,893.6279296875,883.6444630506093,883.5993543365879,
ruboro1,XC261321.ogg,2564.24560546875,5861.673295497894,-0.23362890820549073,-1.7409104202036336,2476.318359375,2563.288821140507,2562.3281642271977,
ruboro1,XC263024.ogg,337.353515625,67788.44085606662,0.6673587602407902,-0.19832066783611468,366.064453125,227.88348811068758,138.20128409317368,
ruboro1,XC264894.ogg,990.52734375,8060.87824014517,0.0,-1.964856292583601,904.39453125,986.7412559843925,982.9686187563775,
ruboro1,XC26850.ogg,,
ruboro1,XC276419.ogg,126.34923598345588,65690.00483674799,3.7441985279727454,12.03644275870511,64.599609375,74.38321675845906,65.84563385584592,
ruboro1,XC276420.ogg,107.666015625,637.5584006309509,0.3900528774186514,-1.65702479338843,86.1328125,105.38724654925687,103.25347400102459,
ruboro1,XC284602.ogg,,
ruboro1,XC284606.ogg,,
ruboro1,XC289926.ogg,157.91015625,38.63990306854248,-0.7071067811865475,-1.5,161.4990234375,157.82731179572815,157.74323219476744,
ruboro1,XC290347.ogg,1514.9505615234375,802098.6578678307,-0.47228468817657493,-1.5979716053547812,150.732421875,1083.0487418556977,591.9327748140249,
ruboro1,XC291931.ogg,2144.647216796875,7061.759749768486,-0.5196173223628933,-0.3887481452359438,2196.38671875,2142.999169277199,2141.326432333364,
ruboro1,XC293269.ogg,0.0,0.0,0.0,-3.0,0.0,0.0,0.0,
ruboro1,XC293718.ogg,868.1795987215909,3295.9335500543766,1.2198239862330444,0.14075794350788984,861.328125,866.4537329784192,864.8118911127106,
ruboro1,XC293896.ogg,1752.264404296875,24.839937686920166,-1.1547005383792515,-0.6666666666666665,1754.9560546875,1752.2581895946444,1752.251962153313,
ruboro1,XC296573.ogg,1634.3701171875,81.14379644393921,0.3436215967445456,-1.153061224489796,1625.7568359375,1634.350279946817,1634.3304649676882,
ruboro1,XC310780.ogg,,
ruboro1,XC315899.ogg,3063.7710571289062,2357320.302914708,-0.2684804955518951,-1.2401498522975671,1862.6220703125,2512.7734124193353,1779.0201768879774,
ruboro1,XC316160.ogg,3146.539306640625,28.97992730140686,1.1547005383792515,-0.6666666666666665,3143.84765625,3146.53585678721,3146.53241086678,
ruboro1,XC320339.ogg,5366.498357599432,1770461.7952345968,-1.1487532221078935,-0.42396648236517764,5932.3974609375,5157.657573981119,4901.67505403737,
ruboro1,XC337347.ogg,,
ruboro1,XC337970.ogg,,
ruboro1,XC343100.ogg,21.533203125,57.95985460281372,0.0,-0.5,21.533203125,20.32922814848886,18.99988511029412,
ruboro1,XC353025.ogg,,
ruboro1,XC356900.ogg,749.35546875,108.19172859191895,0.09352195295828244,-0.8979591836734699,742.8955078125,749.2905421889674,749.2256621374715,
ruboro1,XC365704.ogg,1955.21484375,133.95166397094727,-0.27154541788363945,-1.044378698224852,1959.521484375,1955.183982223596,1955.1530889116245,
ruboro1,XC366828.ogg,1813.275146484375,21128.12336195599,0.6304413007234343,0.2509252572925811,1636.5234375,1808.0677619242374,1802.9867115007105,
ruboro1,XC386733.ogg,2060.336026278409,76559.69885262576,-0.5589545087581722,-1.6738262123740484,1711.8896484375,2042.5115766720244,2023.9428344048151,
ruboro1,XC389892.ogg,766.58203125,81.14379644393921,-0.3436215967445456,-1.153061224489796,764.4287109375,766.5395855629663,766.497036273476,
ruboro1,XC406602.ogg,,
ruboro1,XC423366.ogg,,
ruboro1,XC423370.ogg,,
ruboro1,XC431672.ogg,833.3349609375,29.8079252243042,0.40824829046386296,-1.8333333333333335,829.0283203125,833.3182970652053,833.301662169781,
ruboro1,XC432414.ogg,,
ruboro1,XC432415.ogg,,
ruboro1,XC435838.ogg,,
ruboro1,XC435849.ogg,,
ruboro1,XC437632.ogg,11.899928042763158,50.164084685476205,-0.09663994524031123,-0.5942293644996348,10.7666015625,0.0,0.0,
ruboro1,XC437633.ogg,10.199938322368421,57.62090808466861,0.06767338136888562,-0.878546712802768,10.7666015625,0.0,0.0,
ruboro1,XC437634.ogg,18.841552734375,183.53953957557678,-0.6520236646847545,-0.9030470914127422,21.533203125,0.0,0.0,
ruboro1,XC437637.ogg,14.996337890625,54.433196783065796,-0.6611137786885536,-0.65617139456457,21.533203125,0.0,0.0,
ruboro1,XC438481.ogg,,
ruboro1,XC438799.ogg,1728.03955078125,2771.5348655527287,-1.491178650431576,0.6229091066807384,1754.9560546875,1727.2821073762645,1726.501942425794,
ruboro1,XC440758.ogg,2700.560681573276,149818.51520209477,-0.9650871821708787,-0.8568141576485657,2971.58203125,2670.817415989993,2638.2231429321496,
ruboro1,XC443946.ogg,846.6463955965909,191.79442795840183,-0.7599841894997811,-0.3379422775027261,850.5615234375,846.5425841747375,846.4379290219448,
ruboro1,XC449174.ogg,1432.72705078125,340384.2138097836,-0.00011183471928404133,-1.9995502096468536,1991.8212890625,1317.805715068333,1212.0889965805247,
ruboro1,XC450250.ogg,3192.29736328125,431892.97067768435,0.19735418146777706,-1.8123844306032797,2594.7509765625,3129.25521509144,3068.6835809881836,
ruboro1,XC452950.ogg,1604.2236328125,115.91970920562744,0.0,-1.5,1593.45703125,1604.1995460938874,1604.1754593752814,
ruboro1,XC453606.ogg,1955.3804837740386,358.1621784430284,-0.1513881752938331,-1.2673249427523599,1970.2880859375,1955.2958610664234,1955.2111573088466,
ruboro1,XC461338.ogg,,
ruboro1,XC461374.ogg,,
ruboro1,XC461807.ogg,2390.6749378551135,5650274.134901436,1.0753901460105628,-0.6089633555478846,6513.7939453125,1545.5411847164376,1117.0408520329868,
ruboro1,XC461808.ogg,4849.9951171875,5367751.9392309515,-0.5570715668771417,-1.6825585950306745,6599.9267578125,4135.447737043628,3393.6773177218342,
ruboro1,XC462.ogg,380.70703125,439846.51740789413,2.395079599386757,3.9354440431997606,172.265625,186.4997716117789,140.46289645402354,
ruboro1,XC466480.ogg,,
ruboro1,XC467718.ogg,1016.3671875,752.190113067627,0.29249632775261775,-1.2828860949521483,990.52734375,1016.0356837175551,1015.7057953134304,
ruboro1,XC468599.ogg,,
ruboro1,XC471415.ogg,2891.636920797414,389985.2598927551,0.42918159969630854,-1.3642297622474746,2207.1533203125,2827.450345954813,2766.8685665889734,
ruboro1,XC471416.ogg,927.1240234375,12.87996768951416,2.4748737341529163,4.125,925.927734375,927.1178859512216,927.1117851862214,
ruboro1,XC474403.ogg,1178.173828125,58471.93947205177,-0.9434915605705209,-1.0978485609109612,1313.525390625,1151.447412931215,1121.4852687948196,
ruboro1,XC474408.ogg,2245.0100806451615,33948.02167723256,-0.8891842206149061,-0.1565277595500123,2228.6865234375,2237.2816894353386,2229.1321016455395,
ruboro1,XC474412.ogg,2061.80419921875,95177.80923843384,-0.6505713497998268,-1.444491337298282,1625.7568359375,2038.5274084519049,2013.8737954056503,
ruboro1,XC47467.ogg,,
ruboro1,XC477905.ogg,,
ruboro1,XC478361.ogg,,
ruboro1,XC484110.ogg,2066.861239346591,31026.52489461682,-0.1525120150842601,-1.278609843187777,1937.98828125,2059.4882896069644,2052.0401889520713,
ruboro1,XC487455.ogg,2913.7115478515625,2580200.779348612,-0.0017636307511288013,-1.9957857139014226,1335.05859375,2463.083597489862,2081.077043441958,
ruboro1,XC494317.ogg,,
ruboro1,XC505053.ogg,,
ruboro1,XC507167.ogg,1057.818603515625,28.97992730140686,1.1547005383792515,-0.6666666666666665,1055.126953125,1057.8083647138162,1057.7981606012659,
ruboro1,XC511706.ogg,,
ruboro1,XC518114.ogg,22.022594105113637,5.106952223744425,4.364357804719848,17.04761904761905,21.533203125,21.93374475825254,21.864483173076927,
ruboro1,XC518115.ogg,21.744312959558822,2.272935474620146,6.92964645562817,46.02000000000004,21.533203125,21.70508080268652,21.674868935032894,
ruboro1,XC518116.ogg,98.58169555664062,35195.53743483078,2.150169472260432,3.0861437038557504,21.533203125,35.228392500895644,25.315587840746087,
ruboro1,XC524059.ogg,1174.0847703887196,768814.0046334849,-0.15359315222983977,-1.9615770795186613,215.33203125,738.851440889613,439.4640772005629,
ruboro1,XC524060.ogg,1945.3549033717106,378555.8082555469,-2.4895726794194784,4.351358690367052,2099.4873046875,1685.462790281075,1103.8335270100342,
ruboro1,XC524061.ogg,1981.0546875,1236.4768981933594,-0.2688936071621196,0.2817382812500009,1991.8212890625,1980.765619533575,1980.475519049537,
ruboro1,XC529341.ogg,1312.3291015625,141376.96534395218,-1.3564701463204794,-0.12145692847050027,1496.5576171875,1245.7930296944285,1159.9114217971141,
ruboro1,XC529342.ogg,982.452392578125,28.97992730140686,1.1547005383792515,-0.6666666666666665,979.7607421875,982.4413711817895,982.4303899863759,
ruboro1,XC536726.ogg,3556.778492647059,6090.227288995835,-0.7633843883525939,-0.8799165264325994,3596.044921875,3555.93806618916,3555.0882505067966,
ruboro1,XC537587.ogg,,
ruboro1,XC544919.ogg,897.6654052734375,20201.079323887825,-1.1504429252999422,-0.669943171156504,968.994140625,886.457720968931,873.9263783569116,
ruboro1,XC550061.ogg,867.48046875,574.0785598754883,-0.6900417104484521,-1.0211723372781059,872.0947265625,867.1933731833102,866.9028502267163,
ruboro1,XC561405.ogg,21.533203125,57.95985460281372,0.0,-0.5,21.533203125,20.32922814848886,18.99988511029412,
ruboro1,XC565546.ogg,4873.587196751645,4531666.588176619,-0.32028573375523983,-1.5277351261903922,6901.3916015625,4312.819118058243,3710.0279709385063,
ruboro1,XC568448.ogg,,
ruboro1,XC573799.ogg,1715.478515625,28.97992730140686,0.7071067811865475,-1.5,1711.8896484375,1715.471017973415,1715.4635307933195,
ruboro1,XC573800.ogg,1715.478515625,28.97992730140686,0.7071067811865475,-1.5,1711.8896484375,1715.471017973415,1715.4635307933195,
ruboro1,XC592240.ogg,3141.014340049342,262717.639897999,-0.36479437582801966,-1.3118325577045435,2121.0205078125,3097.5531525157758,3052.1180522964487,
ruboro1,XC59785.ogg,,
ruboro1,XC608023.ogg,1276.4404296875,61.17984652519226,0.8367210142534068,-0.5027700831024933,1270.458984375,1276.4191953918905,1276.3980290479747,
ruboro1,XC614940.ogg,5005.355940193966,141921.69914985524,-3.140809738708315,8.465478741018968,4984.9365234375,4989.028626893778,4969.542972075026,
ruboro1,XC63933.ogg,1922.9150390625,34.77591276168823,-0.40824829046386296,-1.8333333333333333,1927.2216796875,1922.9077996449937,1922.9005548451516,
ruboro1,XC63934.ogg,1951.446533203125,28.97992730140686,1.1547005383792515,-0.6666666666666665,1948.7548828125,1951.4409744839481,1951.435425980055,
ruboro1,XC63935.ogg,83.9794921875,81.14379644393921,0.3436215967445456,-1.153061224489796,75.3662109375,83.59924479330084,83.22649060582822,
ruboro1,XC63937.ogg,1207.0233319256756,178978.6385845494,0.23582979598330356,1.1380239827519736,1108.9599609375,1091.0471579653622,736.2763760523076,
ruboro1,XC63938.ogg,1341.7877197265625,289002.3250132799,-0.5160179038808592,-1.7328756970736912,689.0625,1227.9018284483666,1108.1052019191413,
ruboro1,XC63939.ogg,57.23298725328947,219.63734375803097,0.8555119081022429,-0.6147119341563796,53.8330078125,55.59102036665788,54.1382989721172,
ruboro1,XC65896.ogg,1001.2939453125,231.83941841125488,0.5136048530181169,-0.602076124567474,990.52734375,1001.1851379784285,1001.0768629912988,
ruboro1,XC74124.ogg,567.39990234375,643587.5135064125,0.8733292015691947,-1.2362979027602785,64.599609375,181.40072764555705,96.65573186894962,
ruboro1,XC9362.ogg,1131.3213641826924,86.19670684521016,-0.1440739692753224,-1.528834720570745,1141.259765625,1131.2861713289192,1131.2509519056875,
