primary_label,filename,mean,variance,skewness,kurtosis,mode,gmean,hmean
rubpep1,XC108749.ogg,3209.7392578125,71158.47269296646,-2.2885018327691102,4.62977069429806,3380.712890625,3197.4618066815906,3183.272985951321,
rubpep1,XC113462.ogg,2377.063751220703,665646.3771860205,-2.25695544958054,4.127075350971775,2304.052734375,1592.6320386942348,131.48140736513912,
rubpep1,XC115611.ogg,2216.12548828125,11379.45145368576,1.7660997698550525,1.1588074518406213,2164.0869140625,2214.0896237652228,2212.1543272441313,
rubpep1,XC116392.ogg,2116.0359700520835,18108.465013638983,-1.6187514929109823,2.7382576872168993,1991.8212890625,2111.4993407960387,2106.586919054525,
rubpep1,XC119061.ogg,14.239698840725806,80.27128250368177,0.050297108224265516,-0.5871687049110754,10.7666015625,0.0,0.0,
rubpep1,XC119801.ogg,471.6156005859375,52.35205048864538,0.2455333840815008,-0.789219595416979,473.73046875,471.5612138332377,471.50695404423584,
rubpep1,XC120072.ogg,4820.745849609375,356.0391068458557,-0.9575491625535643,-0.8512709572742021,4834.2041015625,4820.713461901685,4820.6809983906,
rubpep1,XC120073.ogg,2822.0458984375,395645.8567197506,2.820844398129613,6.82519376082907,2530.1513671875,2772.6993897926664,2736.4591761310003,
rubpep1,XC121219.ogg,,
rubpep1,XC121917.ogg,2495.8939985795455,7901.50890567086,-1.0213115749899824,-0.9288003963855971,2551.6845703125,2494.4203680481523,2492.912495724175,
rubpep1,XC123197.ogg,2800.266400505515,726.2028841411366,-1.0430926810430454,1.5829885177237148,2810.0830078125,2800.1396941873277,2800.0121221279624,
rubpep1,XC123918.ogg,2427.86865234375,34.77591276168823,0.0,-2.0,2422.4853515625,2427.8626841537302,2427.856715978381,
rubpep1,XC124162.ogg,37.68310546875,32.1999192237854,0.0,-2.0,32.2998046875,37.29660186220091,36.91406250000001,
rubpep1,XC124475.ogg,2492.8271484375,5429.458379745483,0.6436425094056356,-0.5533694435013192,2411.71875,2491.8224072881203,2490.8293807034947,
rubpep1,XC124651.ogg,14.043393342391305,36.19627283495876,0.02114772527555718,-0.6176093574747621,10.7666015625,0.0,0.0,
rubpep1,XC126136.ogg,2649.3017578125,90176.70178413391,0.3977917734245665,-1.8243039729150066,2379.4189453125,2633.818232306959,2618.8525208986084,
rubpep1,XC126140.ogg,2466.1850873161766,84193.50761701081,-1.1005051891084219,-0.5835044294734848,2605.517578125,2448.5394974285687,2429.3297087480128,
rubpep1,XC127232.ogg,69.98291015625,289.7992730140686,1.0666666666666667,0.3703703703703698,53.8330078125,68.31933408905086,66.84364606430157,
rubpep1,XC127680.ogg,2821.5673828125,22247.75218963623,0.5002997599312362,-0.9628453221573996,2788.5498046875,2817.943246267202,2814.3766581146488,
rubpep1,XC127682.ogg,2841.485595703125,9662.610305981203,1.1438830162701947,-0.6521309048851194,2788.5498046875,2839.9648611339157,2838.4820900788714,
rubpep1,XC128623.ogg,5.38330078125,38.63990306854248,0.0,-2.0,0.0,0.0,0.0,
rubpep1,XC132912.ogg,611.9962993421053,1000327.7290003056,1.2361114737852708,-0.46858862039273186,32.2998046875,136.96486493971292,66.19405445121106,
rubpep1,XC133349.ogg,2065.0341796875,1264069.6529746056,-1.499914028586077,0.24988537210509376,2562.451171875,1185.3936203008996,248.33980652619744,
rubpep1,XC133350.ogg,2434.5977783203125,113.8497143983841,0.691361313507761,-0.26644628099173584,2433.251953125,2434.5773576723936,2434.556975261248,
rubpep1,XC137073.ogg,2097.8309044471152,1408518.0943058087,-1.0785014729463545,-0.5419824283334953,2562.451171875,1176.0413582828771,294.75802911594786,
rubpep1,XC137517.ogg,2980.04150390625,63937.36268465336,-2.6222875440607796,6.029181423298951,3090.0146484375,2968.293813044715,2954.4159706731284,
rubpep1,XC137731.ogg,2514.951459099265,79145.03381094511,-0.727960991594059,-1.2924988312163206,2088.720703125,2499.2440077294436,2482.71989771,
rubpep1,XC138548.ogg,2520.7305908203125,539.0266478061676,0.32831076714571766,-1.1334643696766487,2497.8515625,2520.630544740863,2520.530691425185,
rubpep1,XC139663.ogg,3011.2838745117188,2514.9746909737587,1.0959805994014638,1.1096032733409906,2993.115234375,3010.8968161865446,3010.5141161180645,
rubpep1,XC142665.ogg,15.199908088235293,29.832278104389417,0.3585685828003185,-1.8714285714285712,10.7666015625,14.322939884408497,13.557942708333334,
rubpep1,XC142678.ogg,,
rubpep1,XC142679.ogg,0.0,0.0,0.0,-3.0,0.0,0.0,0.0,
rubpep1,XC143715.ogg,,
rubpep1,XC143716.ogg,,
rubpep1,XC144161.ogg,2530.7846966911766,113695.07360984298,0.27983838167495484,-1.1025239354989405,2131.787109375,2509.922618181493,2489.4595669920873,
rubpep1,XC145020.ogg,1707.275390625,1170126.6646385193,-0.9486448796379736,-1.0999351715753134,2336.3525390625,1010.3877849933125,382.10095095573706,
rubpep1,XC145442.ogg,,
rubpep1,XC145697.ogg,,
rubpep1,XC146545.ogg,2472.3121820494184,8164.187891538754,-0.16506617610556745,-1.4019488094244017,2379.4189453125,2470.691876472344,2469.064944699289,
rubpep1,XC146974.ogg,,
rubpep1,XC147102.ogg,9.4207763671875,47.609880566596985,0.05439506453662819,-0.3137996219281658,10.7666015625,0.0,0.0,
rubpep1,XC147686.ogg,,
rubpep1,XC148058.ogg,226.6652960526316,4977.7685654790785,3.9515011496154995,13.774857779582355,204.5654296875,220.63936806823418,217.12926929887277,
rubpep1,XC148709.ogg,23.32763671875,204.79148626327515,0.23843720534489415,-1.6297614809540761,10.7666015625,19.564213414037436,16.493517287234045,
rubpep1,XC149228.ogg,2909.78173828125,2085.6557965278625,-0.04309619943526268,-1.4732715497205344,2853.1494140625,2909.4303187225396,2909.0787402606693,
rubpep1,XC14968.ogg,2184.423828125,3635.3708803653717,1.5208871508190476,1.3717733071507983,2142.5537109375,2183.7027647019822,2182.999869972786,
rubpep1,XC150312.ogg,2260.0075461647725,4647.326523607428,1.0338916737462813,-0.26799666805496436,2196.38671875,2259.090547694682,2258.191170335093,
rubpep1,XC150581.ogg,,
rubpep1,XC150915.ogg,2649.7173108552633,192322.32175375288,-3.705659739323275,12.462162441789907,2810.0830078125,2586.913371403117,2470.1878864224504,
rubpep1,XC152693.ogg,37.68310546875,34.77591276168823,0.0,-2.0,32.2998046875,37.296601862200944,36.9140625,
rubpep1,XC153573.ogg,2177.0068359375,81.14379644393921,-0.3436215967445456,-1.153061224489796,2174.853515625,2176.9919139187346,2176.9769791882595,
rubpep1,XC153596.ogg,,
rubpep1,XC153891.ogg,2489.23828125,8079.603731632233,1.4331712623437673,0.16155217379669784,2433.251953125,2487.9782994985662,2486.756237319493,
rubpep1,XC154005.ogg,444.122314453125,2508.8337063789368,-0.5062293472901676,-1.691925628206385,484.4970703125,441.5507573668242,438.8973460477941,
rubpep1,XC155527.ogg,3199.4172127016127,204212.63558633873,0.24098656673835545,-1.366298910530928,2465.5517578125,3168.882163431709,3138.9233371656483,
rubpep1,XC157396.ogg,26.91650390625,57.95985460281372,0.0,-2.0,21.533203125,26.37268009197709,25.83984375,
rubpep1,XC158276.ogg,2572.5,9976.822972297668,2.1873465875535985,4.509834564402339,2519.384765625,2570.7809849416158,2569.147478930783,
rubpep1,XC161402.ogg,,
rubpep1,XC16216.ogg,2372.2412109375,41205.5926322937,-0.7053168893330931,-1.5,2110.25390625,2364.7140618505414,2356.922060309857,
rubpep1,XC162453.ogg,2678.961181640625,19543.664306402206,0.47703315823676146,0.3636503682770673,2648.583984375,2675.4877277920964,2672.053308463012,
rubpep1,XC162454.ogg,,
rubpep1,XC164118.ogg,64.03294613486842,714.4992602498909,0.48683404115714035,-0.1774193548387104,64.599609375,58.512485746725446,52.76307978764237,
rubpep1,XC165488.ogg,2746.9189453125,92667.3195362091,-0.5201076617728422,-1.53569536759295,2336.3525390625,2730.496567074597,2713.5000437329127,
rubpep1,XC165886.ogg,2265.419634650735,182313.57500395353,0.9946564502309739,-0.8378811987057726,1981.0546875,2231.2901316455655,2201.0937098876875,
rubpep1,XC166263.ogg,11.745383522727273,80.08998090570623,-0.16300591617118887,-1.3912742382271466,10.7666015625,0.0,0.0,
rubpep1,XC166264.ogg,26.91650390625,38.63990306854248,0.0,-2.0,21.533203125,26.37268009197709,25.83984375,
rubpep1,XC169862.ogg,2788.5498046875,77.27980613708496,0.0,-1.2500000000000002,2788.5498046875,2788.5379275127793,2788.5260503127633,
rubpep1,XC1702.ogg,1181.634521484375,2460039.7887825966,0.5165622568099706,-1.732890089875286,43.06640625,219.49485698545143,71.15461510721153,
rubpep1,XC170343.ogg,,
rubpep1,XC170817.ogg,3276.6357421875,13253.48675251007,-0.7001554400787794,-1.5,3143.84765625,3275.268835986506,3273.8838836660916,
rubpep1,XC171162.ogg,2354.572941706731,7039.893109064836,0.32605003358206036,-1.5884056802638307,2314.8193359375,2353.2025381403764,2351.842535822367,
rubpep1,XC171166.ogg,2702.4169921875,0.0,0.0,-3.0,2702.4169921875,2702.4169921874995,2702.4169921875,
rubpep1,XC172803.ogg,2002.587890625,1944529.9379825592,-0.8088508691574343,-1.345489774738663,0.0,0.0,0.0,
rubpep1,XC173978.ogg,2820.849609375,29454.1442936117,-0.14492708488310974,-0.7495681977464228,2605.517578125,2815.8110767836442,2810.7294352561835,
rubpep1,XC174810.ogg,2775.7893880208335,19925.391021764503,0.6044631692339939,-1.0282289062245662,2713.18359375,2772.3319034357955,2768.941894832045,
rubpep1,XC175747.ogg,,
rubpep1,XC177793.ogg,2722.6043701171875,10245.370298624039,-0.30749393097818023,-1.8251857837452776,2799.31640625,2720.8266239865757,2719.0366188779085,
rubpep1,XC178600.ogg,25.44833096590909,122.2426024350253,-0.7779994340866132,0.8700951248513666,21.533203125,0.0,0.0,
rubpep1,XC180547.ogg,2623.6508018092104,19925.9879087147,0.7652094558123024,-0.5370653423555329,2476.318359375,2620.14025283814,2616.717099140656,
rubpep1,XC180779.ogg,2538.9604048295455,277623.4882853248,1.0198493652181946,-0.9579174057912123,2228.6865234375,2494.721521623896,2456.2411380810895,
rubpep1,XC180786.ogg,3046.9482421875,154.55961227416992,0.0,-0.5,3046.9482421875,3046.9254151283726,3046.9025877272147,
rubpep1,XC180937.ogg,2712.0502672697367,13174.851160300406,-1.6691863512050302,1.0420208621893572,2767.0166015625,2709.636240550396,2707.105918212274,
rubpep1,XC182615.ogg,2669.0185546875,24040.03255069256,-1.9947815180229915,2.5753919760924386,2767.0166015625,2664.2277812477005,2659.030059209234,
rubpep1,XC183266.ogg,2915.95458984375,343.8951373100281,1.0480877914669628,0.07650549173084187,2906.982421875,2915.905647186925,2915.856901278953,
rubpep1,XC185163.ogg,280.91042258522725,499717.22059900116,2.8431330369093364,6.090164557492075,75.3662109375,91.10820091046311,69.56475620593206,
rubpep1,XC186207.ogg,2459.5703125,43936.78978085518,-0.06428210360339207,-0.037856597991175356,2508.6181640625,2451.5411305022335,2443.413297461056,
rubpep1,XC186208.ogg,20.86029052734375,223.6284390091896,0.8847112700575129,-0.23080762610265504,10.7666015625,0.0,0.0,
rubpep1,XC186209.ogg,2620.770263671875,1021.3228924707932,-0.0545112470573652,-1.2692690724096145,2583.984375,2620.5915588874454,2620.412772760222,
rubpep1,XC186210.ogg,18.662109375,57.40785598754883,-0.8844083401904645,0.9064349112426036,21.533203125,0.0,0.0,
rubpep1,XC186211.ogg,2466.8975830078125,6274.154260754585,1.128697327546157,-0.6860407919441474,2422.4853515625,2465.8091426618953,2464.745055311498,
rubpep1,XC186230.ogg,18.841552734375,91.07977151870728,-0.8223036670302644,0.21487603305785097,21.533203125,0.0,0.0,
rubpep1,XC187092.ogg,,
rubpep1,XC187804.ogg,1614.990234375,2106319.0761208534,-0.4016012577278046,-1.829910216871484,21.533203125,421.3229637760087,63.67570612734053,
rubpep1,XC188004.ogg,2315.8447265625,15633.94712238777,0.03521106016187544,-1.750811041113317,2185.6201171875,2312.550292790239,2309.262372295318,
rubpep1,XC188530.ogg,2599.365234375,496.7987537384033,0.3528018364499668,-0.5374074074074078,2605.517578125,2599.283472380839,2599.201858422086,
rubpep1,XC189832.ogg,2638.89404296875,14978.114426136017,-0.8612026830554924,-1.2361994010055535,2723.9501953125,2636.272087849356,2633.584313662009,
rubpep1,XC189833.ogg,2717.7386944110576,3377.1869741953333,-1.1059534606113042,0.3412560513620244,2713.18359375,2717.131645859542,2716.5148518516326,
rubpep1,XC190124.ogg,,
rubpep1,XC194180.ogg,1889.7726307744565,2219871.5949011417,-0.25429333416661387,-1.9156761436027199,301.46484375,991.0475002655149,432.51581350665657,
rubpep1,XC195504.ogg,2633.743533572635,57994.317219064054,-1.4347871034524664,0.5115535991130247,2734.716796875,2621.9527604280183,2609.024149643781,
rubpep1,XC195505.ogg,2209.844970703125,30660.76308488846,-0.500825448660702,-1.7248539604377382,2002.587890625,2203.6109043759957,2197.234968100623,
rubpep1,XC197653.ogg,2097.333984375,564961.7507457733,-2.4724681156337547,4.524913039571529,2207.1533203125,0.0,0.0,
rubpep1,XC198387.ogg,2275.552906709559,6171.872164396678,1.0701241337373184,0.5762032504488896,2207.1533203125,2274.3049572953014,2273.084745255854,
rubpep1,XC19955.ogg,2278.289794921875,65810.96157431602,-0.6585680468690136,-1.1248478194752087,2304.052734375,2263.5531503861566,2248.0626808328448,
rubpep1,XC204962.ogg,2300.20751953125,386797.61407578865,-3.1502643066924008,8.377257378534345,2368.65234375,1984.5405486687143,1016.8328659022334,
rubpep1,XC206144.ogg,3046.9482421875,721.278190612793,-1.3130075028818025,1.5025510204081627,3046.9482421875,3046.84092266254,3046.732800572164,
rubpep1,XC207201.ogg,2587.82958984375,2400.557054923131,1.9244630979100235,3.9654188302571116,2573.2177734375,2587.408539517676,2586.9968318673573,
rubpep1,XC207603.ogg,,
rubpep1,XC209360.ogg,2394.970703125,453.0718046076158,-0.03268736571983097,-0.9044865269963425,2400.9521484375,2394.881347722435,2394.7919715490957,
rubpep1,XC209363.ogg,2691.650390625,55017.27736913241,-0.8176300360684217,-1.1608028600773863,2336.3525390625,2681.6769243342355,2671.2457682337945,
rubpep1,XC209493.ogg,2926.4968872070312,2368.1430593132973,-1.1576713635856175,2.4677063400352317,2950.048828125,2926.112606221304,2925.723203961582,
rubpep1,XC210699.ogg,2461.962890625,16362.242590297352,-1.9163126720250985,2.051265605639572,2508.6181640625,2458.7041792591695,2455.2212571352297,
rubpep1,XC211108.ogg,2529.4784545898438,8569.847501814365,-0.35388150677795577,-1.6695848729419314,2411.71875,2527.876214844742,2526.261054305318,
rubpep1,XC211109.ogg,2965.248736213235,1754.1379525380976,-0.09113618885219203,-1.238153320470214,2993.115234375,2964.9700878095377,2964.691194010918,
rubpep1,XC211110.ogg,2555.4229736328125,19863.608621165786,-0.6117389243236349,2.905665182180493,2508.6181640625,2551.469260468801,2547.3664217838223,
rubpep1,XC211111.ogg,2648.257723721591,12667.740949175575,-0.2128743075806518,-1.8833707234875896,2519.384765625,2645.923439683539,2643.5769670975556,
rubpep1,XC211112.ogg,2770.60546875,209.75947380065918,-0.4522404578270087,-0.9016620498614962,2777.783203125,2770.5700834158433,2770.5346437444887,
rubpep1,XC2167.ogg,2743.5834099264707,5828.374790794709,-0.7963487048033269,-1.1331833162939076,2777.783203125,2742.568869111731,2741.5397302569486,
rubpep1,XC217016.ogg,,
rubpep1,XC233065.ogg,2501.79931640625,9421.341055426105,0.5676404388571724,1.0672904204590585,2368.65234375,2500.000948651719,2498.2226243213786,
rubpep1,XC233193.ogg,2551.6845703125,114366.38510227203,-1.6465963912796886,0.7177361110808609,2691.650390625,2527.828254061699,2500.22722135609,
rubpep1,XC234337.ogg,2006.1767578125,309.11922454833984,-0.2795084971874737,-1.365,2024.12109375,2006.112458200638,2006.048062313194,
rubpep1,XC237358.ogg,1888.6885793585527,722685.0201988627,-1.4574046562171827,0.46181303278222297,86.1328125,1355.961337417134,530.4813236226726,
rubpep1,XC23738.ogg,,
rubpep1,XC241111.ogg,2405.6332795516305,946.6012617344918,-1.6813977806006128,1.8199458995454059,2411.71875,2405.44238322727,2405.248747516405,
rubpep1,XC242500.ogg,2900.5224609375,17290.06862640381,0.3730703520534315,-1.804691684152057,2810.0830078125,2897.867009767224,2895.241705433338,
rubpep1,XC242501.ogg,,
rubpep1,XC242502.ogg,2506.82373046875,204.79148626327515,0.32137188546485734,-0.3994304022783908,2508.6181640625,2506.7897284998785,2506.755763522672,
rubpep1,XC242504.ogg,2834.84619140625,5748.397369133799,1.8171589345826817,1.54892385034353,2799.31640625,2833.9121542513103,2833.006644515226,
rubpep1,XC242505.ogg,2856.085759943182,15164.405595172535,-0.47437947615528847,-1.4467309212588242,2896.2158203125,2853.6387510296336,2851.160130687718,
rubpep1,XC242506.ogg,2495.6982421875,81.14379644393921,0.3436215967445456,-1.153061224489796,2487.0849609375,2495.685246328778,2495.6722600415355,
rubpep1,XC242507.ogg,2631.0882568359375,355242.158845067,1.7376859590681402,1.8973318371586583,2605.517578125,2582.305758252624,2542.140845627969,
rubpep1,XC242508.ogg,2493.544921875,5362.1145486831665,-0.23734076740890359,-1.6726284650198902,2562.451171875,2492.536558554605,2491.5238277672047,
rubpep1,XC242509.ogg,2347.119140625,173.87956380844116,0.9128709291752769,-0.5,2336.3525390625,2347.0895976532934,2347.060144559364,
rubpep1,XC242510.ogg,2060.7275390625,498.454749584198,0.1579875514375958,-1.4908058409951324,2034.8876953125,2060.630880077231,2060.5343197539833,
rubpep1,XC242511.ogg,,
rubpep1,XC242512.ogg,2295.439453125,13930.973052978516,2.539592341829768,4.721658522548229,2239.453125,2292.912843698379,2290.5766032209285,
rubpep1,XC242513.ogg,2468.1618430397725,19931.164546446365,0.09951538940276379,-1.285934815225383,2314.8193359375,2464.253662855035,2460.357450941239,
rubpep1,XC242514.ogg,3251.513671875,231.83941841125488,0.0,-1.2500000000000002,3240.7470703125,3251.483113517251,3251.4525550158965,
rubpep1,XC242516.ogg,3671.4111328125,77.27980613708496,0.0,-1.0,3671.4111328125,3671.403239384136,3671.3953459388076,
rubpep1,XC242517.ogg,3060.313678609914,9726.120428792363,1.544623989598756,1.1144886142824078,3025.4150390625,3058.8267990685085,3057.3862048820315,
rubpep1,XC242518.ogg,2582.2843852796054,3171.861516801934,-0.7910279603617287,0.43203904382220015,2551.6845703125,2581.695637619292,2581.099832735446,
rubpep1,XC242519.ogg,2534.4580078125,150.69562196731567,0.27154541788363945,-1.044378698224852,2530.1513671875,2534.434242653782,2534.4104959445963,
rubpep1,XC242520.ogg,2537.7513212316176,42828.92314826741,1.5901042402923031,3.9453399523968526,2519.384765625,2530.3395414290408,2523.3816836461338,
rubpep1,XC243471.ogg,2704.72412109375,3480.7758835645823,1.0265254722085184,-0.3181494145979271,2670.1171875,2704.134934753942,2703.5540408488528,
rubpep1,XC243592.ogg,2583.446044921875,10194.528320902273,0.24576668568699667,-1.5789726808637008,2476.318359375,2581.5821197907662,2579.730128182958,
rubpep1,XC243718.ogg,0.0,0.0,0.0,-3.0,0.0,0.0,0.0,
rubpep1,XC244497.ogg,2678.284954202586,13029.832141152743,0.5447323001008079,-1.5149175608509582,2594.7509765625,2675.970100950232,2673.6910399123326,
rubpep1,XC244824.ogg,2154.6661376953125,186876.09520554543,-0.5705874034374858,-1.2858391979265602,1550.390625,2109.916183892734,2061.921568379359,
rubpep1,XC244825.ogg,2252.6123046875,167.43957996368408,0.47331874922773265,-1.1771449704142014,2239.453125,2252.5793243770163,2252.5464002127615,
rubpep1,XC244883.ogg,2716.4419073807567,257372.727369321,1.2779368044532344,0.4751641021725055,2573.2177734375,2675.1893853297893,2638.9786488000605,
rubpep1,XC244884.ogg,2309.9254261363635,32465.54764834317,-0.9653204148142721,-0.9436012395586295,2400.9521484375,2302.8551848584993,2295.432965638146,
rubpep1,XC244885.ogg,,
rubpep1,XC244918.ogg,1373.5107421875,1137939.6253824234,-0.23144903714026024,-1.8727449646243912,247.6318359375,860.2163852356603,496.0462449709939,
rubpep1,XC245215.ogg,2446.171875,15579.608917236328,2.6088186912315328,4.928625887083227,2400.9521484375,2443.5246781016326,2441.081199422123,
rubpep1,XC245218.ogg,2536.7769681490386,899.1208214026229,-0.7904506217415741,-1.0954101495799353,2551.6845703125,2536.6123890962763,2536.446822418132,
rubpep1,XC245228.ogg,2844.17724609375,46722.66824678941,0.5581524574014881,-1.511019590524464,2659.3505859375,2836.8331972369,2829.6932395191943,
rubpep1,XC245229.ogg,2591.162109375,123.64768981933594,-0.4861359120657514,-0.65625,2594.7509765625,2591.1422009284643,2591.1222669797958,
rubpep1,XC245246.ogg,,
rubpep1,XC245292.ogg,,
rubpep1,XC245340.ogg,,
rubpep1,XC247090.ogg,1157.485489106514,252075.26781693313,2.2647876578940713,4.672700844451705,1012.060546875,1062.3345181132297,804.0860403300761,
rubpep1,XC247454.ogg,2386.5966796875,281.0174768621271,0.2795084971874737,-1.365,2368.65234375,2386.5427780091886,2386.4889436362273,
rubpep1,XC250750.ogg,1602.9931640625,2128482.047817286,0.19846423395164056,-1.724534762291964,2885.44921875,801.9931640112196,403.3142231379277,
rubpep1,XC250751.ogg,1595.849609375,1980284.4252305871,-0.2220120830146848,-1.9483268102938107,64.599609375,533.0818565404104,143.66960502456467,
rubpep1,XC250752.ogg,,
rubpep1,XC252869.ogg,,
rubpep1,XC257123.ogg,2813.31298828125,41108.72639253222,1.4918998511839843,3.093908335152128,2680.8837890625,2806.6646797625867,2800.38908655654,
rubpep1,XC257124.ogg,3155.810546875,370714.2023398326,-0.8813163359603201,-1.2048727504503949,3520.6787109375,3091.299663238844,3019.936991781431,
rubpep1,XC257125.ogg,,
rubpep1,XC257126.ogg,,
rubpep1,XC259151.ogg,2387.109375,3271.22871692364,0.7661460833159912,-1.2340306285847382,2347.119140625,2386.480423940709,2385.8588869401956,
rubpep1,XC259152.ogg,2771.985802283654,126654.17150809214,-0.03711792080761961,-1.8432816541780939,2454.78515625,2750.7265921040967,2729.516870671746,
rubpep1,XC259153.ogg,2876.8359375,175.16756057739258,-0.39343793062104965,-0.8529411764705883,2885.44921875,2876.8085056682876,2876.7810421304953,
rubpep1,XC259154.ogg,2796.08642578125,696.8062520027161,0.31756277028610386,-0.5753226208739206,2799.31640625,2795.974486337103,2795.8627512686685,
rubpep1,XC259155.ogg,2859.9493729440787,61736.39670798653,0.7879911585219884,-1.3712784579943331,2691.650390625,2850.1403275068606,2840.7754796680033,
rubpep1,XC259156.ogg,3068.4814453125,66.23983383178711,0.0,-1.0,3068.4814453125,3068.4720008815593,3068.462556421554,
rubpep1,XC261014.ogg,2782.08984375,36665.40402173996,1.0205512661435026,-0.36713990377796346,2627.05078125,2777.0192295889588,2772.148723473556,
rubpep1,XC264109.ogg,2606.0069691051135,56861.1264499751,1.0124496447532996,-0.9615371297251705,2454.78515625,2596.1635713295213,2586.9061964337757,
rubpep1,XC264765.ogg,2621.9841452205883,151769.58397907365,0.3612132400419004,-1.8579643221628275,2304.052734375,2595.5220400314083,2570.1904643611,
rubpep1,XC264766.ogg,2931.207275390625,255.55026802149686,-0.27195326988891455,-1.2607078329259218,2939.2822265625,2931.16727819473,2931.127242908419,
rubpep1,XC264767.ogg,2994.140625,342414.12502527237,0.6895019588921196,-1.2382307225741505,2487.0849609375,2943.3823699169316,2896.9444291577897,
rubpep1,XC268002.ogg,3149.615478515625,58161.48743033409,-1.2140809381615743,-0.2574931070312836,3273.046875,3140.1068706440856,3129.9851656344863,
rubpep1,XC268685.ogg,86.1328125,850.0778675079346,0.76146385179849,-0.3243801652892566,64.599609375,82.23349807791124,78.71320401417096,
rubpep1,XC275109.ogg,2131.787109375,26197.8542804718,2.454017112659191,4.065114975722453,2067.1875,2126.8853317316875,2122.4938520079095,
rubpep1,XC275925.ogg,2820.849609375,77.27980613708496,0.0,-1.0,2820.849609375,2820.839335844102,2820.829062275789,
rubpep1,XC275926.ogg,2753.0833524816176,6357.684639446875,-2.1542917385791593,3.099853772729534,2777.783203125,2751.9502226258096,2750.7689783498954,
rubpep1,XC278513.ogg,2488.28125,284294.25773295487,-1.6484338761723527,6.0898768099976355,3046.9482421875,2358.9215412922763,1847.0313107439947,
rubpep1,XC278514.ogg,2039.6728515625,1828.9554119110107,0.6535134386295466,-1.133080613965483,2002.587890625,2039.2776505029262,2038.8858266706316,
rubpep1,XC278519.ogg,,
rubpep1,XC283065.ogg,,
rubpep1,XC283331.ogg,,
rubpep1,XC284435.ogg,2717.7978515625,2277.6312094468335,-1.1379157264324014,0.1990300737204027,2745.4833984375,2717.4036107919774,2717.0041778739064,
rubpep1,XC284685.ogg,,
rubpep1,XC28796.ogg,2479.010009765625,54632.432040843094,-0.00537677013333386,-1.9869731763220413,2239.453125,2468.8847466707307,2458.7964429404115,
rubpep1,XC288163.ogg,,
rubpep1,XC288816.ogg,2880.3825827205883,320.4839019214405,1.1242466631938697,1.3386571978270583,2874.6826171875,2880.330456032842,2880.278560649593,
rubpep1,XC288833.ogg,2639.1632080078125,5313.676670193672,-0.5163675606781157,-1.6806945121237775,2691.650390625,2638.274267503699,2637.3776025073203,
rubpep1,XC288907.ogg,2581.591796875,167.43957996368408,0.4431470361295505,-0.45821005917159763,2573.2177734375,2581.563010222427,2581.534263147783,
rubpep1,XC289207.ogg,,
rubpep1,XC295717.ogg,19.086248224431817,197.96677611090922,0.29942694033720496,-0.9082585165801644,10.7666015625,0.0,0.0,
rubpep1,XC295801.ogg,,
rubpep1,XC29707.ogg,2168.3935546875,97537.57084818448,-1.2335127693423473,-0.37957343773770535,1593.45703125,2143.4168477311287,2115.298462492915,
rubpep1,XC299270.ogg,6212.3291015625,77.27980613708496,0.0,-1.0,6212.3291015625,6212.324436651894,6212.319771737775,
rubpep1,XC303099.ogg,,
rubpep1,XC304388.ogg,29.815204326923077,350.73142785292407,-0.5225041104554253,-1.2634120942257974,43.06640625,0.0,0.0,
rubpep1,XC305222.ogg,2306.0465494791665,107029.88945520841,1.643204923107,1.6970915663417125,2056.4208984375,2286.3881817616007,2269.127026417517,
rubpep1,XC306611.ogg,,
rubpep1,XC308014.ogg,,
rubpep1,XC309735.ogg,2297.772216796875,494.4151233543049,-1.04037453867766,0.1653473999034607,2293.2861328125,2297.6729513526693,2297.573037821078,
rubpep1,XC311988.ogg,2325.5859375,157824.68408346176,1.4993114654814643,0.24908199611880644,2142.5537109375,2301.8747656988285,2281.412445756525,
rubpep1,XC316490.ogg,2935.693359375,38.63990306854248,-0.7071067811865475,-1.5,2939.2822265625,2935.688968424545,2935.684573898409,
rubpep1,XC317518.ogg,1920.1676993534484,397391.6072475499,2.6015015659397895,4.77393094218497,1701.123046875,1854.115045940264,1811.4815892261515,
rubpep1,XC319279.ogg,,
rubpep1,XC319687.ogg,,
rubpep1,XC320630.ogg,2653.96728515625,34.77591276168823,0.0,-2.0,2648.583984375,2653.961825413534,2653.9563656820487,
rubpep1,XC32193.ogg,2723.052978515625,171718.36377544838,1.7112820662722605,1.0593331692821444,2476.318359375,2698.073357062692,2676.675029603361,
rubpep1,XC32484.ogg,2807.6698040140086,71207.41563516174,-0.2497155134220669,-0.6040986827964678,2906.982421875,2794.9035404507863,2781.840218984404,
rubpep1,XC32485.ogg,2537.3291015625,115.91970920562744,-0.08838834764831843,-0.9375,2530.1513671875,2537.308791756816,2537.288476980992,
rubpep1,XC327544.ogg,,
rubpep1,XC328010.ogg,3976.791104403409,1709636.5621415048,0.18235932930364418,-1.9663054208852133,2820.849609375,3783.979207255098,3607.084461649728,
rubpep1,XC328013.ogg,,
rubpep1,XC329106.ogg,,
rubpep1,XC329437.ogg,2504.8732591711955,13885.16516789146,4.2365972646851775,16.65011083190666,2476.318359375,2502.5205587661367,2500.4304419977534,
rubpep1,XC332327.ogg,,
rubpep1,XC332415.ogg,1823.8623046875,34.77591276168823,0.40824829046386296,-1.8333333333333333,1819.5556640625,1823.8546837969081,1823.8470689305718,
rubpep1,XC332416.ogg,2172.0448369565215,42924.19777557313,0.8477255155146228,-1.2649354537165798,2034.8876953125,2163.045392853047,2154.5249793154585,
rubpep1,XC334311.ogg,,
rubpep1,XC334721.ogg,2898.556385869565,66790.37063253728,-1.2228009757051048,0.46513393396003044,3036.181640625,2886.6078882389784,2873.6741185299593,
rubpep1,XC334722.ogg,2610.90087890625,193.1995153427124,0.0,-1.3599999999999999,2594.7509765625,2610.8731295969346,2610.8453802050417,
rubpep1,XC334724.ogg,,
rubpep1,XC335237.ogg,2772.7587890625,97.1517562866211,-0.10107482573913668,-0.7120351239669427,2777.783203125,2772.742434067504,2772.7260751366202,
rubpep1,XC335841.ogg,2545.6283569335938,5980.973996222019,-2.0714821548788924,2.6007903719589,2573.2177734375,2544.479704972395,2543.2820956157434,
rubpep1,XC336123.ogg,2936.97509765625,50847.35244512558,-0.6029738019915376,-0.6343634082040808,3133.0810546875,2928.6514930567464,2920.039570936939,
rubpep1,XC337870.ogg,,
rubpep1,XC338183.ogg,,
rubpep1,XC341439.ogg,,
rubpep1,XC341444.ogg,,
rubpep1,XC341482.ogg,2664.73388671875,38.63990306854248,0.0,-2.0,2659.3505859375,2664.728449035644,2664.7230113636365,
rubpep1,XC341870.ogg,2272.291259765625,41724.68922483294,-0.011946777259476876,-1.7852146914997242,2056.4208984375,2263.53934917893,2254.8018382041323,
rubpep1,XC342057.ogg,66.39404296875,776.3107798316262,0.6964141867255941,-0.7954382588399094,43.06640625,61.46129724834888,57.12876605120433,
rubpep1,XC342594.ogg,2527.666766826923,48496.050651256846,1.8941434667586812,1.7115953862701057,2422.4853515625,2519.6340127715484,2512.3689358405913,
rubpep1,XC343328.ogg,14.07940204326923,46.0706536586468,-0.27038736716169537,-0.6363163371488025,10.7666015625,0.0,0.0,
rubpep1,XC345225.ogg,13.033254523026315,46.09672646773489,-0.15888839505850064,-0.5350346020761245,10.7666015625,0.0,0.0,
rubpep1,XC346004.ogg,,
rubpep1,XC348990.ogg,2396.6455078125,65126.2686252594,-0.5247620990648914,-1.371609870281139,2045.654296875,2383.90861410721,2370.723751961793,
rubpep1,XC349941.ogg,7192.08984375,77.27980613708496,0.0,-1.0,7192.08984375,7192.085814329856,7192.081784907466,
rubpep1,XC350002.ogg,2853.91845703125,5839.933042342846,1.868222834490426,1.8785202825041223,2831.6162109375,2852.997604597766,2852.1052633871627,
rubpep1,XC352263.ogg,2491.69921875,83765.78986644745,0.2522397895400564,-1.8839485063061643,2799.31640625,2477.5024280674393,2463.62632159764,
rubpep1,XC353081.ogg,2391.0137469951924,40194.41609199231,0.6509411196451588,-0.9356221533533526,2293.2861328125,2383.489270827516,2376.209537832738,
rubpep1,XC353519.ogg,,
rubpep1,XC353718.ogg,,
rubpep1,XC353719.ogg,,
rubpep1,XC354332.ogg,2819.1496196546054,15613.91030487261,-1.7260885558008112,1.2931940937190411,2853.1494140625,2816.385855802091,2813.476869867503,
rubpep1,XC355492.ogg,,
rubpep1,XC355799.ogg,,
rubpep1,XC358288.ogg,,
rubpep1,XC363103.ogg,2321.9970703125,17816.50803305886,0.6336125888736674,-1.4939881479564927,2497.8515625,2318.5569459767635,2315.1984096087754,
rubpep1,XC364127.ogg,2603.1043743265086,5983.259255462032,-0.09917138746793158,-0.19985723483390538,2540.91796875,2601.9715776810676,2600.835225161428,
rubpep1,XC364324.ogg,,
rubpep1,XC366774.ogg,,
rubpep1,XC367454.ogg,,
rubpep1,XC368221.ogg,43.06640625,115.91970920562744,0.0,-1.5,32.2998046875,42.14982006238937,41.233793218085104,
rubpep1,XC376616.ogg,47.1038818359375,97.28975594043732,0.39104231763265346,-0.46627433227704795,43.06640625,46.212578508557456,45.33305921052632,
rubpep1,XC376617.ogg,3011.0595703125,1661.5158319473267,0.6520121170440463,-1.5,2982.3486328125,3010.8765081146344,3010.6943295859687,
rubpep1,XC376820.ogg,,
rubpep1,XC37721.ogg,2605.517578125,0.0,0.0,-3.0,2605.517578125,2605.5175781249995,2605.5175781250005,
rubpep1,XC377221.ogg,2595.4238891601562,30347.296871244907,-0.06773829514932035,-1.1340606539832654,2379.4189453125,2589.9111796702737,2584.3746522377032,
rubpep1,XC378098.ogg,29.2236328125,27.59993076324463,-0.9486832980505138,-1.1,32.2998046875,28.766571743072596,28.2623291015625,
rubpep1,XC379282.ogg,2480.804443359375,19210.17908237197,-1.7374464422863405,2.2513256949551,2573.2177734375,2477.008164019186,2472.9467798060127,
rubpep1,XC383603.ogg,9.869384765625,51.81259729645469,0.07502411819233917,-0.5808675667911523,10.7666015625,0.0,0.0,
rubpep1,XC385419.ogg,2180.7262073863635,3346.918149427934,-0.5193570491760984,-1.1996701489128203,2088.720703125,2180.022176274894,2179.3118934151785,
rubpep1,XC386700.ogg,,
rubpep1,XC387595.ogg,2905.833984375,8091.112156816431,-1.7566943769548338,2.2128861136547657,2917.7490234375,2904.4075995512576,2902.926486740145,
rubpep1,XC38761.ogg,1643.402099609375,1271507.7423155308,-0.7119902789403091,-1.2892703603094247,0.0,0.0,0.0,
rubpep1,XC387851.ogg,2214.84375,1070.8773136138916,0.7159760587127788,-0.8664310766287593,2185.6201171875,2214.637857447628,2214.433293987021,
rubpep1,XC387853.ogg,2277.13623046875,2975.272536277771,-1.0656053902719391,-0.7343565525383711,2196.38671875,2276.6388493727777,2276.134082999849,
rubpep1,XC387896.ogg,2239.453125,57.95985460281372,0.0,-0.5,2239.453125,2239.442772402782,2239.432419709847,
rubpep1,XC388405.ogg,3.5888671875,30.911922454833984,0.7071067811865475,-1.5,0.0,0.0,0.0,
rubpep1,XC388409.ogg,5.0666360294117645,45.1745925580754,0.9071443431449919,-0.18707725169099376,0.0,0.0,0.0,
rubpep1,XC388412.ogg,5.38330078125,38.63990306854248,0.0,-2.0,0.0,0.0,0.0,
rubpep1,XC389400.ogg,10.048828125,57.40785598754883,0.08297221102000094,-0.8409763313609471,10.7666015625,0.0,0.0,
rubpep1,XC389460.ogg,,
rubpep1,XC389904.ogg,,
rubpep1,XC390629.ogg,,
rubpep1,XC391765.ogg,,
rubpep1,XC393555.ogg,3810.6591796875,383493.8429388507,0.3278118264191138,-1.4000248933377044,3143.84765625,3763.092979944053,3717.175228777692,
rubpep1,XC395339.ogg,2511.84814453125,13327.968496700812,0.9579427529101344,0.09628177387385639,2411.71875,2509.3512351157183,2506.920872037193,
rubpep1,XC39541.ogg,,
rubpep1,XC396180.ogg,2634.049072265625,135592.80911715407,-1.1249272339296994,-0.6820626009614994,2024.12109375,2606.5999846547015,2576.2295967693008,
rubpep1,XC398217.ogg,29.815204326923077,99.57205790739795,-0.1856672437070382,-0.7858097571842286,32.2998046875,27.99937592564887,25.839843750000004,
rubpep1,XC400659.ogg,2580.6198120117188,42916.857339441776,0.09139387407207653,-0.7998688402378709,2627.05078125,2572.820663783061,2565.0237640465625,
rubpep1,XC401684.ogg,2140.475945723684,101.1755356663152,0.39122149279339313,-0.5742534330971782,2131.787109375,2140.452754189822,2140.429590400041,
rubpep1,XC404056.ogg,,
rubpep1,XC405902.ogg,2393.7744140625,900.0824479495777,-0.30399868226713994,-1.4765840220385673,2422.4853515625,2393.5964020374477,2393.4179510297263,
rubpep1,XC408086.ogg,2779.57763671875,436.63090467453003,0.46619795247328716,-1.2832641553763018,2767.0166015625,2779.5123222282054,2779.447146675215,
rubpep1,XC408431.ogg,2442.48046875,69607.02538490295,-0.28839746121168003,-1.9149278639801626,2164.0869140625,2429.994250090074,2417.3272548638515,
rubpep1,XC408946.ogg,2445.4541015625,20813.65978717804,-0.751218476737406,-1.3603181680651468,2540.91796875,2441.3610300057476,2437.1527657640063,
rubpep1,XC409951.ogg,2828.924560546875,106.25973343849182,0.49338220021815865,-1.371900826446281,2820.849609375,2828.9104893824115,2828.8964328207035,
rubpep1,XC411596.ogg,,
rubpep1,XC411840.ogg,,
rubpep1,XC417440.ogg,1224.700927734375,1610547.0398068428,0.00015422102820381416,-1.9993831498226036,21.533203125,293.15337373743796,66.19534585936026,
rubpep1,XC418098.ogg,2223.3976665296054,43503.5192888034,2.0511064883868624,2.6693999852086074,2121.0205078125,2214.827122580172,2207.200504458473,
rubpep1,XC418110.ogg,2350.532941120427,98563.27733106728,-0.048878781663016735,-0.556421153333233,2422.4853515625,2329.6494556072034,2308.3808151429894,
rubpep1,XC419219.ogg,2815.052208533654,62009.61367442057,0.4455894319464206,-1.7496653828797857,2583.984375,2805.1160324566818,2795.4532640854586,
rubpep1,XC419491.ogg,2351.1566162109375,1899.151235818863,-1.8017618901343009,2.392752064858443,2357.8857421875,2350.7695117886683,2350.3737494460197,
rubpep1,XC420126.ogg,,
rubpep1,XC420941.ogg,2414.410400390625,12604.336380958557,-0.8005892850693485,-0.39172591433375636,2217.919921875,2411.8990069417073,2409.3229597199024,
rubpep1,XC421188.ogg,2791.399787454044,1870.935841358919,0.731196031185408,-0.08340460310898568,2799.31640625,2791.0768498292045,2790.7562289710754,
rubpep1,XC421824.ogg,2543.751284950658,118480.7890967319,1.4194101231655265,0.019123167924294027,2368.65234375,2524.0321297517594,2506.5730931010066,
rubpep1,XC421825.ogg,2453.5888671875,5692.945718765259,-0.7612179161585251,-1.3221291409881044,2497.8515625,2452.541944383809,2451.4796922530622,
rubpep1,XC423154.ogg,,
rubpep1,XC424453.ogg,2674.423828125,498.454749584198,0.1579875514375958,-1.4908058409951324,2648.583984375,2674.3493333129077,2674.274897090588,
rubpep1,XC427288.ogg,2525.6180612664475,994144.3734733681,3.936610583655673,13.705612220326856,2185.6201171875,2427.4084095516973,2375.1795232562718,
rubpep1,XC427289.ogg,2680.2108764648438,7518.84213835001,1.9733124329994602,3.8475452523629725,2616.2841796875,2678.946273312835,2677.7296581820365,
rubpep1,XC427290.ogg,2550.3387451171875,16110.769584774971,1.125581414199555,0.7709491603058152,2530.1513671875,2547.6624035567756,2545.0702541303285,
rubpep1,XC427291.ogg,2715.875244140625,46218.30986392113,-0.17847667437562145,-0.24794474816979273,2788.5498046875,2707.4968798136115,2698.9742259726568,
rubpep1,XC427292.ogg,2719.6435546875,2040.186882019043,0.45797745899880005,-0.3306167737985919,2734.716796875,2719.307514089138,2718.9730026459897,
rubpep1,XC428756.ogg,,
rubpep1,XC429399.ogg,2613.592529296875,26090.214550495148,-2.1814079688361807,2.907271683660494,2680.8837890625,2608.813328928163,2603.5916984022774,
rubpep1,XC430773.ogg,2655.435458096591,99.05866059389982,-0.019750619609236953,-0.7688999547306472,2648.583984375,2655.41850069678,2655.40154234039,
rubpep1,XC433273.ogg,,
rubpep1,XC433929.ogg,2374.03564453125,289.7992730140686,-0.5333333333333333,-1.0518518518518525,2390.185546875,2373.980578172246,2373.9253777939234,
rubpep1,XC437955.ogg,2491.7660920516305,32613.758185635437,-0.4628671931047532,-0.2894945142560603,2465.5517578125,2485.330670489953,2478.7109988804905,
rubpep1,XC439071.ogg,10.7666015625,77.27980613708496,0.0,-1.2500000000000002,10.7666015625,0.0,0.0,
rubpep1,XC441550.ogg,2349.3857935855262,5520.082994511253,3.003949021852955,8.556052645719413,2314.8193359375,2348.3360993860956,2347.3456429560733,
rubpep1,XC442183.ogg,2849.0084134615386,1073.0003852110642,0.25225980463623426,-1.3477375096876212,2810.0830078125,2848.8348984901063,2848.661703229921,
rubpep1,XC443477.ogg,2384.033203125,9107.977151870728,0.6409005547464135,-0.7007749621008359,2304.052734375,2382.2864138156797,2380.566938427713,
rubpep1,XC445245.ogg,2866.0693359375,106769.78015899658,-0.2645555464324163,-1.8199795235296399,2497.8515625,2848.915298020235,2831.508834876619,
rubpep1,XC446814.ogg,2478.11279296875,177128.72506941066,0.9902291835831677,-1.015931259543082,2239.453125,2447.4621883251916,2420.0843432150873,
rubpep1,XC450643.ogg,,
rubpep1,XC453857.ogg,43.06640625,115.91970920562744,0.0,-1.5,32.2998046875,42.14982006238937,41.233793218085104,
rubpep1,XC454930.ogg,3078.17138671875,63.111841678619385,0.13994169096209913,-0.9604331528529775,3079.248046875,3078.162162420027,3078.1529401990438,
rubpep1,XC455475.ogg,,
rubpep1,XC459568.ogg,,
rubpep1,XC460422.ogg,2989.0777587890625,41132.86681473255,-1.4669454172109977,1.6710558858246491,3036.181640625,2982.626914683602,2975.7130178626453,
rubpep1,XC462008.ogg,2816.148698833627,37351.75599010898,-0.745649544950829,-0.4005037774704112,2465.5517578125,2809.3541486487716,2802.300153152,
rubpep1,XC463396.ogg,366.064453125,163292.23036766052,0.0,-1.9990537024423882,10.7666015625,104.40969448717173,28.146563469923144,
rubpep1,XC463584.ogg,,
rubpep1,XC4646.ogg,0.0,0.0,0.0,-3.0,0.0,0.0,0.0,
rubpep1,XC469143.ogg,2851.611328125,441.59889221191406,-1.0939504280644987,0.30109374999999927,2853.1494140625,2851.5446251991016,2851.477586403204,
rubpep1,XC470054.ogg,2007.2021484375,33.119916915893555,0.28867513459481287,-1.9166666666666667,2002.587890625,2007.195080376099,2007.1880159480281,
rubpep1,XC470845.ogg,,
rubpep1,XC472033.ogg,2539.5721435546875,4551.91858112812,-0.986764794629788,-0.8317323947943596,2433.251953125,2538.7747345828525,2537.964174560195,
rubpep1,XC47377.ogg,,
rubpep1,XC47378.ogg,2798.23974609375,194473.34414720535,0.8965986176102907,-1.160065620965085,2519.384765625,2769.3579927517276,2743.051390249547,
rubpep1,XC47379.ogg,2849.560546875,52174.90911483765,-1.435163943331005,0.24411488458781205,2971.58203125,2840.3030716719013,2830.3099659639383,
rubpep1,XC474820.ogg,2568.784466911765,51034.504328580464,-0.1321319858114935,-0.9405427842451872,2271.7529296875,2559.312094672164,2549.7350042442986,
rubpep1,XC482819.ogg,1549.5624248798076,1057409.1843229074,-0.10978056557343428,-1.2140518743774358,247.6318359375,1070.7708264586593,627.4766646895416,
rubpep1,XC484429.ogg,,
rubpep1,XC486137.ogg,2490.673828125,28361.68885231018,-3.0343449416530577,8.176405857727271,2465.5517578125,2484.508996615957,2477.348960091282,
rubpep1,XC491665.ogg,2466.62841796875,62737.03461885452,-0.32820320810845827,-1.6077931198090527,2142.5537109375,2454.8910871339453,2442.923624440559,
rubpep1,XC491740.ogg,,
rubpep1,XC491923.ogg,2613.1439208984375,21283.656608151352,0.3625452412331434,-1.599759786064411,2487.0849609375,2609.2876534262246,2605.4841093289438,
rubpep1,XC493294.ogg,,
rubpep1,XC495210.ogg,3002.08740234375,71023.65455844185,-0.6280010787662994,-1.0166307842522666,3165.380859375,2990.7944717006244,2979.07207742217,
rubpep1,XC502088.ogg,2481.984991776316,159.30486352820148,0.7855255094747964,0.0041376188320376706,2476.318359375,2481.9546664912964,2481.924418902883,
rubpep1,XC506017.ogg,,
rubpep1,XC508237.ogg,,
rubpep1,XC509677.ogg,,
rubpep1,XC511661.ogg,,
rubpep1,XC511875.ogg,,
rubpep1,XC51694.ogg,2463.75732421875,25351.289131424644,-0.5446372908256627,-0.8163122846924584,2444.0185546875,2458.9190035807947,2453.960813927312,
rubpep1,XC51696.ogg,,
rubpep1,XC51697.ogg,2825.818810096154,22345.75317456172,-0.8209493567203748,-1.3048902638987003,2917.7490234375,2822.0616301410005,2818.201136388818,
rubpep1,XC51698.ogg,2847.4072265625,693.3102607727051,-0.32224472542474486,-1.0491145685423346,2874.6826171875,2847.29337400726,2847.179299231126,
rubpep1,XC519749.ogg,2529.3231670673076,5302.583621098444,0.3380155421931179,-1.6067729280198662,2465.5517578125,2528.361282793141,2527.405507321117,
rubpep1,XC520395.ogg,2255.60302734375,11255.803763866425,-1.2282323813123464,0.15321989603761388,2325.5859375,2253.4452571897527,2251.2074979779413,
rubpep1,XC520577.ogg,2791.6259765625,491.2787675857544,-1.4022137777282127,0.8449059462189124,2788.5498046875,2791.550030106198,2791.4735556792775,
rubpep1,XC521273.ogg,2043.5009765625,3906.494200229645,-0.3744415582888616,-1.7846111174704362,1970.2880859375,2042.7308796374555,2041.955727793846,
rubpep1,XC521599.ogg,,
rubpep1,XC523856.ogg,2732.765350341797,981406.6916151006,-1.6226238966729227,1.9234375703302398,2777.783203125,2227.531060399506,1113.2761437388585,
rubpep1,XC532482.ogg,1245.3369140625,1458996.3719844818,0.7070941987073776,-1.499928659384574,462.9638671875,847.2091246624843,644.88504672171,
rubpep1,XC534665.ogg,,
rubpep1,XC535973.ogg,2640.6087239583335,97609.67924044684,0.7176280181406182,-1.194276600045892,2508.6181640625,2623.6567034909494,2607.6224114933007,
rubpep1,XC537289.ogg,,
rubpep1,XC537293.ogg,,
rubpep1,XC539281.ogg,,
rubpep1,XC540089.ogg,,
rubpep1,XC541459.ogg,,
rubpep1,XC543329.ogg,,
rubpep1,XC545923.ogg,,
rubpep1,XC547257.ogg,2786.8934044471152,3938.297812755291,-0.38622162190115406,-1.4457959416162376,2713.18359375,2786.2373851375205,2785.5777157190623,
rubpep1,XC551375.ogg,,
rubpep1,XC551379.ogg,,
rubpep1,XC551382.ogg,,
rubpep1,XC552908.ogg,,
rubpep1,XC554959.ogg,2554.2685546875,34179.69905734062,0.997356291627677,1.9816750880625627,2551.6845703125,2548.0849528722383,2542.1134247878754,
rubpep1,XC554962.ogg,2778.680419921875,77422.9494143616,-1.1381216659063391,-0.6785901187001375,2314.8193359375,2764.8591319140137,2750.0034539661506,
rubpep1,XC555865.ogg,3060.94482421875,38898.790419101715,-1.0714637801459141,-0.12782442138187333,3111.5478515625,3054.9490100908156,3048.671462028817,
rubpep1,XC556264.ogg,2232.601651278409,8263.921087438412,-0.7759013087072897,-0.9476932880597433,2260.986328125,2230.796426081309,2228.9532522935833,
rubpep1,XC556265.ogg,2209.306640625,18361.681938171387,1.1874758664887146,1.2917611392639454,2067.1875,2205.7170962967907,2202.269083644216,
rubpep1,XC556266.ogg,2808.0642700195312,76433.10926109552,0.5293251633355952,-1.7010196092754164,2605.517578125,2795.691402463361,2783.7685049337797,
rubpep1,XC556267.ogg,2938.3034446022725,90559.88918651232,-0.43571050080354906,-1.6626771629309127,3197.6806640625,2923.099201043305,2907.4929173979026,
rubpep1,XC556268.ogg,3020.390625,80219.60021690889,-0.964329015945534,-0.9522628287516137,3186.9140625,3006.533935609988,2991.833751782903,
rubpep1,XC556269.ogg,3129.4921875,28857.955559190497,-2.4381777180833772,4.158192817932705,3165.380859375,3124.4867001091284,3118.99294222648,
rubpep1,XC5619.ogg,25.83984375,34.77591276168823,0.40824829046386296,-1.8333333333333333,21.533203125,25.32474848307524,24.84600360576923,
rubpep1,XC562884.ogg,,
rubpep1,XC566556.ogg,2068.1662819602275,1202.35334743153,-1.773360609773735,3.2159386400818697,2067.1875,2067.8832192213968,2067.594412056733,
rubpep1,XC572378.ogg,156.84980912642047,207.02573858658303,0.29597015410790134,0.6812582388954072,161.4990234375,156.20842093676012,155.56815145607447,
rubpep1,XC575147.ogg,2657.197265625,74037.91826963425,1.4985323758344848,0.24804335926891197,2530.1513671875,2646.9586557977054,2637.596528778924,
rubpep1,XC575598.ogg,1489.8284912109375,2338529.023602605,0.020723146947357933,-1.9748458791018872,64.599609375,432.0254320152114,124.64588956787586,
rubpep1,XC575916.ogg,1356.591796875,2225658.416748047,0.0,-2.0,64.599609375,413.6393245177569,126.12304687500003,
rubpep1,XC576071.ogg,2478.0183490953946,240006.51101815075,2.1001801765585713,3.026724957466193,2217.919921875,2439.7602148675896,2409.319219240758,
rubpep1,XC576265.ogg,2740.638427734375,40711.917028615346,-0.46295438118202864,-1.0229684580847351,2659.3505859375,2733.3969760128875,2725.9783803767277,
rubpep1,XC576268.ogg,2885.44921875,12254.369258880615,-0.51425497199209,-1.6771658144631119,2960.8154296875,2883.56730286489,2881.6629716751518,
rubpep1,XC578753.ogg,2629.4612144356342,28476.979417910894,-0.5867344751444308,0.0073623599331567036,2594.7509765625,2623.964853804711,2618.2986710508208,
rubpep1,XC581262.ogg,,
rubpep1,XC584550.ogg,2519.031762295082,52492.18163040818,0.8612849065744634,-0.4439164471598427,2476.318359375,2509.2356913093627,2499.890990694287,
rubpep1,XC591280.ogg,143.5546875,347.7591276168823,0.22113449066792581,-1.3541666666666665,129.19921875,142.48849103658534,141.4395744158105,
rubpep1,XC599430.ogg,2612.43896484375,58399.61349964142,0.2900550216301671,-0.5597617791935101,2304.052734375,2601.7707620239585,2591.2246401059765,
rubpep1,XC601784.ogg,3026.18408203125,5465.423212601589,-0.2880852635767067,-1.842528110245816,3079.248046875,3025.3416156170892,3024.495519296602,
rubpep1,XC602833.ogg,2566.5921724759614,3603.9140362005965,0.05693334181534208,-1.2817657136783918,2508.6181640625,2565.9444520771635,2565.2972166846043,
rubpep1,XC608428.ogg,2735.9130859375,32238.559126853943,0.7052069957165709,-1.4972686691272112,2616.2841796875,2730.818825889672,2725.876608987384,
rubpep1,XC609901.ogg,2391.26220703125,552.5506138801575,0.4740262850473536,-0.7201982167017129,2379.4189453125,2391.1585236686024,2391.0551397676104,
rubpep1,XC616847.ogg,254.8095703125,484456.0647010803,3.4564986142563012,9.99402899118533,53.8330078125,86.41283453962251,65.73167836863367,
rubpep1,XC616848.ogg,194.47174072265625,335770.3186595632,3.6865219340060977,11.784290956155663,43.06640625,60.93328453409604,50.47504928024056,
rubpep1,XC618511.ogg,2084.87548828125,54528.75859462298,1.908035494824578,1.8637837712162808,1959.521484375,2074.1413107703747,2064.6921298983716,
rubpep1,XC63346.ogg,2416.025390625,14872.498691082,-0.40431587958375587,-1.8313083314450194,2282.51953125,2413.531388359035,2411.0091564126765,
rubpep1,XC63347.ogg,2663.6572265625,652607.3548793793,2.2983630741339147,3.8700182936372967,2347.119140625,2584.1079102311987,2527.1884710529844,
rubpep1,XC63348.ogg,2487.0849609375,66.23983383178711,0.0,-1.0,2487.0849609375,2487.0733086894197,2487.0616563867466,
rubpep1,XC63349.ogg,73.57177734375,158.42360258102417,-0.48756686638394087,-1.0101130279595483,75.3662109375,72.60973631814814,71.58795761873351,
rubpep1,XC63350.ogg,2214.983575994318,5751.725207675588,-0.021248543231462507,-1.681309660593485,2164.0869140625,2213.8021759810276,2212.6204463139024,
rubpep1,XC63351.ogg,2593.98193359375,133.116589142726,-0.6354506079535231,-0.7546072663171626,2594.7509765625,2593.95806398081,2593.9341507779036,
rubpep1,XC6908.ogg,3302.655029296875,5419.246405363083,-0.16608793430478508,-1.8046430262081008,3219.2138671875,3301.9010642027624,3301.1454267511203,
rubpep1,XC69962.ogg,2026.9921875,14646.73125743866,2.9637339236554947,7.821653048594529,1970.2880859375,2023.9545128105694,2021.2159649677747,
rubpep1,XC69964.ogg,,
rubpep1,XC69965.ogg,2367.755126953125,241.4993941783905,0.9073846864456624,-0.08386115702479335,2357.8857421875,2367.7085546928374,2367.6621575499225,
rubpep1,XC75011.ogg,2659.3505859375,32277.199029922485,1.1823413983885096,-0.17095857412282411,2605.517578125,2653.8726046126017,2648.6621452928,
rubpep1,XC82208.ogg,2661.50390625,33868.07840748837,0.3429048730822123,-1.2030781237548605,2497.8515625,2655.535294464395,2649.6519740012573,
rubpep1,XC82209.ogg,2190.234375,99955.90925216675,0.5570553961652872,-1.3084218256472502,1894.921875,2171.456921638532,2153.590803800542,
rubpep1,XC82210.ogg,2865.1123046875,882.27778673172,0.6357792934614874,-0.3497655708881662,2853.1494140625,2864.975996254579,2864.8402398635635,
rubpep1,XC82211.ogg,2791.812411221591,6132.767342708327,-1.4542315989841266,1.2323674872962718,2810.0830078125,2790.7172289073615,2789.5911482490114,
rubpep1,XC82212.ogg,2254.40673828125,27781.71148370294,0.43908490643523107,-0.5559385743808147,2336.3525390625,2248.683089102115,2243.0589962793765,
rubpep1,XC82213.ogg,2556.298828125,44024.1625028498,0.3299277178189661,-1.7622819260878695,2379.4189453125,2548.063255700439,2539.989894502908,
rubpep1,XC82214.ogg,2199.323064630682,94.8433984409679,0.29514591494899534,-0.5325925925926134,2196.38671875,2199.3034787968754,2199.283908910641,
rubpep1,XC82215.ogg,2211.9384765625,8436.378836631775,-2.3496469544896135,3.77032704970573,2228.6865234375,2210.130505596123,2208.2032222376215,
rubpep1,XC82216.ogg,2701.34033203125,9736.035365807382,0.5440210047612365,-1.5504769137924261,2637.8173828125,2699.6494619855966,2697.9807917733892,
rubpep1,XC82217.ogg,4786.243785511364,2684112.3357686126,-0.554769690513468,-1.6586103277234456,5932.3974609375,4467.553336661579,4126.060550657083,
rubpep1,XC8832.ogg,,
rubpep1,XC8833.ogg,,
