primary_label,filename,mean,variance,skewness,kurtosis,mode,gmean,hmean
rucspa1,XC112733.ogg,4745.878092447917,41697.76130959671,-4.182259212785774,17.69219440748305,4726.5380859375,4740.959228465217,4735.332117178571,
rucspa1,XC113163.ogg,4032.3263417119565,100659.08567000754,0.15541168355639084,0.00902638636450881,3972.8759765625,4020.3917595007465,4008.4380066103868,
rucspa1,XC113554.ogg,6485.80078125,520592.10205078125,-1.8153402268671928,1.9746219523421091,6642.9931640625,6442.260078679667,6391.8556229986825,
rucspa1,XC119370.ogg,1574.31640625,3593719.0463909735,0.3812865999385757,-1.8485403579968251,32.2998046875,226.09533791069543,53.36139154145154,
rucspa1,XC120810.ogg,4657.466195913462,28.589812895426384,-0.34341479758015225,-1.8820662768030285,4661.9384765625,4657.463173097902,4657.460149495677,
rucspa1,XC120812.ogg,4369.973575367647,128.7049712503658,-0.42414538463749735,-1.0124336651901567,4382.0068359375,4369.959705612117,4369.945825943073,
rucspa1,XC127683.ogg,4863.1911057692305,548.389393549699,-0.14514712776771488,-1.7719280851345165,4888.037109375,4863.13903747229,4863.086946179598,
rucspa1,XC128171.ogg,5169.04541015625,191.911518573761,-1.181013533741543,1.8059546867258236,5167.96875,5169.028669295826,5169.011894631478,
rucspa1,XC128172.ogg,4217.27783203125,90830.82014322281,-0.9943064788874835,1.5372491487035482,4285.107421875,4207.0499681679585,4196.227935350337,
rucspa1,XC128185.ogg,4123.140285326087,196573.25233395395,2.1713288213151363,2.759795949692939,3919.04296875,4103.2597606639765,4085.9995499098604,
rucspa1,XC128209.ogg,,
rucspa1,XC128986.ogg,4436.668043870192,264286.53393800446,-1.9181905539853683,1.6808778199295809,4640.4052734375,4404.369530447716,4366.749512577592,
rucspa1,XC128991.ogg,,
rucspa1,XC128992.ogg,,
rucspa1,XC143490.ogg,15.380859375,110.39972305297852,0.2134537420613656,-0.7324999999999999,10.7666015625,0.0,0.0,
rucspa1,XC143491.ogg,5.38330078125,33.119916915893555,0.0,-2.0,0.0,0.0,0.0,
rucspa1,XC145049.ogg,5137.497236143868,431402.9370055835,0.5214763683916431,-0.9149377597482102,4812.6708984375,5097.613898446619,5059.141708933023,
rucspa1,XC145437.ogg,3636.8446751644738,873475.3456554915,0.2990592250221037,-1.879166614757179,2702.4169921875,3526.7240330241157,3424.6544196363707,
rucspa1,XC145694.ogg,4245.317807404891,254732.87370836313,0.2341351817432841,-0.9768858946212138,3606.8115234375,4216.85856431346,4188.741772585496,
rucspa1,XC145726.ogg,4533.81591796875,360650.68727731705,-0.5408122525004171,-1.5950808807290762,4984.9365234375,4496.1096066125365,4456.844410971528,
rucspa1,XC145727.ogg,3894.818115234375,28.97992730140686,-1.1547005383792515,-0.666666666666667,3897.509765625,3894.8153224208154,3894.812527032872,
rucspa1,XC146411.ogg,4482.008491128178,81463.77820114445,0.9320657184404021,7.485195882802945,4468.1396484375,4473.270189309278,4464.622934083401,
rucspa1,XC149126.ogg,5429.175866168478,243454.75654592633,-0.9349410848895493,-0.9223467793393243,5835.498046875,5406.392774738926,5382.316329995262,
rucspa1,XC149234.ogg,,
rucspa1,XC149663.ogg,3903.251953125,90580.76477050781,-0.09899192224751983,-1.9102497749191485,3574.51171875,3892.3510480130426,3881.422110911292,
rucspa1,XC149778.ogg,,
rucspa1,XC149790.ogg,,
rucspa1,XC152363.ogg,,
rucspa1,XC152564.ogg,,
rucspa1,XC153313.ogg,,
rucspa1,XC153603.ogg,,
rucspa1,XC154201.ogg,21.533203125,57.95985460281372,0.0,-0.5,21.533203125,20.32922814848886,18.99988511029412,
rucspa1,XC154558.ogg,4114.480192764946,40066.835488962104,0.0126433559705234,-1.4183718519851716,3865.2099609375,4109.713003717133,4104.946867915113,
rucspa1,XC155427.ogg,4477.451303842905,26163.94958951569,-1.5260980000547744,2.3187099535403615,4543.505859375,4474.454101185111,4471.335638796829,
rucspa1,XC155966.ogg,3913.65966796875,7231.344212503995,0.5085932411346257,-0.7532874928228326,3800.6103515625,3912.793048289433,3911.932397165323,
rucspa1,XC157215.ogg,5492.9443359375,3656352.3805886507,0.3891180093175261,-1.369352453234084,3617.578125,5178.659103703414,4895.594604065974,
rucspa1,XC157433.ogg,4659.5458984375,217903.29337120056,-1.2382227084384174,0.8845197411233756,4188.2080078125,4634.503374525737,4606.908439080282,
rucspa1,XC157880.ogg,3904.9402371258802,486844.86591983854,-4.378090356655878,21.58248200076221,3886.7431640625,3647.9146166265073,2287.1386800714167,
rucspa1,XC1610.ogg,50.244140625,38.63990306854248,-0.7071067811865475,-1.5,53.8330078125,49.9741375884579,49.69200721153847,
rucspa1,XC165282.ogg,,
rucspa1,XC166280.ogg,30.28106689453125,250.67637115716934,0.07256651240090062,-0.7395502689698952,21.533203125,0.0,0.0,
rucspa1,XC166796.ogg,4098.486328125,1304.0967285633087,-1.0423804139073547,-0.4985185185185186,4037.4755859375,4098.344084166967,4098.201013952755,
rucspa1,XC167442.ogg,18.45703125,66.23983383178711,0.4592793267718459,-0.8958333333333335,10.7666015625,16.953199630370477,15.593009159482758,
rucspa1,XC169883.ogg,,
rucspa1,XC1725.ogg,5169.3145751953125,87371.676304648,-0.005394770234595521,-1.6859918716197164,5512.5,5161.115413651642,5152.9193838583,
rucspa1,XC1726.ogg,5016.563415527344,134999.61034208536,-1.5140203749358367,0.42066829762422575,5178.7353515625,5002.942011111755,4988.279790139319,
rucspa1,XC172965.ogg,,
rucspa1,XC173317.ogg,5255.89599609375,89898.39930986536,-0.4003712857968008,-0.4760281750218942,5146.435546875,5247.477668112974,5238.907051127885,
rucspa1,XC175785.ogg,,
rucspa1,XC180607.ogg,3684.100341796875,52653.76791357994,0.5603493075939053,-0.6103310416640984,4112.841796875,3677.3439837624746,3670.724577595767,
rucspa1,XC180922.ogg,5051.33056640625,61732.213139534,-0.05383378964464913,-0.8049783070301646,4651.171875,5045.367471833961,5039.384019251941,
rucspa1,XC181051.ogg,5459.972034801136,786346.8360189687,-5.341565161313988,27.051586170803482,5469.43359375,5233.371553093794,4406.235806805837,
rucspa1,XC181052.ogg,4355.628662109375,227525.6799694739,-0.24981973989677952,-1.7527345440407527,3736.0107421875,4330.262180868515,4304.526315524619,
rucspa1,XC182800.ogg,,
rucspa1,XC1837.ogg,2572.14111328125,2561.026127173983,-0.10833249517489538,-1.4420146199057633,2508.6181640625,2571.6591011765845,2571.176407866387,
rucspa1,XC186856.ogg,6529.046630859375,25132.622407241302,0.328151112988133,-1.8445598128384209,6406.1279296875,6527.291006975257,6525.54467940605,
rucspa1,XC186885.ogg,1639.4597833806818,3251735.422383655,0.1824163112504034,-1.966432511841944,3520.6787109375,407.2555930748013,117.15374647991018,
rucspa1,XC186886.ogg,3162.689208984375,1953063.5605752468,-1.4953568063913767,1.0991284405676067,3919.04296875,1803.3914130265998,173.4276900843792,
rucspa1,XC193823.ogg,,
rucspa1,XC195820.ogg,3743.1884765625,25946.694910526276,-0.8994207705423738,-1.088202205639789,3822.1435546875,3739.8002342486106,3736.326421700791,
rucspa1,XC1973.ogg,4912.103630514706,322163.0330033162,-0.8225782193277211,-0.8859416768979327,5243.3349609375,4878.973827989772,4843.640736042849,
rucspa1,XC1974.ogg,3687.844366776316,19015.57756097693,-3.9108614629144443,13.602269016183765,3714.4775390625,3685.1405095736914,3682.1461219978105,
rucspa1,XC197554.ogg,4099.921875,81.14379644393921,0.3436215967445456,-1.153061224489796,4091.30859375,4099.913961924545,4099.90605240244,
rucspa1,XC198022.ogg,4955.712890625,148752.58684158325,-0.2886751053722123,-1.9145462192739982,5264.8681640625,4942.650028593976,4929.437745186714,
rucspa1,XC198029.ogg,3816.537803460744,422765.1670612087,0.05738057557469657,-1.8777998151602369,4478.90625,3761.472389505135,3707.358747969585,
rucspa1,XC199055.ogg,5081.8359375,14106.536920254048,1.873116773330172,1.8026470357898035,5017.236328125,5080.582033378968,5079.362319717614,
rucspa1,XC199056.ogg,73.40864701704545,590.136701410467,0.6770295285935035,-0.033317721619898766,53.8330078125,69.68598147214006,66.13685631839799,
rucspa1,XC200411.ogg,4766.015625,218.201805563534,-1.484375,1.4296875,4769.6044921875,4765.993940489369,4765.9721909583695,
rucspa1,XC201965.ogg,3867.5289212740386,45858.8958437053,-0.16962966828288475,-0.6441109324345002,3822.1435546875,3861.638339089969,3855.695512118276,
rucspa1,XC202064.ogg,5176.94091796875,158.42360258102417,-0.48756686638394087,-1.0101130279595483,5178.7353515625,5176.928157981915,5176.915388765519,
rucspa1,XC2047.ogg,3537.9052734375,72903.83711457253,0.09196008563317322,-1.9658642947199187,3273.046875,3528.0448924246357,3518.2554385715553,
rucspa1,XC211069.ogg,4436.668043870192,746203.4050088661,-0.15310322027059217,-1.9748751591094902,3542.2119140625,4356.794810581915,4276.829767031744,
rucspa1,XC212327.ogg,4765.5670166015625,70245.4117834568,1.0936431129236672,-0.7027280577685087,4597.3388671875,4758.911927283453,4752.512932621407,
rucspa1,XC212328.ogg,3985.6001420454545,693406.013714319,0.5737460162493306,-1.634647585552811,3359.1796875,3906.5574484757567,3834.5094784471903,
rucspa1,XC212329.ogg,3784.46044921875,6839.262843132019,1.1414827815093807,-0.6762424590634875,3746.77734375,3783.792294312162,3783.1337028396174,
rucspa1,XC212671.ogg,,
rucspa1,XC212672.ogg,,
rucspa1,XC212673.ogg,,
rucspa1,XC212674.ogg,,
rucspa1,XC212675.ogg,,
rucspa1,XC212745.ogg,4085.3271484375,264.0393376350403,0.11236892623692388,-0.5911659726353364,4080.5419921875,4085.298431171993,4085.2697216091165,
rucspa1,XC2143.ogg,,
rucspa1,XC216177.ogg,4573.90567555147,285644.0628495286,1.766206295774299,2.0901508428585815,4188.2080078125,4547.726345604336,4524.422048510115,
rucspa1,XC234636.ogg,3620.8284198113206,58313.50865903891,2.1952832262022834,7.704061193205943,3596.044921875,3613.481418403127,3606.671931883434,
rucspa1,XC234653.ogg,,
rucspa1,XC236119.ogg,3955.5104901713707,3343.7227087636147,0.050146854444494945,-1.1043174630553587,3994.4091796875,3955.101595989211,3954.692865454552,
rucspa1,XC236276.ogg,2000.865234375,2973.0329990386963,0.3516295160242203,-0.6404521171450095,1948.7548828125,2000.1412703609826,1999.4214515128072,
rucspa1,XC236278.ogg,4587.976604959239,1172.942512120183,-0.1648390443862348,-1.2920646667480498,4608.10546875,4587.854232784841,4587.731761148781,
rucspa1,XC236279.ogg,4152.06298828125,5737.718939781189,0.8787201867776222,-0.9262450619757923,4102.0751953125,4151.403544398953,4150.750972507235,
rucspa1,XC236400.ogg,3978.9614470108695,31775.66428806471,-0.26979890952303204,-1.2079403930997934,3994.4091796875,3975.0191461320223,3971.0435424307916,
rucspa1,XC238532.ogg,4262.0361328125,313913.8845205307,1.2220356960099021,-0.4943704755941378,3919.04296875,4230.1321327153555,4201.3853719696135,
rucspa1,XC240065.ogg,3853.021355395047,96900.12823860602,0.8919441168811916,-0.34281001880550566,3574.51171875,3841.1952468433137,3829.8809534799843,
rucspa1,XC241231.ogg,4613.48876953125,193.1995153427124,0.0,-1.3599999999999999,4597.3388671875,4613.473065559042,4613.457361571877,
rucspa1,XC241252.ogg,0.0,0.0,0.0,-3.0,0.0,0.0,0.0,
rucspa1,XC241291.ogg,0.0,0.0,0.0,-3.0,0.0,0.0,0.0,
rucspa1,XC241292.ogg,4784.337736430921,1934.7067255722848,-1.5385990261741092,2.5186933201854567,4801.904296875,4784.144388954015,4783.9492197968275,
rucspa1,XC241293.ogg,4613.48876953125,193.1995153427124,0.0,-1.3599999999999999,4597.3388671875,4613.473065559042,4613.457361571877,
rucspa1,XC241314.ogg,0.0,0.0,0.0,-3.0,0.0,0.0,0.0,
rucspa1,XC243294.ogg,4411.07666015625,310.40722131729126,-0.295082537571169,-1.1636507635887816,4425.0732421875,4411.044969772212,4411.013255630245,
rucspa1,XC243295.ogg,4994.460824819712,4584.1786540471585,-0.2632226543264638,-1.3752235206809988,4888.037109375,4994.018476071654,4993.5750880954465,
rucspa1,XC243296.ogg,3706.7580888856132,105403.90725448966,-0.3545353793452471,0.15868308947049226,3542.2119140625,3692.369028700986,3677.4877736443777,
rucspa1,XC243297.ogg,3661.6233132102275,2792.611176317388,1.2677589598453818,0.22686934852258567,3639.111328125,3661.2805889009765,3660.941785563688,
rucspa1,XC243298.ogg,3787.53662109375,573.866252715771,0.7574039761213835,-0.46888584764000063,3768.310546875,3787.4664889859946,3787.3965707027382,
rucspa1,XC243299.ogg,3958.3824744591348,543839.0991183427,2.089241641424258,3.0108311962768486,3606.8115234375,3904.6748135272574,3861.103395421756,
rucspa1,XC243300.ogg,4906.129439835696,47943.7792650664,0.6621274349088042,-0.5756809359683972,4661.9384765625,4901.379786288769,4896.716932749573,
rucspa1,XC243301.ogg,5096.347443953804,84395.96283105994,1.659442977145601,1.7348952191906015,4941.8701171875,5088.868574883362,5081.8080906620235,
rucspa1,XC243303.ogg,4758.837890625,115.91970920562744,0.0,-1.5,4748.0712890625,4758.829771002123,4758.821651379249,
rucspa1,XC243304.ogg,3805.3207397460938,8778.502978384495,-1.2540864348863114,0.4163097684327628,3875.9765625,3804.216892851243,3803.0902481233225,
rucspa1,XC243305.ogg,4427.2265625,81.14379644393921,-0.3436215967445456,-1.153061224489796,4425.0732421875,4427.2192280837235,4427.211890602568,
rucspa1,XC247787.ogg,3548.009314903846,668997.965823687,-3.1748630382483727,8.081259121094098,3779.0771484375,3344.087122657159,2905.6125855517103,
rucspa1,XC251798.ogg,3973.318439640411,28440.380161755704,-0.2384232658806617,1.6386226563219939,4263.57421875,3969.7506987641555,3966.136016256193,
rucspa1,XC259937.ogg,3809.2236328125,81.14379644393921,0.3436215967445456,-1.153061224489796,3800.6103515625,3809.2151161454526,3809.2066035938456,
rucspa1,XC259938.ogg,3947.6158728966348,326883.7713690905,1.7968582612041455,1.4006793788699872,3639.111328125,3913.320471380727,3884.0069794150663,
rucspa1,XC259939.ogg,5019.3896484375,553713.6749625206,-0.40758254320925524,-1.832758042444458,4198.974609375,4973.3889003693075,4926.09385259114,
rucspa1,XC259940.ogg,3838.29345703125,112031.12986954776,0.6960515729185919,-1.4957727900031923,3574.51171875,3825.390523207141,3813.0040516846507,
rucspa1,XC259941.ogg,3703.7109375,289.7992730140686,0.0,-1.3,3682.177734375,3703.6796389222623,3703.64834023871,
rucspa1,XC261305.ogg,3938.367638221154,73884.65708325266,0.4017778855406854,-1.5222304168323164,4317.4072265625,3929.3747547690245,3920.549212166821,
rucspa1,XC261306.ogg,3659.87548828125,314116.0386800766,1.233877231569963,0.11594175787233585,3208.447265625,3622.6016876666413,3589.2494197649416,
rucspa1,XC261307.ogg,3738.351307744565,82555.45108450261,1.7835329116946204,1.7437305263902712,3628.3447265625,3728.6224155702985,3719.6733382595235,
rucspa1,XC265355.ogg,3823.435546875,12290.580368041992,-0.02972485010599479,-0.6941557672952321,3811.376953125,3821.890568158077,3820.343700823679,
rucspa1,XC276682.ogg,3340.72265625,17067.79718399048,-0.28408393035863905,-1.9071046133325746,3197.6806640625,3338.5171988215816,3336.2979217745656,
rucspa1,XC277042.ogg,4084.9465110085225,5706.043529460092,1.3791897578297214,1.297845759423085,4026.708984375,4084.275015297114,4083.6143856754097,
rucspa1,XC283374.ogg,,
rucspa1,XC283376.ogg,,
rucspa1,XC283946.ogg,3358.075420673077,3592204.11189172,-1.1675345171533063,-0.48939752089896293,0.0,0.0,0.0,
rucspa1,XC288455.ogg,,
rucspa1,XC288806.ogg,4953.9825439453125,842.4878865480423,1.2619785526081253,1.0468037839045214,4952.63671875,4953.908480631382,4953.834754760614,
rucspa1,XC289317.ogg,,
rucspa1,XC289911.ogg,3523.8189697265625,2991902.287326595,-1.396890844255357,0.012505271890344893,204.5654296875,2320.25417823909,835.2982532792098,
rucspa1,XC295825.ogg,,
rucspa1,XC296155.ogg,3604.658203125,292600.66598653793,-0.19395008241197087,-1.6213029664492278,2928.515625,3564.556706824524,3523.8176366196267,
rucspa1,XC296531.ogg,4812.6708984375,821.0979402065277,-0.08120805764266276,-0.9429065743944638,4812.6708984375,4812.588976790408,4812.50702773233,
rucspa1,XC299269.ogg,,
rucspa1,XC299677.ogg,4719.95849609375,5511.48970337475,0.6068599454772611,-0.24778445356013323,4661.9384765625,4719.410351084485,4718.865462081231,
rucspa1,XC301004.ogg,3621.1669921875,376.7390549182892,-1.6141866507527456,1.9082840236686387,3617.578125,3621.1204989789962,3621.0737502337643,
rucspa1,XC301114.ogg,27.301025390625,115.76637625694275,-0.09978147465304349,0.8480084206833038,32.2998046875,0.0,0.0,
rucspa1,XC302286.ogg,58.447265625,535.4386568069458,0.9215029974011175,-0.9666808374960145,43.06640625,55.11870352986126,52.47937318665377,
rucspa1,XC303502.ogg,,
rucspa1,XC304994.ogg,2254.449462890625,2670389.441102743,-0.13335607264024216,-1.9695869223914406,559.86328125,1514.33511728438,984.2365695195359,
rucspa1,XC304995.ogg,4330.440481085527,121310.99252324355,-0.6584974439934093,-0.9711616926077067,4371.240234375,4316.64788139209,4302.353100893215,
rucspa1,XC313052.ogg,4142.449951171875,5819.169402122498,0.6057216408871718,-1.4281148976471274,4091.30859375,4141.796098320351,4141.1469719844,
rucspa1,XC313127.ogg,4346.1181640625,29269.72657442093,-0.8560630216723172,-0.35728556023919245,4360.4736328125,4343.0569378948085,4339.927273972211,
rucspa1,XC313128.ogg,4.306640625,34.77591276168823,0.40824829046386296,-1.8333333333333333,0.0,0.0,0.0,
rucspa1,XC314226.ogg,,
rucspa1,XC316256.ogg,6115.4296875,869.3978190422058,0.0,-1.2299999999999998,6072.36328125,6115.366502389439,6115.3033169263235,
rucspa1,XC318703.ogg,4139.344200721154,171850.7905593285,1.1534522707239887,-0.33499553533332005,3811.376953125,4120.707514242885,4103.382737436792,
rucspa1,XC318704.ogg,4342.834732380319,60114.073879623946,-0.05857636067712595,-0.6593042257601063,4295.8740234375,4336.026327794921,4329.184577817926,
rucspa1,XC32429.ogg,2813.671875,3323394.5429843403,-0.8170370341590358,-1.1838284511944506,64.599609375,1225.9845440349989,234.48709477197878,
rucspa1,XC32499.ogg,,
rucspa1,XC325768.ogg,,
rucspa1,XC325861.ogg,,
rucspa1,XC325862.ogg,,
rucspa1,XC328523.ogg,,
rucspa1,XC329441.ogg,3971.260986328125,8983.337262008763,0.04976491944977142,-0.23342043564318526,3994.4091796875,3970.1442481889794,3969.027593346012,
rucspa1,XC329442.ogg,3938.4228515625,690.366268157959,-0.33652187921900745,-1.302405881042549,3908.2763671875,3938.343857146623,3938.264750100565,
rucspa1,XC329443.ogg,4443.439797794118,808.0285612274619,-0.6586667354333682,-0.45573959835492905,4435.83984375,4443.353985882336,4443.267937285762,
rucspa1,XC330079.ogg,,
rucspa1,XC332375.ogg,3728.704833984375,14280.050843954086,-0.21089496427624937,-0.5685242487813116,3692.9443359375,3726.848380558213,3724.9820123209633,
rucspa1,XC333594.ogg,,
rucspa1,XC334951.ogg,4335.257118626645,134054.35120808452,2.132975590891661,5.819883606111965,4371.240234375,4321.456784503269,4308.8942436510915,
rucspa1,XC335119.ogg,4048.2421875,0.0,0.0,-3.0,4048.2421875,4048.242187499998,4048.2421875,
rucspa1,XC335120.ogg,,
rucspa1,XC336057.ogg,4597.629856418919,16264.092173125295,0.8871565888238568,-0.7991478419074749,4489.6728515625,4595.935704544177,4594.268543498315,
rucspa1,XC336416.ogg,4270.425692471591,362399.9186164954,1.3583686554793648,1.1442834464065506,4005.17578125,4233.279493115317,4199.734665785949,
rucspa1,XC338156.ogg,,
rucspa1,XC341396.ogg,4607.432556152344,114042.09036740565,1.8897581053143964,1.5880184709805478,4468.1396484375,4596.41984643926,4586.329417549757,
rucspa1,XC341406.ogg,4603.798828125,108.19172859191895,0.09352195295828244,-0.8979591836734699,4597.3388671875,4603.788254259232,4603.777681777431,
rucspa1,XC341407.ogg,4043.45703125,350.97911953926086,-0.6269550739742236,-1.3333473613332212,4059.0087890625,4043.4183818289184,4043.379661847297,
rucspa1,XC341413.ogg,4059.8369891826924,257856.58812474625,0.9027808782465426,0.20423113464875797,3951.3427734375,4030.6460293783016,4003.1180279491864,
rucspa1,XC341889.ogg,4603.038832720588,64540.002801839044,-0.3285082238600555,-1.2808214129041597,4844.970703125,4596.351234948554,4589.58151808528,
rucspa1,XC342564.ogg,4245.207663143382,33711.76569857062,-1.1162052562621496,1.1880431732416303,4349.70703125,4241.217809345976,4237.08485037332,
rucspa1,XC343045.ogg,,
rucspa1,XC343946.ogg,0.0,0.0,0.0,-3.0,0.0,0.0,0.0,
rucspa1,XC344379.ogg,3273.046875,1055859.9403771488,-3.0130112641366575,7.083326584045967,3552.978515625,2200.7469151866853,125.0501772133999,
rucspa1,XC345326.ogg,4664.3310546875,325003.91756737983,-1.4431333020731818,0.9653213360170074,4898.8037109375,4624.53882198346,4578.9278986462,
rucspa1,XC345328.ogg,14.74556300951087,53.367866122204326,-0.5963335830527088,-0.7042277713609959,21.533203125,0.0,0.0,
rucspa1,XC345881.ogg,3922.119140625,5012.147426605225,-0.23840897700604477,-1.8580859807098917,3843.6767578125,3921.5699573018264,3921.019374615315,
rucspa1,XC346356.ogg,3975.409294577206,69755.97645509688,-0.3433830403090654,-1.6553821491012481,3649.8779296875,3966.7503055337825,3957.969735961561,
rucspa1,XC349321.ogg,,
rucspa1,XC349679.ogg,4129.7607421875,180404.1874408722,2.037874530860368,2.159342630640684,3962.109375,4113.124716040379,4098.400729470039,
rucspa1,XC350728.ogg,32.2998046875,115.91970920562744,0.0,-1.5,21.533203125,31.056252954373395,29.815204326923077,
rucspa1,XC351835.ogg,4329.25048828125,6118.56203038117,-0.15312398314870004,-0.439830666493803,4317.4072265625,4328.5659274365025,4327.87989654375,
rucspa1,XC354495.ogg,1.6564002403846154,16.34765129822951,1.9188064472004935,1.6818181818181808,0.0,0.0,0.0,
rucspa1,XC355657.ogg,3960.7635498046875,213.20946514606476,-0.49936105165219513,-1.469507022339523,3972.8759765625,3960.739971825357,3960.716366800411,
rucspa1,XC356205.ogg,40.216423483455884,550.1537001069216,-0.7258754084279947,-1.199943714871388,53.8330078125,0.0,0.0,
rucspa1,XC362497.ogg,50.244140625,318.77920031547546,0.3876376661011099,-1.4008264462809916,32.2998046875,47.5153920768548,45.019639276825224,
rucspa1,XC364125.ogg,4316.2109375,218463.57196569443,-0.30982240808701367,-1.8045805911478594,3757.5439453125,4293.154079322308,4269.69788898608,
rucspa1,XC368679.ogg,2723.9501953125,3320001.482022436,-0.5753705231587172,-1.6482247961079939,3972.8759765625,1639.1896883049178,786.4478021074933,
rucspa1,XC369868.ogg,3969.287109375,386.3990306854248,0.8910541288586081,0.7983471074380164,3962.109375,3969.2426159300303,3969.198245874542,
rucspa1,XC373215.ogg,4805.364990234375,9686.195701360703,-1.1389419459928105,0.23799641120461779,4866.50390625,4804.377735325007,4803.374923340667,
rucspa1,XC374551.ogg,3550.67138671875,36901.319737617785,2.9936475670287015,7.7963509974352405,3509.912109375,3546.289058664471,3542.307138858996,
rucspa1,XC375467.ogg,3632.4857271634614,53333.05316338172,-0.9912347147503705,3.6701002740974555,3563.7451171875,3625.0365394469427,3617.112494467283,
rucspa1,XC375793.ogg,4565.0390625,0.0,0.0,-3.0,4565.0390625,4565.039062499997,4565.0390625,
rucspa1,XC375794.ogg,4360.4736328125,6512.580026279797,-1.175652406639642,0.16127816005278595,4349.70703125,4359.779288811045,4359.075067765815,
rucspa1,XC375798.ogg,229.6875,4296.757221221924,-1.7276544001380465,1.0936545727446827,247.6318359375,217.81548613266784,200.99382444949646,
rucspa1,XC376473.ogg,1.4681729403409092,14.301782304590395,2.11925177130407,2.4912280701754392,0.0,0.0,0.0,
rucspa1,XC377482.ogg,4042.85888671875,326006.5421850785,1.2739256839374204,1.5997183193100026,3499.1455078125,4007.602399761041,3975.385507451713,
rucspa1,XC377483.ogg,3997.1876575100805,501244.30129604955,0.45621478495263107,-1.7452700894430366,3369.9462890625,3939.1026253056093,3884.6230214300585,
rucspa1,XC379153.ogg,4963.4033203125,289.7992730140686,0.0,-1.47,4941.8701171875,4963.377370301558,4963.351420282464,
rucspa1,XC379341.ogg,4840.001502403846,8358.108263749342,-1.7774754256388081,2.5041804492127495,4780.37109375,4839.186655863861,4838.353555423935,
rucspa1,XC380281.ogg,,
rucspa1,XC380282.ogg,15.574986726334952,97.11834003692489,0.2354895473363358,-0.08198057794078162,21.533203125,0.0,0.0,
rucspa1,XC381280.ogg,,
rucspa1,XC381404.ogg,25.1220703125,38.63990306854248,0.7071067811865475,-1.5,21.533203125,24.64936430498142,24.224853515625,
rucspa1,XC388813.ogg,,
rucspa1,XC389896.ogg,4350.685813210227,178434.15456468408,0.23623625747998325,-1.8313618697740672,4737.3046875,4332.264313741013,4314.167626517687,
rucspa1,XC390322.ogg,4734.820087139423,157.53191251021167,0.4626200125442218,-0.8710395158419049,4726.5380859375,4734.80474330187,4734.789411463491,
rucspa1,XC390483.ogg,4230.476888020833,362738.8602953692,-0.24827825509927262,-1.694456889557996,3552.978515625,4187.881730342178,4144.479791626641,
rucspa1,XC390484.ogg,4327.305553805443,338384.0674967252,0.18389691640314731,-1.112257512531102,4748.0712890625,4289.009928502186,4251.113490679155,
rucspa1,XC390838.ogg,,
rucspa1,XC391056.ogg,3932.8117957481973,26514.003860796896,1.9881030908324109,5.694470057797064,3908.2763671875,3929.63482107136,3926.6053841572725,
rucspa1,XC391827.ogg,4041.064453125,13713.168357980663,0.44758123826393337,-1.1733672148317702,3897.509765625,4039.4373599737232,4037.8237860817667,
rucspa1,XC394470.ogg,,
rucspa1,XC394881.ogg,,
rucspa1,XC396786.ogg,4776.455965909091,118058.95474824037,-1.0148015456317305,-0.9594106647690639,4963.4033203125,4764.655425206793,4752.303846906844,
rucspa1,XC396871.ogg,4375.155362215909,1049.600276080045,-0.08971397522484284,-1.4142715440073559,4414.306640625,4375.046267708082,4374.937126686138,
rucspa1,XC397291.ogg,597.802734375,1297067.5781965256,2.7513178670225567,5.584405854586537,226.0986328125,306.4441249763447,252.57409834458707,
rucspa1,XC400258.ogg,,
rucspa1,XC411741.ogg,3623.858642578125,644.2783837733061,1.4694553016856549,0.8253800428020912,3617.578125,3623.7740181730896,3623.689956817719,
rucspa1,XC413634.ogg,4373.931884765625,88753.09735536575,0.1392455735029614,-1.8137044199106362,4102.0751953125,4365.094829226207,4356.321820809724,
rucspa1,XC413673.ogg,4055.2638841711955,332095.30509272113,1.0462483039173365,-0.4864008554701704,3542.2119140625,4019.2421863398085,3986.370526938991,
rucspa1,XC414017.ogg,4404.9755859375,4077955.0370887173,-1.5141240927526685,0.5041491022470055,5006.4697265625,3025.23267399134,1100.1556276013027,
rucspa1,XC418630.ogg,,
rucspa1,XC420517.ogg,,
rucspa1,XC422161.ogg,4189.703369140625,199005.34477829933,-2.3676682777826508,3.816941039450228,4328.173828125,4161.743975807189,4128.057733725437,
rucspa1,XC423497.ogg,,
rucspa1,XC423498.ogg,,
rucspa1,XC423690.ogg,3883.154296875,173.87956380844116,0.6735753140545634,-0.4166666666666665,3875.9765625,3883.1344239778578,3883.1145794722265,
rucspa1,XC424156.ogg,5136.566162109375,452623.4336468307,-0.7060033684400754,-1.4989480835591582,5577.099609375,5093.43344543137,5047.94160922315,
rucspa1,XC424588.ogg,3814.453125,113126.59621238708,1.9174611691193582,1.8633253205214446,3660.64453125,3802.9083213075305,3792.44947596929,
rucspa1,XC424989.ogg,4088.616943359375,28601.256251335144,1.1345861556452992,-0.6776370203369235,3983.642578125,4085.4326482935267,4082.343521469754,
rucspa1,XC425688.ogg,5499.041748046875,322.91918992996216,-0.36952650878097026,-0.9506903353057199,5501.7333984375,5499.016037284161,5498.990307042652,
rucspa1,XC428169.ogg,4548.88916015625,165.59958457946777,0.0,-1.3599999999999999,4532.7392578125,4548.873233167293,4548.857306162715,
rucspa1,XC428653.ogg,3.1901041666666665,25.099424215463497,0.892217816219194,-1.2039473684210524,0.0,0.0,0.0,
rucspa1,XC428656.ogg,1.79443359375,17.563592303882945,1.788854381999832,1.200000000000001,0.0,0.0,0.0,
rucspa1,XC428761.ogg,3546.5185546875,150.69562196731567,0.27154541788363945,-1.044378698224852,3542.2119140625,3546.5015676382736,3546.4845900407636,
rucspa1,XC430840.ogg,,
rucspa1,XC432833.ogg,2703.01513671875,3812496.5748541495,-0.7067419053559806,-1.4996303675921991,0.0,0.0,0.0,
rucspa1,XC433785.ogg,29.608154296875,28.97992730140686,-1.1547005383792515,-0.666666666666667,32.2998046875,29.186168231831655,28.7109375,
rucspa1,XC43439.ogg,,
rucspa1,XC43543.ogg,,
rucspa1,XC435574.ogg,,
rucspa1,XC435993.ogg,,
rucspa1,XC436611.ogg,,
rucspa1,XC437493.ogg,6951.798872514205,6252.889768643813,1.3730929914254992,0.9481400348732367,6890.625,6951.373860491559,6950.953088909246,
rucspa1,XC440382.ogg,3679.693134014423,61150.61890620451,-0.03543787552373808,-0.9943263103851137,3337.646484375,3671.9871282916506,3664.2531327711,
rucspa1,XC440384.ogg,4166.276041666667,361813.6835548113,1.0849369773312105,0.25694077193707043,3660.64453125,4127.097352006548,4091.225142884552,
rucspa1,XC44418.ogg,,
rucspa1,XC445086.ogg,4079.137652853261,859716.4615105264,-3.3701607720174747,12.250891320613386,3951.3427734375,3680.41598523109,2018.3895786381165,
rucspa1,XC445659.ogg,,
rucspa1,XC453859.ogg,46.00275213068182,48.475514758716926,-0.25001027348004384,-0.6247637051039683,43.06640625,45.50096114168411,44.974411590189874,
rucspa1,XC456366.ogg,,
rucspa1,XC457423.ogg,3825.456355168269,17240.82751916005,1.893917736712324,2.706930209662656,3779.0771484375,3823.457367362423,3821.536307939587,
rucspa1,XC457600.ogg,,
rucspa1,XC459689.ogg,,
rucspa1,XC461907.ogg,,
rucspa1,XC462515.ogg,,
rucspa1,XC463952.ogg,,
rucspa1,XC465157.ogg,3570.623779296875,20283.649116754532,-1.690809889549792,3.3285558752613857,3606.8115234375,3567.7260722119318,3564.6817798800357,
rucspa1,XC465250.ogg,110.357666015625,106.25973343849182,-0.49338220021815865,-1.371900826446281,118.4326171875,109.98554506937552,109.60345035347044,
rucspa1,XC466610.ogg,5322.616299715909,255702.01745900238,-1.6392555268162916,0.7062857554307458,5534.033203125,5298.281853518185,5271.318073152585,
rucspa1,XC466611.ogg,3993.5809795673076,373366.9803004999,1.1663114395478615,1.1604352292893259,3466.845703125,3954.0300489714964,3917.7296667484184,
rucspa1,XC466616.ogg,4148.2177734375,147173.87080192566,0.7422649979374636,-0.9873598830128247,3854.443359375,4131.785689612335,4116.065429011559,
rucspa1,XC466704.ogg,3662.9111842105262,281280.1912270094,1.332275012631006,0.7033961514701006,3337.646484375,3630.1645241089764,3600.8097002333984,
rucspa1,XC470206.ogg,6141.856800426136,73014.66338201004,0.8840971210159412,-0.8816958252420934,5964.697265625,6136.579440118788,6131.430196014509,
rucspa1,XC470758.ogg,,
rucspa1,XC470773.ogg,5433.544921875,41398.79214763641,-0.5255610392308716,-0.5378049892169856,5071.0693359375,5429.865426693884,5426.134639017335,
rucspa1,XC470880.ogg,6968.475811298077,2012.2472598002507,1.4494595003965522,1.6517163434999471,6965.9912109375,6968.3433214963625,6968.211612391789,
rucspa1,XC471035.ogg,4679.492718240489,326570.8527694578,0.9899483311408995,-0.633712480645904,4468.1396484375,4647.66880883431,4618.1842393654,
rucspa1,XC472342.ogg,,
rucspa1,XC47546.ogg,3755.74951171875,993.0455088615417,0.5980548524761278,-1.3992339021029843,3736.0107421875,3755.6396751469524,3755.530174363978,
rucspa1,XC47547.ogg,109.0118408203125,180.0895482301712,0.7024185573075208,-1.0027744748315497,96.8994140625,108.32155704321755,107.666015625,
rucspa1,XC47548.ogg,,
rucspa1,XC47549.ogg,122.3477450284091,168.61048611727628,-0.3824379545266138,-0.4226562500000006,118.4326171875,121.6977681282536,121.02328660948231,
rucspa1,XC48760.ogg,5153.97216796875,416024.2443680763,0.3667576487248514,-1.1852342248416599,4963.4033203125,5118.375222395143,5083.661129434073,
rucspa1,XC48761.ogg,5806.986490885417,78314.29435959402,0.05557670298699195,-0.29263183129704684,5544.7998046875,5800.363536527271,5793.734744082596,
rucspa1,XC489742.ogg,3705.76171875,45227.45454311371,0.47720614459134497,-1.7272257222519944,3542.2119140625,3700.0467672455866,3694.4392608090507,
rucspa1,XC490687.ogg,,
rucspa1,XC492288.ogg,68.90625,34.77591276168823,0.40824829046386296,-1.8333333333333333,64.599609375,68.70820578762331,68.5147372159091,
rucspa1,XC498302.ogg,498.5764723557692,46568.51394818379,-0.4743385831716758,-1.757534995095771,645.99609375,445.5031427750165,390.591931707681,
rucspa1,XC498642.ogg,4966.094970703125,56171.002726663246,-0.03935296779960438,-1.8762380480531475,5189.501953125,4960.901188002805,4955.705237438977,
rucspa1,XC499182.ogg,,
rucspa1,XC503481.ogg,5046.795543323864,48773.08104254982,0.42738355612935885,-1.0927960155619207,4877.2705078125,5042.103791799466,5037.467092779477,
rucspa1,XC505621.ogg,,
rucspa1,XC506304.ogg,4278.774126838235,37577.35119286706,-2.4878759255611382,4.938954289208833,4382.0068359375,4274.112637156206,4269.065568833677,
rucspa1,XC506362.ogg,4080.5419921875,115.91970920562744,0.0,-1.5,4069.775390625,4080.5325228589663,4080.5230535304245,
rucspa1,XC507275.ogg,5641.385628413228,4380.983824324158,-0.39265878236783974,0.054886460800350534,5652.4658203125,5640.999865411436,5640.612843498177,
rucspa1,XC508134.ogg,3774.33984375,19340.044283866882,1.2399434206860136,0.746799110512216,3660.64453125,3771.9487994203523,3769.6245973198897,
rucspa1,XC510944.ogg,3699.404296875,4031490.422666073,-1.4999460873428196,0.2499281169738219,4597.3388671875,2169.8037984285943,492.22031984268904,
rucspa1,XC513033.ogg,3855.340576171875,1695.7648369398985,-0.9524335562174842,-0.6451660484541648,3875.9765625,3855.137650222206,3854.933396985582,
rucspa1,XC513182.ogg,4172.7691074587265,182611.48088772516,1.1645912973888897,0.31960134631033243,4015.9423828125,4152.715622616581,4134.006592695108,
rucspa1,XC516212.ogg,4383.544921875,2682.713270187378,-1.511089593434576,0.9760834222425459,4414.306640625,4383.279691750616,4383.011491626548,
rucspa1,XC516265.ogg,,
rucspa1,XC516268.ogg,,
rucspa1,XC518258.ogg,152.2705078125,42334.89687626179,1.3789839571289553,-0.07550869165487795,43.06640625,79.1868338121841,56.5982937383458,
rucspa1,XC518659.ogg,4719.00146484375,333886.588943632,-0.5691075652147879,-0.6032999855713275,3574.51171875,4683.338368675308,4645.582727238448,
rucspa1,XC519088.ogg,16.564002403846153,29.960786379300636,-0.1543033499620916,-1.9761904761904763,21.533203125,15.637658192051205,14.733244243421051,
rucspa1,XC519089.ogg,25.44833096590909,92.14759125013937,1.2146631059664728,0.8743775464010866,21.533203125,23.915848684647532,22.52284320522979,
rucspa1,XC52001.ogg,4959.262319711538,251672.09173624334,-0.8301846401952587,-1.3058803908375407,5275.634765625,4934.433224047058,4908.304315869223,
rucspa1,XC52004.ogg,5057.5709100979475,473817.7481588871,-0.48759929985187656,-0.9202421525277096,4080.5419921875,5008.603624864971,4956.890507350354,
rucspa1,XC52005.ogg,3858.75,92.73576736450195,-0.84375,-0.921875,3865.2099609375,3858.7403748550523,3858.730737612369,
rucspa1,XC52007.ogg,3430.8544921875,172379.0367491105,1.3935299621048023,0.7103157078048401,3100.78125,3408.689979758153,3388.6263468411694,
rucspa1,XC52008.ogg,4040.70556640625,18743.606874817295,-0.06364838356906316,-0.5596679367121222,4080.5419921875,4038.496759854862,4036.2826041865924,
rucspa1,XC52015.ogg,5239.934981496711,2035.7127879795273,-0.5397553601599016,-0.5026816340502482,5254.1015625,5239.750387357242,5239.565225150016,
rucspa1,XC521145.ogg,252.24609375,30597.283244132996,-0.06270658796863088,-1.6613049750057356,355.2978515625,186.92379664256183,133.27069196143788,
rucspa1,XC521146.ogg,21.533203125,23.778401888333836,0.0,2.0,21.533203125,20.92255718347732,20.1873779296875,
rucspa1,XC521147.ogg,60.113525390625,241.4993941783905,0.20568555724650348,-1.3634380165289257,43.06640625,58.27525599377429,56.495233602290476,
rucspa1,XC521491.ogg,4549.9658203125,7435.50627048199,2.365059820253868,5.156564307957074,4500.439453125,4549.191638266482,4548.439218665292,
rucspa1,XC521519.ogg,3555.1318359375,81.14379644393921,-0.3436215967445456,-1.153061224489796,3552.978515625,3555.122701400895,3555.1135621080884,
rucspa1,XC523326.ogg,,
rucspa1,XC527994.ogg,,
rucspa1,XC528029.ogg,,
rucspa1,XC529269.ogg,16.564002403846153,31.209152478438167,-0.15430334996209158,-1.9761904761904767,21.533203125,15.637658192051198,14.733244243421057,
rucspa1,XC529270.ogg,20.89987362132353,27.688486690827233,1.4222711432525084,8.549788371574962,21.533203125,20.255695837585026,19.5234375,
rucspa1,XC529271.ogg,137.274169921875,65.86347113956104,0.41569219381653055,-1.008,129.19921875,137.0572131208017,136.84340143064986,
rucspa1,XC529272.ogg,21.533203125,0.0,0.0,-3.0,21.533203125,21.533203125,21.533203125,
rucspa1,XC529273.ogg,206.71875,75446.9423211854,0.7755715668723396,-1.3342432229406458,21.533203125,56.11567307774106,24.49051441309479,
rucspa1,XC529589.ogg,51.6796875,46.36788368225098,0.1111111111111111,-0.4444444444444451,53.8330078125,51.27359474975811,50.865834153543304,
rucspa1,XC529590.ogg,1098.5921223958333,2512804.7466736576,0.8696345003637224,-1.2149592255928552,21.533203125,143.49981260272173,37.45284087080293,
rucspa1,XC529638.ogg,223.2100323932927,13035.312665671838,0.34011931742896995,0.6019203470113625,226.0986328125,181.3779732567878,123.54573476561674,
rucspa1,XC529672.ogg,104.0771484375,8433.158844709396,0.6853002268703853,-1.4999645729266307,226.0986328125,73.78415852635725,56.68210850452646,
rucspa1,XC529673.ogg,3639.111328125,231.83941841125488,-0.816496580927726,-1.0000000000000002,3649.8779296875,3639.0873903796514,3639.0634053557555,
rucspa1,XC529674.ogg,4108.131408691406,562627.417601645,0.8081750736500618,-1.3454886865450866,3617.578125,4049.063827009997,3995.7829970034586,
rucspa1,XC529675.ogg,3938.8633034446025,1301422.1814882807,-2.766763425535523,7.097099158797976,4382.0068359375,2845.4052532614774,181.82762438345569,
rucspa1,XC529676.ogg,387.59765625,1047146.2031453848,2.3736310466613206,3.6354445722182183,21.533203125,42.51611590021346,25.81457730565295,
rucspa1,XC529677.ogg,4591.95556640625,878042.117357254,-1.154373884875809,-0.6668175303593866,5092.6025390625,4492.305933552285,4377.351987198722,
rucspa1,XC532370.ogg,4028.779484675481,120361.19996422555,-0.4605580956289132,0.6021312509045531,3822.1435546875,4013.5574734421016,3997.670550939568,
rucspa1,XC532823.ogg,3596.64306640625,261455.44600374292,-6.133097241106342,39.73059629604267,3466.845703125,3414.037709267738,2068.4598375099768,
rucspa1,XC537782.ogg,4907.4169921875,81382.76938291696,-0.14682818328663455,1.3567913157753422,4769.6044921875,4899.231229727667,4890.910888769665,
rucspa1,XC537786.ogg,4831.578101181402,269819.75543789746,-0.26395948570135114,-0.7733660790894272,4425.0732421875,4803.181263844503,4773.993600107629,
rucspa1,XC538572.ogg,,
rucspa1,XC538584.ogg,5198.73046875,302605.6408882141,-2.0404666712833484,2.1649775501555215,5404.833984375,5169.774843209245,5136.372469325329,
rucspa1,XC538833.ogg,,
rucspa1,XC538849.ogg,,
rucspa1,XC538850.ogg,,
rucspa1,XC538851.ogg,,
rucspa1,XC538852.ogg,,
rucspa1,XC538854.ogg,,
rucspa1,XC538860.ogg,,
rucspa1,XC539809.ogg,3773.69384765625,38.63990306854248,0.0,-2.0,3768.310546875,3773.6900079247853,3773.6861681972186,
rucspa1,XC544535.ogg,5218.7255859375,190527.29004621506,-4.230862295129965,15.954667964563296,5318.701171875,5195.828645115109,5165.585059478801,
rucspa1,XC546514.ogg,4118.22509765625,193.1995153427124,0.0,-1.3599999999999999,4102.0751953125,4118.207505084358,4118.189912491432,
rucspa1,XC551937.ogg,,
rucspa1,XC551938.ogg,,
rucspa1,XC551939.ogg,,
rucspa1,XC553175.ogg,4.6142578125,33.119916915893555,0.28867513459481287,-1.9166666666666667,0.0,0.0,0.0,
rucspa1,XC553918.ogg,4636.0986328125,537612.427353859,-0.40813806273152864,-1.8332727971902452,3832.91015625,4587.58528368161,4537.64437764585,
rucspa1,XC558286.ogg,2865.3515625,4554118.847608566,-0.4380396397363353,-1.4624774592307896,53.8330078125,1091.6064807950509,209.29097997659574,
rucspa1,XC562101.ogg,3895.5522017045455,6735232.280828735,-0.7787484350750885,-1.1676176384258237,32.2998046875,1265.7139343808742,100.08827209737817,
rucspa1,XC562327.ogg,3564.462890625,36877.92348861694,2.516078019436334,10.735464814123617,3639.111328125,3559.827246904286,3555.499259607966,
rucspa1,XC562853.ogg,4421.252835181452,563714.0558112053,1.1873693552993267,0.8790846213949561,4748.0712890625,4365.46301916785,4315.050397319047,
rucspa1,XC567467.ogg,3747.6055438701924,433.9558344620925,-1.4055128772531413,0.7588900356539883,3757.5439453125,3747.551829848338,3747.497844903791,
rucspa1,XC568520.ogg,4500.439453125,63020.34949434215,-0.18352208783118903,0.1878176822648001,4532.7392578125,4493.598530671414,4486.678632696833,
rucspa1,XC573304.ogg,,
rucspa1,XC573562.ogg,118.048095703125,29.356289993632924,-3.5276920410373296,20.78280078895464,118.4326171875,117.90920539889821,117.74925099866842,
rucspa1,XC575451.ogg,3891.767578125,19671.022653579712,-1.3923911456260183,0.11582674754546973,3929.8095703125,3889.328629251078,3886.8085726168397,
rucspa1,XC576069.ogg,3901.5472412109375,329.1291743516922,0.13466913719742052,-1.1014595941616234,3886.7431640625,3901.5103482356953,3901.473469395511,
rucspa1,XC576070.ogg,3811.376953125,30834.6426486969,0.19233957943120691,-1.3270037876646503,3703.7109375,3807.716118293582,3804.074527185434,
rucspa1,XC577127.ogg,6186.0107421875,1071401.1711232802,0.9836162332019235,-1.0192832883298721,5577.099609375,6111.590463585206,6044.944559758397,
rucspa1,XC581009.ogg,4428.1494140625,105669.09492015839,-2.017914971884799,2.1174398144638173,4554.2724609375,4416.862355373362,4404.438746818286,
rucspa1,XC581784.ogg,4870.7763671875,27590.90885039299,0.04461755052906688,-1.2369499712866179,4640.4052734375,4867.989846552326,4865.2053549810435,
rucspa1,XC582909.ogg,3574.925818810096,77092.45471895991,4.939162029402981,25.9434120279985,3466.845703125,3566.318610547452,3559.2829440324,
rucspa1,XC589562.ogg,3717.988387398098,89016.31269506786,0.10468552797972491,-1.3448548897757862,3294.580078125,3706.299527569254,3694.6625074252056,
rucspa1,XC589631.ogg,5181.671697443182,48.475514758716926,-0.2500102734801176,-0.6247637051039439,5178.7353515625,5181.66744417027,5181.66318998322,
rucspa1,XC590598.ogg,4852.8662109375,217912.53141699167,1.412512375994423,0.1417317698646965,4597.3388671875,4832.870153141859,4814.529173515612,
rucspa1,XC590599.ogg,4039.6922392003676,627166.2296952411,-1.1368384934452134,-0.3301965738782484,4457.373046875,3949.1572688796227,3843.1012081948284,
rucspa1,XC590600.ogg,4931.103515625,540.9586429595947,0.0,-1.2499999999999998,4898.8037109375,4931.0564993373,4931.009482825452,
rucspa1,XC59444.ogg,,
rucspa1,XC59460.ogg,,
rucspa1,XC59461.ogg,,
rucspa1,XC59462.ogg,,
rucspa1,XC59463.ogg,,
rucspa1,XC59512.ogg,,
rucspa1,XC598613.ogg,4091.30859375,237838.2633626461,-0.6145249255735307,-1.5995770920665269,4457.373046875,4062.472238044855,4032.3898448757527,
rucspa1,XC600446.ogg,20.635986328125,99.9597492425338,1.1632056558929404,3.7213473624744005,21.533203125,0.0,0.0,
rucspa1,XC601007.ogg,131.8310546875,427.6149272918701,0.32866675526866407,-0.46587317606580836,118.4326171875,130.26300280484395,128.71476820813524,
rucspa1,XC603084.ogg,4285.498934659091,131843.48647160962,2.3662194305955695,5.025156368155088,4037.4755859375,4272.0648268610275,4260.096003972338,
rucspa1,XC610955.ogg,,
rucspa1,XC610957.ogg,4172.886305588942,313884.3568407572,2.1204013763977008,4.697298733088729,4209.7412109375,4141.718453944874,4114.584046976826,
rucspa1,XC610958.ogg,3771.150090144231,100177.38808118382,-0.14859473282284708,-1.6442827212509965,3337.646484375,3757.8647868548283,3744.4833190575264,
rucspa1,XC610960.ogg,3828.8726806640625,627.2084265947342,-0.460725585735995,-1.33849622586021,3843.6767578125,3828.8008774508626,3828.7289391173363,
rucspa1,XC611403.ogg,3431.854248046875,171.2450249628587,0.1784778609144433,-0.7171597633136093,3434.5458984375,3431.8313874781084,3431.8085366062023,
rucspa1,XC615614.ogg,4313.53125,9504.256957769394,0.1831477598574526,-1.7518035592886492,4231.2744140625,4312.4763043648045,4311.42434736317,
rucspa1,XC617981.ogg,3884.7062394425675,33486.87167103226,0.20126878858929914,0.13209328887620364,3908.2763671875,3880.5270684703505,3876.3597371113324,
rucspa1,XC62284.ogg,1143.182373046875,3331678.8755357265,0.9493178757743829,-1.097757936146557,10.7666015625,0.0,0.0,
rucspa1,XC62998.ogg,4575.8056640625,77.27980613708496,0.0,-1.0,4575.8056640625,4575.79933075431,4575.792997437364,
rucspa1,XC65661.ogg,5047.836143092105,491915.11546310625,-1.0592546259816065,-0.8505041349188787,5426.3671875,4996.433537377426,4940.019909335804,
rucspa1,XC69952.ogg,4769.6044921875,115.91970920562744,0.0,-1.5,4758.837890625,4769.596390893402,4769.588289599314,
rucspa1,XC70841.ogg,4029.400634765625,919.0776944160461,-0.23087626923709437,-1.1692232773313853,3983.642578125,4029.3007327240384,4029.200720941716,
rucspa1,XC73248.ogg,26.91650390625,38.63990306854248,0.0,-2.0,21.533203125,26.37268009197709,25.83984375,
rucspa1,XC84809.ogg,4561.123934659091,155987.88360032166,-1.644090022442254,0.7133547833449221,4748.0712890625,4543.975750516418,4525.14771951087,
rucspa1,XC84810.ogg,4657.0037841796875,1662.9858282597168,-0.25910242291482277,-0.6992767613735746,4640.4052734375,4656.83241213564,4656.660776569985,
rucspa1,XC84811.ogg,5880.264442845395,1237793.9527557043,0.2578832057460012,-1.8462412310011984,7116.7236328125,5779.955313843409,5684.033366861297,
rucspa1,XC84812.ogg,3731.809141577744,133677.9018284344,-0.7823863102630831,-0.8694008862083393,3865.2099609375,3713.307066875896,3693.8155970604685,
rucspa1,XC84813.ogg,4886.13712086397,55528.95011270748,0.6038942033138633,-1.612860546505988,4705.0048828125,4880.8848192671785,4875.734436849816,
rucspa1,XC84814.ogg,5334.85107421875,38.63990306854248,0.0,-2.0,5329.4677734375,5334.848358122811,5334.845642028255,
rucspa1,XC84815.ogg,4801.904296875,196367.9873943329,-2.3892075937105393,3.7852126607803713,4931.103515625,4778.52137635216,4751.109287024932,
rucspa1,XC84816.ogg,3899.90234375,399.27899837493896,0.15618967231878267,-1.4221514047866808,3875.9765625,3899.856863047214,3899.8114051508196,
rucspa1,XC84817.ogg,5444.82421875,143.51963996887207,-0.19201160638565623,-1.143491124260355,5437.1337890625,5444.812919096121,5444.801616479794,
rucspa1,XC84819.ogg,3827.142333984375,110008.17533565743,1.2783944228785935,0.9293360694273094,3714.4775390625,3813.7278165497673,3801.1507466993426,
rucspa1,XC8878.ogg,,
rucspa1,XC8879.ogg,,
rucspa1,XC9083.ogg,3593.8916015625,428.90292406082153,1.017952296026958,-0.3480642804967129,3585.2783203125,3593.8440303017032,3593.7966245650337,
