primary_label,filename,mean,variance,skewness,kurtosis,mode,gmean,hmean
rucwar,XC132907.ogg,28.2623291015625,64.16983902454376,0.6604840139049142,-0.7388137356919873,21.533203125,27.3383065332982,26.50240384615385,
rucwar,XC133150.ogg,5558.594512939453,517265.41005735914,-0.8582335980214207,-0.4262109514672128,6093.896484375,5509.299829368979,5455.629165351572,
rucwar,XC133467.ogg,5438.728841145833,261449.8036182844,0.2426732067094215,-1.5054771780669354,4791.1376953125,5415.833228027824,5393.284173985092,
rucwar,XC134440.ogg,254.6715369591346,1974.7368308214043,1.2371029731624923,-0.40728949280045734,226.0986328125,251.37626977843922,248.50808634669625,
rucwar,XC135356.ogg,710.595703125,4914428.951740265,2.666602610371025,5.110911787369853,10.7666015625,0.0,0.0,
rucwar,XC136316.ogg,1.79443359375,19.31995153427124,1.788854381999832,1.2000000000000002,0.0,0.0,0.0,
rucwar,XC147181.ogg,4695.4345703125,5348506.592231639,-1.267715599452654,-0.29635401203903733,6115.4296875,3445.6693812579197,1819.1459215678224,
rucwar,XC147382.ogg,1322.138671875,303.9672374725342,-0.8208521166926522,-0.29761562769319205,1324.2919921875,1322.0344879897616,1321.9295761063293,
rucwar,XC148214.ogg,5676.060713098404,731622.9016834887,-5.680859427430356,33.63775312810396,5770.8984375,5402.198084004705,3796.584427510619,
rucwar,XC158388.ogg,5721.74656080163,1724061.4641372396,-3.781973548896523,14.17227958556212,5480.2001953125,0.0,0.0,
rucwar,XC161569.ogg,5559.366383272059,3302.8593615574,-2.037231463935528,4.640175250780396,5523.2666015625,5559.082892257829,5558.795413794083,
rucwar,XC161570.ogg,5352.5390625,8797.234401983373,-0.9453006323206408,0.5742330937737172,5307.9345703125,5351.731694376261,5350.915118911279,
rucwar,XC163968.ogg,0.0,0.0,0.0,-3.0,0.0,0.0,0.0,
rucwar,XC165403.ogg,6786.5478515625,752810.6933290308,0.337828069773778,-1.8836029582769571,6072.36328125,6736.887242643852,6688.8994616574555,
rucwar,XC165953.ogg,5481.396484375,897953.4650550169,-0.04151824064657794,-0.6573319100110311,4188.2080078125,5401.728272245726,5320.237073363604,
rucwar,XC180811.ogg,25.83984375,34.77591276168823,0.40824829046386296,-1.8333333333333333,21.533203125,25.32474848307524,24.84600360576923,
rucwar,XC184509.ogg,0.0,0.0,0.0,-3.0,0.0,0.0,0.0,
rucwar,XC184673.ogg,5936.312588778409,499156.5907326612,-0.07312404138410104,-1.8788469154065077,5211.03515625,5897.725729594418,5859.123077999948,
rucwar,XC188220.ogg,,
rucwar,XC195459.ogg,,
rucwar,XC196672.ogg,1317.83203125,267287.66548633575,0.4080275426763473,-1.833214698017853,936.6943359375,1241.6468653415716,1175.8883523352542,
rucwar,XC213518.ogg,5458.6669921875,199878.6985874176,1.9295881611529955,2.1328142587186454,5254.1015625,5442.764112475426,5428.318610887417,
rucwar,XC233110.ogg,4140.6082956414475,299617.8757516961,1.3328933741569078,0.9987815058809764,4048.2421875,4109.391925735184,4080.8938748202795,
rucwar,XC233113.ogg,4140.6082956414475,299617.8757516961,1.3328933741569078,0.9987815058809764,4048.2421875,4109.391925735184,4080.8938748202795,
rucwar,XC233710.ogg,6831.725356158088,37733.5700480377,-0.8244646106426402,-0.9613859538739238,6998.291015625,6829.08518504162,6826.404505977125,
rucwar,XC235597.ogg,74.28955078125,269.19132471084595,0.17474891718721886,-1.4007463199102586,64.599609375,72.65982052177598,71.06295426270297,
rucwar,XC235598.ogg,4647.1343994140625,1061391.9074088335,1.147637717827103,-0.6718026248735693,4134.375,4559.935856688696,4485.634362327423,
rucwar,XC252126.ogg,3425.9326171875,81.14379644393921,-0.3436215967445456,-1.153061224489796,3423.779296875,3425.923137980043,3425.9136536502137,
rucwar,XC252130.ogg,3580.8738014914775,4178691.993762146,-0.9585393789762924,-0.6204598204856726,4274.3408203125,1832.6476164885146,339.62250611843183,
rucwar,XC252131.ogg,6799.10888671875,6522.415637969971,1.9615315097720112,4.0594326272994765,6739.892578125,6798.66578608348,6798.229130888369,
rucwar,XC253645.ogg,4894.4970703125,307554.3084740639,-0.22343296027350332,-1.9183288850162008,4252.8076171875,4863.723217498816,4832.615773225699,
rucwar,XC255454.ogg,,
rucwar,XC255637.ogg,6242.671342329545,9941.695787689905,-0.2625347695288527,-1.1785118926940075,6287.6953125,6241.94541973446,6241.217512331792,
rucwar,XC260094.ogg,5644.507897418478,241800.2661509005,0.42648235593704087,0.3253765645342015,5587.8662109375,5624.320590683744,5604.3907427760305,
rucwar,XC265376.ogg,6677.4462890625,1184977.635383606,-1.4634480066695172,0.958608179576784,6718.359375,6580.899873583765,6464.885410932392,
rucwar,XC265404.ogg,5612.88272633272,2047055.7963385938,-3.634645415942734,11.517764055248838,6093.896484375,4331.919945875243,410.76102199828864,
rucwar,XC265406.ogg,13.458251953125,115.91970920562744,0.30983866769659335,-0.8799999999999999,10.7666015625,0.0,0.0,
rucwar,XC265617.ogg,6849.7119140625,81.14379644393921,-0.3436215967445456,-1.153061224489796,6847.55859375,6849.707174258091,6849.702433174566,
rucwar,XC265618.ogg,5927.428260216346,772211.0320742313,-0.13083494758816086,-1.949146289243978,5006.4697265625,5866.20393486962,5804.813364661088,
rucwar,XC266832.ogg,3555.849609375,11792735.024929047,-0.13354798822846797,-1.9820384018651538,10.7666015625,0.0,0.0,
rucwar,XC266862.ogg,5809.1796875,4352386.792439681,-2.4702174165475013,4.111879480767632,21.533203125,3461.7218796857187,188.8191328011385,
rucwar,XC274899.ogg,5498.14453125,2376199.4791030884,-2.975646698060275,6.9495540701661795,5749.365234375,4849.549215885877,3153.915644429165,
rucwar,XC279157.ogg,5410.21728515625,467111.3482117653,0.6575076522341066,-0.8163692492017041,4565.0390625,5372.981488281511,5337.458835567856,
rucwar,XC279158.ogg,75.3662109375,397.43900299072266,-0.43301270189221935,-1.1666666666666667,86.1328125,72.76904516127925,69.92741221005154,
rucwar,XC283555.ogg,129.19921875,115.91970920562744,0.0,-1.5,118.4326171875,128.89945150413672,128.599686412413,
rucwar,XC287294.ogg,3685.1923828125,5939120.467615128,-0.21501966226010819,-1.6860910869475634,495.263671875,2435.9559628281922,1163.3898300348947,
rucwar,XC294960.ogg,,
rucwar,XC301209.ogg,,
rucwar,XC308821.ogg,,
rucwar,XC312149.ogg,,
rucwar,XC31502.ogg,,
rucwar,XC31507.ogg,951.8348693847656,2840.850857356864,-0.09969747266990692,-0.9947743454879956,893.6279296875,950.3805378135362,948.9185870769122,
rucwar,XC317010.ogg,,
rucwar,XC319441.ogg,5501.7333984375,116344.74813938141,0.963798477715967,0.17078831178185272,5081.8359375,5492.303761014665,5483.1951884192595,
rucwar,XC319496.ogg,5022.1710205078125,75056.57299084867,5.4176211734952275,32.37098180754752,4952.63671875,5015.9884191720175,5010.721764627396,
rucwar,XC319498.ogg,5770.037109375,61272.45349287987,-0.4288469229183598,-0.6348964916925177,5813.96484375,5764.869954451653,5759.633129753466,
rucwar,XC319507.ogg,5460.056231098791,176420.0751127735,-0.328843379238017,-1.5581082804634474,5900.09765625,5444.118548214487,5427.927445892694,
rucwar,XC324374.ogg,,
rucwar,XC326023.ogg,0.0,0.0,0.0,-3.0,0.0,0.0,0.0,
rucwar,XC327711.ogg,4268.1075246710525,504081.5329426214,-5.712374300125105,31.413030075565622,4414.306640625,3829.810845110234,805.9819506060627,
rucwar,XC328377.ogg,15.735802283653847,359.64832856104925,0.7804282494365137,-0.7768253534594636,0.0,0.0,0.0,
rucwar,XC328378.ogg,,
rucwar,XC328379.ogg,30.563256048387096,186.21940382065313,0.10733112356822516,0.17148379327215135,32.2998046875,0.0,0.0,
rucwar,XC328485.ogg,,
rucwar,XC330499.ogg,3.5888671875,38.63990306854248,0.7071067811865475,-1.5,0.0,0.0,0.0,
rucwar,XC331972.ogg,6316.8548583984375,417346.023052283,-0.6232732125923667,-1.3210058450188755,5555.56640625,6283.667132923069,6249.080953818092,
rucwar,XC335298.ogg,4458.44970703125,442309.6824288368,0.6473211685186877,-0.6978477684429474,4683.4716796875,4415.840514725121,4375.429107027212,
rucwar,XC335300.ogg,6190.7958984375,1333.0766558647156,-1.4191014536126718,0.1427221172022679,6201.5625,6190.709332583492,6190.622332910805,
rucwar,XC335303.ogg,5894.997687088816,222158.42795999427,0.6653971143275399,-1.0742440811743423,5598.6328125,5877.689996089559,5860.954126843524,
rucwar,XC335304.ogg,6567.228190104167,144137.0763686987,0.20680190861118902,-1.9262823942213996,6201.5625,6556.733732538076,6546.336089754001,
rucwar,XC335309.ogg,3902.89306640625,57.95985460281372,0.0,-2.0,3897.509765625,3902.8893537832587,3902.8856411637935,
rucwar,XC335316.ogg,5744.71602006392,500861.55399050063,-0.9970978558971442,-0.4645960894860939,6018.5302734375,5697.914471861578,5646.915451472345,
rucwar,XC335317.ogg,6319.9951171875,92.73576736450195,0.0,-1.5,6309.228515625,6319.98900326815,6319.982889348797,
rucwar,XC335971.ogg,5762.947716346154,10792.403580191043,-1.1183433195219843,1.8876541062068428,5781.6650390625,5762.012799513613,5761.0645466742335,
rucwar,XC338010.ogg,4864.3505859375,345631.08579736005,-0.8352906357471654,-1.2529647008753677,3983.642578125,4828.052398437077,4789.428690674681,
rucwar,XC338011.ogg,5095.83251953125,92417.18802575408,3.3974260039666597,9.743760824622143,4995.703125,5088.073492359925,5081.205697065603,
rucwar,XC338012.ogg,4201.338009717988,1678.0084735009727,-0.0665185014405028,-0.7268053094141878,4166.6748046875,4201.143081865238,4200.948056725691,
rucwar,XC338013.ogg,4797.569691051136,43010.05497646103,-2.856537032433829,7.57309637269644,4834.2041015625,4792.736752629465,4787.452890739397,
rucwar,XC338619.ogg,,
rucwar,XC347703.ogg,12.56103515625,65.68783521652222,-0.2282688235636075,-0.8927335640138407,10.7666015625,0.0,0.0,
rucwar,XC347704.ogg,,
rucwar,XC352308.ogg,5735.5224609375,72430.7106091426,1.7659973334951324,1.532813462517054,5598.6328125,5729.949024382768,5724.6547195399,
rucwar,XC353587.ogg,6453.407353940217,163397.7341029955,-1.2636665832067355,0.8623594576739566,6524.560546875,6440.288610346254,6426.397386849298,
rucwar,XC353588.ogg,4153.515625,44274.888932704926,-2.412950338055378,3.952582944793387,4220.5078125,4148.375102903654,4142.80262133437,
rucwar,XC353589.ogg,7299.755859375,9833.189125718742,0.06060266674839132,-0.9064842355740632,7235.15625,7299.105040188335,7298.454502320193,
rucwar,XC378075.ogg,5267.352764423077,45192.33893889648,-0.11894259184908491,-0.937587473694824,4952.63671875,5263.3760369365955,5259.383762272122,
rucwar,XC380934.ogg,6328.742980957031,115552.98980642506,0.24073997784784595,-1.2629964528486595,5910.8642578125,6319.864997582051,6311.057889092585,
rucwar,XC381053.ogg,6353.8330078125,62449.25934076309,-2.930422940650348,9.044174197437236,6384.5947265625,6348.756515309036,6343.241508870335,
rucwar,XC381597.ogg,8069.56787109375,596536.3210725457,0.6334874618460613,-0.9124902043247043,8031.884765625,8034.326130558775,8000.371645275448,
rucwar,XC383600.ogg,,
rucwar,XC383601.ogg,3647.724609375,11468261.406898499,-0.19273993438069695,-1.9515946180673247,0.0,0.0,0.0,
rucwar,XC383602.ogg,,
rucwar,XC386080.ogg,,
rucwar,XC386424.ogg,0.0,0.0,0.0,-3.0,0.0,0.0,0.0,
rucwar,XC386425.ogg,4.306640625,34.77591276168823,0.40824829046386296,-1.8333333333333333,0.0,0.0,0.0,
rucwar,XC388833.ogg,3229.1522686298076,7198758.0982309105,-0.37673969769185245,-1.712480383572297,21.533203125,567.0400966821902,39.80121727873805,
rucwar,XC388834.ogg,18.45703125,27.59993076324463,-0.9486832980505138,-1.1,21.533203125,17.664447851531648,16.748046875,
rucwar,XC388835.ogg,35.888671875,38.63990306854248,0.7071067811865475,-1.5,32.2998046875,35.55053507721021,35.23615056818182,
rucwar,XC398973.ogg,,
rucwar,XC401619.ogg,5469.43359375,30771.073775906716,0.773366624295133,-0.7103604056805057,5351.0009765625,5466.708231051298,5464.026172544317,
rucwar,XC405905.ogg,,
rucwar,XC408327.ogg,6378.538513183594,40957.81425386667,0.35390400940955746,-0.7893965466559663,6158.49609375,6375.548026866185,6372.577453039234,
rucwar,XC410249.ogg,4944.561767578125,5438.566356897354,-1.1385880510351996,-0.6798582826711752,4984.9365234375,4944.145194197557,4943.724519726813,
rucwar,XC415874.ogg,,
rucwar,XC415875.ogg,,
rucwar,XC415876.ogg,,
rucwar,XC420195.ogg,4403.843323613556,843915.2616715768,2.464028359636011,5.055997644570899,4080.5419921875,4331.14146503195,4274.7589723604915,
rucwar,XC424472.ogg,4615.935724431818,477392.4896933816,2.8193591764637236,6.0132999644919565,4392.7734375,4576.821072904021,4545.96211081846,
rucwar,XC428318.ogg,,
rucwar,XC432221.ogg,0.0,0.0,0.0,-3.0,0.0,0.0,0.0,
rucwar,XC433336.ogg,1.5380859375,15.286115499643179,2.041241452319315,2.166666666666667,0.0,0.0,0.0,
rucwar,XC433376.ogg,4.6142578125,33.119916915893555,0.28867513459481287,-1.9166666666666667,0.0,0.0,0.0,
rucwar,XC451134.ogg,6207.766982256356,37410.90121880949,1.6784312297647055,5.4947356218680135,6136.962890625,6204.896992926899,6202.112457558445,
rucwar,XC451136.ogg,5689.805310837766,1424002.3171317237,-1.404549572261103,1.5690919787106772,5297.16796875,5525.630347483745,5304.913962122555,
rucwar,XC451139.ogg,5976.66015625,11017.675890642055,2.47803979299448,6.278067780886159,5932.3974609375,5975.813120583415,5974.988782958119,
rucwar,XC467461.ogg,,
rucwar,XC492567.ogg,,
rucwar,XC494224.ogg,,
rucwar,XC496266.ogg,6610.693359375,115.91970920562744,0.0,-1.5,6599.9267578125,6610.687514309269,6610.681669243532,
rucwar,XC496267.ogg,6483.28857421875,68041.00531339645,-1.580454405546212,0.8507566418665058,6535.3271484375,6478.73599754113,6473.9993049701325,
rucwar,XC500140.ogg,5956.494140625,68843.61129999161,1.5359720716932908,1.8430339922368866,5727.83203125,5951.212353354994,5946.142495179125,
rucwar,XC502336.ogg,4056.524188701923,2060070.0844480442,3.062721338508756,7.656980427898146,3359.1796875,3911.802757187245,3822.827478215723,
rucwar,XC512578.ogg,6494.544566761364,230120.60135941615,-0.4148737529626091,-1.4313566457862699,6804.4921875,6476.968751136505,6459.042239716451,
rucwar,XC513769.ogg,,
rucwar,XC513772.ogg,,
rucwar,XC531463.ogg,,
rucwar,XC540091.ogg,,
rucwar,XC540329.ogg,521.282958984375,2800798.4448698433,3.0150169773487416,7.090559754694125,32.2998046875,57.201406404748674,40.35149047049672,
rucwar,XC542234.ogg,5338.803847519668,518303.5307974695,1.6621603120451498,1.654558625936576,4920.3369140625,5296.33518224991,5259.006609285635,
rucwar,XC542585.ogg,5464.9002878289475,320084.1444103341,1.2896166058563012,2.1809682271851525,5501.7333984375,5439.003356760993,5414.704263124922,
rucwar,XC543723.ogg,53.8330078125,77.27980613708496,0.0,-1.0,53.8330078125,53.28640902571622,52.734375,
rucwar,XC544941.ogg,5391.582782451923,238353.21437854038,-0.7472279746166054,-0.17723080679723324,5684.765625,5370.095864497412,5347.490218772769,
rucwar,XC552747.ogg,,
rucwar,XC553401.ogg,6516.8701171875,1457.2763442993164,0.3278792213029195,-1.737388085399449,6481.494140625,6516.774394300768,6516.678785689775,
rucwar,XC559009.ogg,4552.519758357558,428725.8993886237,0.4603732833540839,-0.09736422209863838,4780.37109375,4507.569592290489,4463.674442763472,
rucwar,XC559024.ogg,5971.663890165441,79099.85921838705,-1.368962133548875,0.9505727697664619,5824.7314453125,5965.14618921705,5958.332784297327,
rucwar,XC560740.ogg,6551.47705078125,193.1995153427124,0.0,-1.3599999999999999,6535.3271484375,6551.465992212767,6551.454933639046,
rucwar,XC560744.ogg,4827.497038294057,114745.68959337765,-0.22997064437514222,-0.8850262247675085,5006.4697265625,4815.6377304205835,4803.624255170402,
rucwar,XC560747.ogg,5676.15234375,183350.20405054092,0.08351190690591079,-1.5764655648134673,5490.966796875,5663.252626066493,5650.404484687503,
rucwar,XC560765.ogg,,
rucwar,XC562165.ogg,,
rucwar,XC562169.ogg,,
rucwar,XC565141.ogg,,
rucwar,XC568023.ogg,,
rucwar,XC576360.ogg,6285.239771792763,192592.38949731775,-0.48141846246463094,-1.4357549285057505,6115.4296875,6269.812505303073,6254.045523064191,
rucwar,XC577089.ogg,8260.833381204044,101175.4867275131,1.0573199394781718,-0.6302435627863336,8021.1181640625,8255.040980984504,8249.400400128568,
rucwar,XC582212.ogg,5805.889892578125,45846.24499082565,-1.3448430980640422,2.714790549472493,5480.2001953125,5801.969718023258,5797.903532559787,
rucwar,XC585403.ogg,6775.42236328125,17718.632603946484,-0.7016790343990811,-0.8565694053983575,6793.7255859375,6774.168667495629,6772.903547711952,
rucwar,XC587086.ogg,6427.6611328125,77.27980613708496,0.0,-1.0,6427.6611328125,6427.656624180637,6427.652115545609,
rucwar,XC599598.ogg,6236.015625,5158.427059650421,2.224480728658886,7.091455203467575,6255.3955078125,6235.624979560892,6235.240565203702,
rucwar,XC599600.ogg,6077.74658203125,38.63990306854248,0.0,-2.0,6072.36328125,6077.744197929458,6077.741813828608,
rucwar,XC610554.ogg,5135.102282072368,479669.16097685765,-0.9597901465442905,-0.2707607410158981,3714.4775390625,5084.62725899837,5028.905744588368,
rucwar,XC618008.ogg,3.5888671875,38.63990306854248,0.7071067811865475,-1.5,0.0,0.0,0.0,
rucwar,XC65653.ogg,6285.995322779605,122801.00141700945,-3.5626977760599146,11.8889117343244,6341.5283203125,6275.311035776721,6262.952190825958,
