primary_label,filename,mean,variance,skewness,kurtosis,mode,gmean,hmean
rudpig,XC10790.ogg,797.4462890625,618.2384490966797,-0.6980258341631614,-0.09315935445580692,785.9619140625,797.0578473290179,796.6633367310267,
rudpig,XC113556.ogg,843.7100497159091,470.00173005190766,-1.371491095108181,0.4321321562870839,850.5615234375,843.4509342508869,843.1858385813028,
rudpig,XC117385.ogg,435.44921875,158262.60298490524,-0.22355215453129676,-1.949211366371758,775.1953125,134.73355606236348,31.56501654798318,
rudpig,XC118028.ogg,,
rudpig,XC119546.ogg,59.21630859375,127.51168012619019,0.0,-0.9421487603305785,53.8330078125,58.29689154294699,57.36117534355179,
rudpig,XC120785.ogg,942.07763671875,38.63990306854248,0.0,-2.0,936.6943359375,942.0622557338154,942.046875,
rudpig,XC120789.ogg,929.9652099609375,64.16983902454376,-0.6604840139049142,-0.7388137356919873,936.6943359375,929.9349125560303,929.9045065208719,
rudpig,XC121252.ogg,801.5350341796875,104584.53054997054,-1.832619524599113,1.3854188650489387,958.2275390625,620.2038675044116,313.26357654791417,
rudpig,XC125914.ogg,,
rudpig,XC129954.ogg,7.6904296875,27.59993076324463,-0.9486832980505138,-1.1,10.7666015625,0.0,0.0,
rudpig,XC130316.ogg,719.1192626953125,1290.0267638590026,0.4656016043805617,-1.1190320000697471,689.0625,718.2713794496127,717.4358578801316,
rudpig,XC135032.ogg,775.1953125,77.27980613708496,0.0,-1.0,775.1953125,775.1579257622085,775.120537221472,
rudpig,XC149243.ogg,,
rudpig,XC160952.ogg,844.6888316761364,1190.8115582032638,-0.7967254002757261,-0.9862087869057872,861.328125,844.0340057855294,843.365405830884,
rudpig,XC167368.ogg,780.57861328125,2907.888315072874,0.47332015836476526,-1.533327393400861,742.8955078125,778.79561450293,777.0521797147153,
rudpig,XC180682.ogg,,
rudpig,XC182320.ogg,886.5997314453125,1718.0924505834848,-1.4019671339173796,0.37110217483692143,915.1611328125,885.5996152188668,884.5538176417748,
rudpig,XC182324.ogg,993.218994140625,801.7779886722565,0.07141289204148528,-1.9053563652199157,968.994140625,992.9165759175829,992.614588561084,
rudpig,XC186731.ogg,,
rudpig,XC1876.ogg,763.83056640625,60.99043523564058,0.07832153105481746,-0.9876933760271593,764.4287109375,763.7928771025087,763.7552054653083,
rudpig,XC189991.ogg,1153.4307065217392,472945.0826682592,2.9287956684448853,6.584994002536268,936.6943359375,1055.2344085944858,1008.4332416820743,
rudpig,XC191792.ogg,,
rudpig,XC193542.ogg,945.9228515625,8246.859312057495,-0.38461573028515994,-1.6998583356182426,1012.060546875,942.0885277144665,938.1748168993369,
rudpig,XC195104.ogg,,
rudpig,XC217263.ogg,830.7648689516129,1206.3128448301748,0.16736006555615196,-0.5454160227137774,796.728515625,830.0643257564982,829.3658563497085,
rudpig,XC219732.ogg,953.9208984375,505.1658906434712,-0.26924183297850784,-0.9887978715956032,968.994140625,953.668215423563,953.4144263823412,
rudpig,XC219916.ogg,846.0064227764423,103.6143862284147,1.5123828961275145,1.1232517974529292,839.794921875,845.9482266313843,845.8907100801921,
rudpig,XC2248.ogg,,
rudpig,XC2317.ogg,1433.2003079927886,1094813.6805213415,1.5578882013672777,0.44131470547582197,958.2275390625,1204.226116482121,1084.4355842338068,
rudpig,XC234288.ogg,2324.688720703125,236498.5627233982,-2.9570038466172197,6.881485558960259,742.8955078125,2232.9781195201126,2067.4602286285112,
rudpig,XC238777.ogg,807.4951171875,270.47932147979736,0.3030457633656632,-1.2142857142857144,796.728515625,807.352076743593,807.2095684916804,
rudpig,XC238778.ogg,1045.1678466796875,1155.5560242671233,-2.386462170529182,5.484412374937095,1055.126953125,1044.5988875698554,1043.9979665554617,
rudpig,XC238779.ogg,963.85009765625,3426.085877284575,-0.9286980435256301,-0.7515951414014066,990.52734375,962.0207460643685,960.1203311840626,
rudpig,XC238780.ogg,819.0899188701923,66.8767553109389,-0.1194638227174555,-1.1177777777777802,818.26171875,819.0522041538434,819.0144593120051,
rudpig,XC238781.ogg,3943.583060599662,866.5971381072625,0.21962805563840013,-0.46035487210428494,3940.576171875,3943.4742884750503,3943.365628585967,
rudpig,XC238782.ogg,658.1982421875,128751.46901607513,-1.0552928619098836,-0.8845686971260656,872.0947265625,463.8076239125431,245.2903299221497,
rudpig,XC245050.ogg,,
rudpig,XC245572.ogg,970.8941291360294,61.369257814743946,-0.263888888888881,-0.982638888888892,968.994140625,970.8643413660267,970.8345116769649,
rudpig,XC245574.ogg,829.0283203125,0.0,0.0,-3.0,829.0283203125,829.0283203124998,829.0283203125,
rudpig,XC251310.ogg,62.20703125,1304.839803622319,1.1991047899277876,-0.004677746587034903,32.2998046875,54.41557561799443,48.9693964954827,
rudpig,XC251311.ogg,1007.4462890625,187.67952919006348,-0.17120161767270564,-1.4645328719723183,990.52734375,1007.3663281919437,1007.2862521536103,
rudpig,XC25478.ogg,,
rudpig,XC257599.ogg,781.995271381579,170.15115210884494,0.550522878457922,-0.48480976492436856,775.1953125,781.8927915562474,781.7908989742684,
rudpig,XC257600.ogg,819.2710876464844,271.9205275418297,-0.4878482214093097,-0.8625350397022746,829.0283203125,819.1092324637126,818.9462997144346,
rudpig,XC257601.ogg,776.3090988685345,334.0543344103056,0.05888999578144893,-1.126881437650668,764.4287109375,776.1014749091465,775.893998001417,
rudpig,XC261583.ogg,242.07488029233872,156057.8433544405,1.3150937670623937,-0.26489068074387845,32.2998046875,69.49082713473975,41.315405568616306,
rudpig,XC261584.ogg,921.3134765625,535.4386568069458,-1.5743268076081742,1.0955999574875115,936.6943359375,921.0580733616703,920.7962235335528,
rudpig,XC261585.ogg,982.452392578125,1878.426196900281,0.13264285363125758,-1.2381360783210622,925.927734375,981.5783652868585,980.7072128179158,
rudpig,XC261586.ogg,830.2949793198529,879.3532764210418,-0.0076872872307209884,-1.3266705316515697,807.4951171875,829.77534089301,829.255485677825,
rudpig,XC264409.ogg,888.24462890625,1838.4865880012512,0.4630640247762241,-1.7191821884108904,850.5615234375,887.2632326705641,886.2968433214189,
rudpig,XC284322.ogg,,
rudpig,XC284841.ogg,761.4006042480469,181.24140017936307,0.6472216871389282,-0.5586188233210745,753.662109375,761.2861375679992,761.1725045067886,
rudpig,XC298617.ogg,801.7529296875,64.03183937072754,0.11685999730107574,-0.2479191438763384,796.728515625,801.7156835476604,801.6784610760857,
rudpig,XC298618.ogg,716.748046875,48.406032415536735,0.6158001277578237,-0.5706371191135733,710.595703125,716.7168088458443,716.6856887531228,
rudpig,XC301421.ogg,820.2804565429688,961.650587618351,0.10056319388819983,-1.7718886168067707,785.9619140625,819.7320030485819,819.185099230272,
rudpig,XC303409.ogg,806.41845703125,169.60883767981278,-1.4535151298544537,3.7096423580560014,807.4951171875,806.3169497616957,806.2137823827998,
rudpig,XC317238.ogg,884.5613178453947,2308.903681604486,0.8135890400136919,-0.8116213348762069,850.5615234375,883.3575930278652,882.1870994291639,
rudpig,XC323826.ogg,0.0,0.0,0.0,-3.0,0.0,0.0,0.0,
rudpig,XC326982.ogg,4386.492919921875,1365185.5371350592,-2.8637087080918966,6.506810761950394,4618.8720703125,4036.475494168508,3241.7907985545207,
rudpig,XC326984.ogg,784.6160888671875,2625.5814135074615,0.881095171623167,-0.8340667319659469,764.4287109375,783.1008653250857,781.6399777677179,
rudpig,XC329457.ogg,853.253173828125,14270.544201135635,-5.622053402554547,30.047155364978515,872.0947265625,832.9243789730416,777.6289429598519,
rudpig,XC341381.ogg,355.2978515625,63929.719626903534,1.498300360392599,0.24773407068335063,236.865234375,308.142144656999,281.5549402541862,
rudpig,XC342777.ogg,812.87841796875,383.0390391142472,-1.1312970724105198,0.8247922437673134,829.0283203125,812.6483969136443,812.4140510205231,
rudpig,XC345019.ogg,859.9822998046875,14.48996365070343,-2.2677868380553634,3.1428571428571423,861.328125,859.9748818016387,859.9674170616114,
rudpig,XC345020.ogg,24.84600360576923,26.75070212437556,0.833333333333334,-1.3055555555555545,21.533203125,24.394423719092877,23.994140625,
rudpig,XC34922.ogg,,
rudpig,XC354187.ogg,768.6417289402174,408.2389758980793,3.0004431529612265,9.971331345629897,764.4287109375,768.3998124527998,768.1692414691167,
rudpig,XC354188.ogg,1024.365234375,1175.7570505142212,-1.9455126950012855,1.969020696951664,1033.59375,1023.8524319250511,1023.3180963348356,
rudpig,XC354189.ogg,949.3609260110294,5002.4468627046135,-0.618268661405343,-1.402286971455875,1001.2939453125,946.7997506610714,944.163339538236,
rudpig,XC357419.ogg,0.0,0.0,0.0,-3.0,0.0,0.0,0.0,
rudpig,XC357421.ogg,0.0,0.0,0.0,-3.0,0.0,0.0,0.0,
rudpig,XC365689.ogg,,
rudpig,XC384055.ogg,,
rudpig,XC393346.ogg,1018.212890625,447.118878364563,-0.47454331522495535,-0.011111111111111516,1012.060546875,1018.0023353844647,1017.7903065980132,
rudpig,XC394346.ogg,844.580078125,2611.413449048996,-0.18982150411304194,-1.8827033042885966,893.6279296875,843.1945423014864,841.8008403924346,
rudpig,XC399023.ogg,,
rudpig,XC399448.ogg,,
rudpig,XC401203.ogg,,
rudpig,XC401205.ogg,,
rudpig,XC401248.ogg,,
rudpig,XC406970.ogg,,
rudpig,XC419090.ogg,,
rudpig,XC427748.ogg,838.2115981158088,373.27799408193573,-0.5430005378293625,-0.6599364520699007,850.5615234375,837.9936026957857,837.7737346763508,
rudpig,XC429133.ogg,12.919921875,81.14379644393921,-0.3436215967445456,-1.153061224489796,10.7666015625,0.0,0.0,
rudpig,XC431248.ogg,915.1611328125,57.95985460281372,0.0,-0.75,915.1611328125,915.1329833193568,915.1048325274916,
rudpig,XC434450.ogg,,
rudpig,XC439406.ogg,711.45703125,95.82695960998535,-0.49644933281997655,-0.8377341311134234,721.3623046875,711.3920811059454,711.3268344091617,
rudpig,XC443971.ogg,3.1901041666666665,25.099424215463497,0.892217816219194,-1.2039473684210524,0.0,0.0,0.0,
rudpig,XC450630.ogg,899.5006214488636,339.228239926425,-1.6564064858336645,2.19348062042645,904.39453125,899.3164752455417,899.128070647069,
rudpig,XC450633.ogg,,
rudpig,XC466603.ogg,779.58984375,62.39555776119232,0.16157028562520442,-0.22054386319564534,775.1953125,779.5506801161931,779.5115538052432,
rudpig,XC466608.ogg,1093.8069661458333,1262688.9534638482,3.2466724940107436,8.5558642557007,775.1953125,896.2750447871197,832.4706952369797,
rudpig,XC475757.ogg,,
rudpig,XC482094.ogg,,
rudpig,XC482095.ogg,,
rudpig,XC482176.ogg,897.119800464527,41557.56385745229,1.18938551525289,-0.5707617199557395,785.9619140625,877.7377177893026,861.5123633468122,
rudpig,XC483068.ogg,790.1029146634615,2058.3179134588977,0.17898680034560668,-1.8237315747631277,742.8955078125,788.9072476968034,787.720670693573,
rudpig,XC484109.ogg,783.0255681818181,604.8901189457288,-2.605136495391282,5.316435795019945,785.9619140625,782.654840557827,782.2634753250164,
rudpig,XC493851.ogg,1994.6299677309783,2762031.7403012114,1.1745999714509752,-0.515574403599798,1022.8271484375,1540.417329246641,1305.801450153085,
rudpig,XC495465.ogg,,
rudpig,XC504751.ogg,820.9935430270523,658.0842107413098,-0.1685022040922494,0.253606754981496,818.26171875,820.5968389849463,820.1980920497434,
rudpig,XC506913.ogg,665.0823419744319,143960.76038448306,-1.1530196701311564,-0.6667868283642586,882.861328125,0.0,0.0,
rudpig,XC507119.ogg,,
rudpig,XC518416.ogg,,
rudpig,XC520998.ogg,500.64697265625,38.63990306854248,0.0,-2.0,495.263671875,500.61802934229894,500.589087701613,
rudpig,XC520999.ogg,895.5854936079545,42.15262152931907,-0.023717082451242818,-0.2525000000000013,893.6279296875,895.5640959749566,895.5426947142092,
rudpig,XC521000.ogg,1480.40771484375,38.63990306854248,0.0,-2.0,1475.0244140625,1480.3979269917907,1480.3881392045455,
rudpig,XC521570.ogg,,
rudpig,XC524021.ogg,254.96228806515958,6753.78830120346,1.8431246648693795,1.427791064779921,215.33203125,245.30674708320055,238.45297634938268,
rudpig,XC524022.ogg,259.8204414799528,7481.44793752662,1.5862740297951186,0.5420780499676221,215.33203125,249.06532624777574,241.2384847979193,
rudpig,XC525212.ogg,,
rudpig,XC525629.ogg,,
rudpig,XC525630.ogg,,
rudpig,XC529408.ogg,481.805419921875,106.25973343849182,0.49338220021815865,-1.371900826446281,473.73046875,481.72320385681473,481.64148836566795,
rudpig,XC536214.ogg,,
rudpig,XC544543.ogg,890.936279296875,276.6265787861564,0.898278236454309,-0.21387755102040806,882.861328125,890.7954439285728,890.6560752450948,
rudpig,XC554967.ogg,803.8246848366477,603.5544690193636,0.1895301810426393,-1.4525979475671635,785.9619140625,803.4590173754913,803.0947352625977,
rudpig,XC566583.ogg,,
rudpig,XC566920.ogg,770.2532658811475,632.047463635929,-2.3172642297562613,5.788927311763567,764.4287109375,769.8276098776718,769.3782734911302,
rudpig,XC591178.ogg,791.883544921875,201.02917991186442,-0.11101137094333702,-0.7950750781176241,796.728515625,791.7627732986056,791.6418199244519,
rudpig,XC591180.ogg,922.3388671875,30.911922454833984,-0.7071067811865475,-1.5,925.927734375,922.3248662869166,922.3108291625977,
rudpig,XC591182.ogg,904.39453125,132.47966766357422,-0.7261843774138906,-0.65625,915.1611328125,904.3257553020571,904.2565635179417,
rudpig,XC63301.ogg,898.7548828125,3392.031490802765,-0.6137942951425637,-1.5051395850615816,818.26171875,896.9073821043139,895.0135062249866,
rudpig,XC63302.ogg,514.105224609375,144063.358604908,-0.494027115522099,-1.7241292772318613,53.8330078125,294.5065908648891,135.6144334694243,
rudpig,XC63303.ogg,773.8494873046875,59100.421741604805,-2.26670572546323,3.1401006905394953,861.328125,703.2577324094472,573.6136722866174,
rudpig,XC71229.ogg,,
rudpig,XC71230.ogg,,
rudpig,XC71309.ogg,846.0464969758065,41551.60673203009,-3.4014855664835943,9.952558669928422,872.0947265625,774.5096149773058,571.3125904331625,
rudpig,XC715.ogg,,
rudpig,XC74009.ogg,0.5126953125,5.385352344047733,4.2485291572496005,16.05,0.0,0.0,0.0,
rudpig,XC74010.ogg,451.3690655048077,408799.77141435334,0.8330349558502649,-1.305400789597578,43.06640625,121.0082224588307,57.566575963202496,
rudpig,XC74011.ogg,2301.54052734375,1019619.236130139,1.0341635766630775,0.3871714219149007,1378.125,2116.2582311830784,1963.0577111604766,
rudpig,XC9359.ogg,495.263671875,198.71950149536133,0.0,-1.0000000000000002,484.4970703125,495.08803602525757,494.9123378290315,
rudpig,XC9360.ogg,,
