primary_label,filename,mean,variance,skewness,kurtosis,mode,gmean,hmean
rufhum,XC113487.ogg,6855.09521484375,2319.6821808815002,1.3389299878243832,0.03850473594008674,6826.025390625,6854.943837698222,6854.7933562224025,
rufhum,XC132945.ogg,4278.955078125,2725338.603258133,-0.351621065711964,-0.2699875664319351,1313.525390625,3879.4314308550993,3353.3872330282006,
rufhum,XC132947.ogg,,
rufhum,XC133552.ogg,6665.8721923828125,53536.27569973469,-2.257394993885257,3.116601287100213,6739.892578125,6662.175622659283,6658.288718331376,
rufhum,XC133553.ogg,773.4493771114865,897205.931556441,3.069408085923016,7.421576894512416,495.263671875,584.5656611853209,531.669947421939,
rufhum,XC133555.ogg,6874.47509765625,193.1995153427124,0.0,-1.3599999999999999,6858.3251953125,6874.464558677814,6874.4540196948365,
rufhum,XC133556.ogg,4242.938232421875,12585033.114836974,-0.34087921206936134,-1.8800516520121646,118.4326171875,1561.6393395622586,383.354338992171,
rufhum,XC133557.ogg,55.986328125,81.14379644393921,-0.3436215967445456,-1.153061224489796,53.8330078125,55.37823904709404,54.74543167372881,
rufhum,XC133559.ogg,6907.091567095588,246418.02654546848,-1.606505844724146,0.7448149344804329,7052.1240234375,6888.900023445102,6869.245863614209,
rufhum,XC133560.ogg,6794.921875,1032973.4086990356,0.16371318031203996,-1.9122179119979819,7848.8525390625,6728.011273639759,6662.671711486579,
rufhum,XC133561.ogg,7042.0751953125,460192.4135684967,1.0331932843887188,-0.8801860487843154,6642.9931640625,7013.3410392739,6986.4094039177235,
rufhum,XC133573.ogg,6312.8173828125,5158.427059650421,1.0266496320960476,-0.5913079156672136,6255.3955078125,6312.456838396087,6312.098922801884,
rufhum,XC133575.ogg,5595.888384650735,9941955.142025387,-0.21412904903809138,-0.8442672286837518,215.33203125,3637.708270361984,1064.9840730386722,
rufhum,XC133576.ogg,6714.7705078125,46290.60387611389,1.947753347096092,4.109098044886457,6729.1259765625,6711.72747517029,6708.795048177241,
rufhum,XC133577.ogg,8697.2607421875,153037.20009326935,1.4046694031707814,0.1400987329344936,8419.482421875,8690.473285027678,8683.933377058916,
rufhum,XC133579.ogg,6816.2841796875,668264.4276022911,1.6944791518730893,1.060296223648872,6395.361328125,6774.824697461924,6738.2262114602845,
rufhum,XC133580.ogg,6820.64208984375,6723.343133926392,-0.6845751549558231,-1.3260695479142905,6869.091796875,6820.208585259893,6819.772857763826,
rufhum,XC133581.ogg,,
rufhum,XC133582.ogg,8718.7939453125,23033.246219158173,1.4952839101715043,0.243713858246696,8645.5810546875,8717.753285291645,8716.728589436923,
rufhum,XC133583.ogg,7777.79296875,1800773.5096421735,-0.1710139333891786,-1.80216551940004,9087.01171875,7662.516526794062,7546.122668728848,
rufhum,XC133584.ogg,6895.518909801136,21778.1519131227,0.3183383472221215,-1.4857102716452957,6729.1259765625,6894.0892328439595,6892.665762965218,
rufhum,XC133585.ogg,3285.009765625,15082847.883403301,0.2329036133399437,-1.9333611705321503,10.7666015625,228.58375970866118,24.18946699225544,
rufhum,XC133586.ogg,7742.319849917763,833693.1928208,0.7287692406403059,-0.08006904546686533,7353.5888671875,7693.443254922913,7646.644815202914,
rufhum,XC133587.ogg,6770.654296875,154458.182528615,-0.4342695506309536,-1.0266178067322222,6093.896484375,6759.266618110112,6747.67507601477,
rufhum,XC140027.ogg,7085.654296875,1173710.7196476148,-0.12635956635459,-1.4241137336102283,5943.1640625,7001.869016712087,6916.787527605181,
rufhum,XC146603.ogg,4465.447998046875,1515.2361989021301,0.48715893594055437,-1.5395503000985398,4435.83984375,4465.299931982669,4465.152259449317,
rufhum,XC156766.ogg,27.405894886363637,31.614466146989308,-0.1825741858350554,-1.9666666666666672,32.2998046875,26.863241403081965,26.318359375,
rufhum,XC167774.ogg,7295.5810546875,149392.63517725957,1.5984218116205473,3.013911420021387,7181.3232421875,7285.915201261583,7276.715056222825,
rufhum,XC170383.ogg,2922.4594116210938,4002.610959112644,1.3064407086662941,1.9588046597122712,2885.44921875,2921.828527655924,2921.208449109245,
rufhum,XC170390.ogg,7966.243227066532,529887.1889268198,0.05138084876991064,-1.7544341301405024,8677.880859375,7934.057967941932,7902.0314276175395,
rufhum,XC170401.ogg,7450.48828125,115.91970920562744,0.0,-1.5,7439.7216796875,7450.483095022135,7450.477908794262,
rufhum,XC170403.ogg,1521.1669921875,954.9576044082642,-0.12585511496013901,-1.2218082795950411,1475.0244140625,1520.8974579402434,1520.6274718809725,
rufhum,XC170409.ogg,9291.5771484375,4115.149676799774,0.4043653296874741,-1.801329101368776,9248.5107421875,9291.400284863106,9291.223718221843,
rufhum,XC170417.ogg,8719.55802671371,2280223.693543865,-5.231165927653549,25.602425415836247,8850.146484375,8243.226739916194,6240.80781863502,
rufhum,XC170421.ogg,,
rufhum,XC174754.ogg,7464.680619673295,526301.0145546673,-0.6363426297325048,-0.5719727507900503,7601.220703125,7428.198436848138,7389.958083084099,
rufhum,XC182423.ogg,,
rufhum,XC183578.ogg,,
rufhum,XC196489.ogg,8773.123873197115,533227.6900456501,-2.0481707252517274,3.1614796259807036,9076.2451171875,8741.387026749366,8705.481502032419,
rufhum,XC27727.ogg,7046.02294921875,279300.0119040752,1.3766230065870138,0.41166679487514957,6804.4921875,7028.025060785692,7011.151001236591,
rufhum,XC331418.ogg,1314.5757907774391,7154030.963211526,1.7556887024668344,1.0936881467187254,86.1328125,219.85340202158355,126.86975254684685,
rufhum,XC331692.ogg,132.9261192908654,249.85155784166778,3.712174987762949,14.650914687734517,129.19921875,132.20885658319256,131.63089275477017,
rufhum,XC331693.ogg,6199.986899771341,10928.683999108103,-0.17867767304875554,-1.2783474745207826,6244.62890625,6199.125196489434,6198.261734166124,
rufhum,XC396301.ogg,,
rufhum,XC398592.ogg,,
rufhum,XC398594.ogg,,
rufhum,XC406308.ogg,8208.291391225961,27070.28384575477,-0.7309920167456971,0.08834838776620257,8171.8505859375,8206.689850540828,8205.072102948921,
rufhum,XC411405.ogg,3513.14208984375,260382.7148079872,2.299889997393094,3.751534098289274,3294.580078125,3485.314580156376,3462.1793565620555,
rufhum,XC414930.ogg,0.0,0.0,0.0,-3.0,0.0,0.0,0.0,
rufhum,XC420411.ogg,3118.7255859375,53786.74507141113,-2.350843235017033,3.7650098585203615,3219.2138671875,3110.0791213793764,3100.344605245414,
rufhum,XC450943.ogg,142.9021661931818,1972.7426875721326,1.0151724745019421,-0.9210428994082829,118.4326171875,137.56039179049463,133.22075883846878,
rufhum,XC489370.ogg,8079.2578125,869927.3890821558,-0.3784109207790488,-1.6335325939896963,6847.55859375,8026.353913919119,7972.082816789835,
rufhum,XC495185.ogg,6108.91964934593,71125.79180750737,2.992143692190143,10.067757420811606,5964.697265625,6103.664519035654,6098.797060720288,
rufhum,XC545904.ogg,,
rufhum,XC581027.ogg,4.78515625,32.1999192237854,0.22360679774997896,-1.95,0.0,0.0,0.0,
rufhum,XC581028.ogg,9.68994140625,63.111841678619385,0.13994169096209913,-0.9604331528529775,10.7666015625,0.0,0.0,
rufhum,XC588325.ogg,7832.70263671875,2219.034433364868,-0.08752437804630822,-1.8262419247048343,7870.3857421875,7832.578649296301,7832.454622466291,
rufhum,XC588326.ogg,9569.20166015625,20535.90848394062,0.2873222004543921,-1.1094362627589378,9431.54296875,9568.146818833315,9567.094899513446,
rufhum,XC588329.ogg,6521.2921142578125,252312.60796162215,1.1048040969788502,0.19721049372645583,6223.095703125,6503.227553842421,6486.072672170131,
rufhum,XC588330.ogg,6802.12353515625,394000.63515901566,1.2847057210019617,0.12674857246303617,6298.4619140625,6775.687223091179,6751.139460244839,
rufhum,XC609195.ogg,72.19956341911765,437.2218678979313,0.5203345982971767,-0.5841369251119537,53.8330078125,69.32620554927637,66.58541583048257,
rufhum,XC609197.ogg,55.32905039863326,13.900815754274232,2.0876055596905925,2.358096972851069,53.8330078125,55.21423398070863,55.109266450884185,
rufhum,XC613904.ogg,5304.345703125,668983.6817979813,0.028661900669127823,-1.7260069525130082,4500.439453125,5245.171894756803,5186.536565784838,
rufhum,XC67400.ogg,,
