primary_label,filename,mean,variance,skewness,kurtosis,mode,gmean,hmean
rutjac1,XC118855.ogg,,
rutjac1,XC119178.ogg,18.278184047965116,25.03249534340792,-0.8608284620211162,-1.2589743589743596,21.533203125,17.462224554584473,16.534423828125,
rutjac1,XC121548.ogg,2849.560546875,170.0155735015869,-0.0548202444686843,-1.3884297520661155,2842.3828125,2849.5356829272414,2849.510815135272,
rutjac1,XC126154.ogg,3280.224609375,95.46328993404613,-1.2418832684588894,2.3265306122448983,3283.8134765625,3280.2108332325397,3280.1970237094274,
rutjac1,XC126156.ogg,3263.7158203125,1140.429139137268,0.6346315163010356,-1.1829346005815822,3240.7470703125,3263.5534336131136,3263.391731535421,
rutjac1,XC126158.ogg,3271.25244140625,1762.661460567923,-1.194008847537022,1.328292597151397,3283.8134765625,3270.9953881609053,3270.735692333121,
rutjac1,XC130916.ogg,2683.7548828125,554.2066097259521,-0.31000195235809436,-1.4661433945492928,2702.4169921875,2683.6583418214445,2683.5616318146267,
rutjac1,XC130918.ogg,2559.514825994318,4314.320813525807,-0.01582732572767067,-1.5609508976759874,2476.318359375,2558.74822987828,2557.9814627800397,
rutjac1,XC130919.ogg,2633.3023563508063,2563.9445358707057,-0.01300589853805637,-1.2563734207086368,2573.2177734375,2632.8310475788753,2632.359619915298,
rutjac1,XC133976.ogg,2083.8267933238635,1121299.7776703401,-0.5669235610100233,-1.6781185528860947,2842.3828125,1751.2099444261858,1409.2185164457069,
rutjac1,XC145536.ogg,5423.291015625,143.51963996887207,-0.19201160638565623,-1.143491124260355,5415.6005859375,5423.279671093793,5423.268323576501,
rutjac1,XC145555.ogg,2592.059326171875,5195.686966180801,-0.3078377854126522,-0.7137265757686384,2476.318359375,2591.0787885752643,2590.092182329431,
rutjac1,XC148296.ogg,281.2774658203125,3757.040575146675,0.5163977794943222,-1.7333333333333336,236.865234375,275.7627138794344,270.703125,
rutjac1,XC150502.ogg,2823.541259765625,1389.5112511358764,-0.036594848241597054,-0.9210973092619659,2831.6162109375,2823.307400549696,2823.073445783329,
rutjac1,XC162287.ogg,,
rutjac1,XC166035.ogg,3375.32958984375,498.454749584198,0.0,-1.7230935640886966,3359.1796875,3375.268057357798,3375.2065253723354,
rutjac1,XC166039.ogg,3314.31884765625,65.68783521652222,0.2282688235636075,-0.8927335640138407,3316.11328125,3314.310592342228,3314.302339808693,
rutjac1,XC166445.ogg,3123.211669921875,27273.423582315445,2.3365817780701557,6.026174948526894,3003.8818359375,3119.2684855434086,3115.5984495395414,
rutjac1,XC169851.ogg,2896.2158203125,563.0385875701904,0.1712016176727056,-1.7681660899653981,2874.6826171875,2896.1308407367387,2896.045936901553,
rutjac1,XC169874.ogg,2862.12158203125,11657.658755779266,-1.568375314944868,0.7471595331679763,2917.7490234375,2860.359893764415,2858.5322604602743,
rutjac1,XC170044.ogg,,
rutjac1,XC170159.ogg,3144.184112548828,234939.2189415953,-1.142499596750556,-0.39296649296052344,3456.0791015625,3102.677150142602,3055.7487094144,
rutjac1,XC170164.ogg,,
rutjac1,XC173323.ogg,2867.9036458333335,598.7533697715173,0.31187452556530765,-0.5260166737197789,2853.1494140625,2867.8032914563837,2867.7031052334396,
rutjac1,XC177966.ogg,,
rutjac1,XC178086.ogg,2917.7490234375,794.8780059814453,-0.4592793267718459,-1.375,2928.515625,2917.6295005979036,2917.509646672797,
rutjac1,XC186322.ogg,211.7431640625,480282.95516967773,3.457151747669776,9.99536291889466,21.533203125,32.32462607746807,20.562729338242725,
rutjac1,XC186942.ogg,,
rutjac1,XC1949.ogg,2641.278076171875,421.20561003685,-0.1444831172017096,-1.1789148409443988,2659.3505859375,2641.201129194535,2641.124124257672,
rutjac1,XC2308.ogg,2740.458984375,1604.1079759597778,-2.0571103874370764,2.464693689729441,2756.25,2740.1803961364167,2739.8962950600203,
rutjac1,XC233566.ogg,2360.5967569694244,2985.5096328993086,1.3594252998238803,3.714593271318134,2357.8857421875,2359.9810814076623,2359.3769224501125,
rutjac1,XC238282.ogg,3333.33984375,398103.7392055287,4.340166064708653,21.25751250709021,3380.712890625,3293.1200910824805,3263.581253746975,
rutjac1,XC238283.ogg,2885.44921875,1275.1168012619019,-0.9314345108132318,-0.8272727272727272,2896.2158203125,2885.2468538231055,2885.042998041108,
rutjac1,XC244978.ogg,3017.247272359914,626.4232561506075,1.5422035000395051,5.321163253723341,3025.4150390625,3017.147859273296,3017.0492421504587,
rutjac1,XC245377.ogg,3385.01953125,2890.2647495269775,-0.9782855796147625,-0.8111184191712661,3413.0126953125,3384.6314524705303,3384.2395364809395,
rutjac1,XC246928.ogg,1675.3203293372844,794249.3482481415,0.4012814578490379,-1.8185505644674407,958.2275390625,1455.6094115400144,1286.2004309751228,
rutjac1,XC246929.ogg,2595.289306640625,199778.16220804266,-2.5078722710935963,7.11820136309907,2971.58203125,2538.260817035991,2444.7320497795645,
rutjac1,XC246930.ogg,,
rutjac1,XC250854.ogg,118.4326171875,0.0,0.0,-3.0,118.4326171875,118.43261718750006,118.4326171875,
rutjac1,XC250855.ogg,2874.08447265625,485246.3427186012,-3.8653030664563186,12.98457397926952,3046.9482421875,2492.331280148754,1046.1281633890824,
rutjac1,XC252394.ogg,,
rutjac1,XC261830.ogg,3096.474609375,30.911922454833984,-0.40824829046386296,-1.8333333333333333,3100.78125,3096.470114964658,3096.4656184759915,
rutjac1,XC261831.ogg,2994.19189453125,5079.281878882441,1.6171474033123343,1.379669125337763,2960.8154296875,2993.3918328001378,2992.6112426795476,
rutjac1,XC261832.ogg,1901.84326171875,2167233.8735548463,-0.4900639298496388,-1.7594173068763541,43.06640625,621.5521294591703,118.72847257221879,
rutjac1,XC263522.ogg,3404.937744140625,142.09512741334976,0.07244707385386161,-0.9030470914127418,3402.24609375,3404.917533337793,3404.897325755619,
rutjac1,XC265029.ogg,,
rutjac1,XC2695.ogg,2550.531005859375,8091.533035039902,0.12163854869417577,-0.6506160588306567,2562.451171875,2549.0040222780176,2547.479794785182,
rutjac1,XC275285.ogg,3206.5472771139707,14696.232545025206,0.39575001873123683,-1.6610691696110438,3100.78125,3204.410161509094,3202.294376437391,
rutjac1,XC275286.ogg,2969.78759765625,3960.5900645256042,0.8561674173702004,-0.5298503271861983,2917.7490234375,2969.237855357187,2968.694054263235,
rutjac1,XC275287.ogg,3284.351806640625,2470.6150654115177,0.5171081034832768,-1.418573166692993,3240.7470703125,3283.996269026881,3283.6425425215793,
rutjac1,XC275288.ogg,3408.3984375,3587.9909992218018,-0.2672801560888335,-1.8699668639053255,3348.4130859375,3407.945938253997,3407.4921756313893,
rutjac1,XC275289.ogg,387.59765625,970653.6850333214,2.4741612553425596,4.122984896859951,43.06640625,89.91350565239068,63.639959196638,
rutjac1,XC276006.ogg,2988.3779296875,493.4315621852875,0.6681397905092282,-0.7237937756672017,2971.58203125,2988.2989270059165,2988.2201782157495,
rutjac1,XC276007.ogg,2884.1033935546875,1088509.3793823668,-2.2669962614522516,3.147218370991398,3273.046875,2265.6530689580013,968.6297231308023,
rutjac1,XC276008.ogg,1728.6376953125,2333553.906083107,-0.22359183591505638,-1.9498861176658828,118.4326171875,714.8633514075151,253.00369740744964,
rutjac1,XC278200.ogg,,
rutjac1,XC283487.ogg,1.5380859375,16.559958457946777,2.041241452319315,2.166666666666667,0.0,0.0,0.0,
rutjac1,XC28361.ogg,3020.5211292613635,286.6378263993696,0.6406685536346013,0.5092452422145537,3014.6484375,3020.478090963529,3020.435148672149,
rutjac1,XC28509.ogg,,
rutjac1,XC286751.ogg,1249.9045632102273,1726242.1859394421,0.9360582436905477,-0.9829642301313894,3369.9462890625,649.6920533662825,273.1451736005192,
rutjac1,XC287566.ogg,3159.228515625,110.39972305297852,0.2134537420613656,-0.7324999999999999,3154.6142578125,3159.213545567847,3159.1985819640886,
rutjac1,XC289690.ogg,,
rutjac1,XC289787.ogg,102.28271484375,57.95985460281372,0.0,-2.0,96.8994140625,102.14095079108318,101.99938322368422,
rutjac1,XC291481.ogg,,
rutjac1,XC291483.ogg,,
rutjac1,XC291485.ogg,2489.155461237981,33793.09196563867,-2.110529724210585,3.0258203222979443,2530.1513671875,2481.852188572902,2473.6925824854957,
rutjac1,XC297980.ogg,7.6904296875,27.59993076324463,-0.9486832980505138,-1.1,10.7666015625,0.0,0.0,
rutjac1,XC297981.ogg,10.7666015625,66.23983383178711,0.0,-1.0,10.7666015625,0.0,0.0,
rutjac1,XC298078.ogg,15.0732421875,29.8079252243042,0.40824829046386296,-1.8333333333333335,10.7666015625,14.206615933858552,13.458251953125,
rutjac1,XC298291.ogg,,
rutjac1,XC303851.ogg,5671.307373046875,907675.0339296731,-3.0059469258680127,7.057566495439984,5975.4638671875,5558.470911012214,5386.98028441818,
rutjac1,XC304420.ogg,,
rutjac1,XC312915.ogg,,
rutjac1,XC315650.ogg,4093.2661576704545,928944.2787135127,-0.5963726334215795,-1.4325784995094397,2713.18359375,3968.046256101904,3832.472434762586,
rutjac1,XC319592.ogg,2753.173828125,10962.692499160767,-0.2868527192444604,-1.9059329201692816,2637.8173828125,2751.4551961889224,2749.725951066241,
rutjac1,XC325550.ogg,103.359375,2812.9849433898926,-0.01693030519823392,-1.881636678339975,43.06640625,89.91995573894636,77.65606939398943,
rutjac1,XC332696.ogg,3370.376953125,4303.326004743576,-1.2416073861705939,0.38340128889648506,3359.1796875,3369.7540799569097,3369.1210970949637,
rutjac1,XC342727.ogg,3206.000310724432,1081.1645605347376,-0.5598758330026731,-0.9591221340148293,3229.98046875,3205.8387447498194,3205.6765679336436,
rutjac1,XC348976.ogg,,
rutjac1,XC349758.ogg,31.321022727272727,103.27392274683173,0.9276911123438671,0.22386505622657316,32.2998046875,29.970421180609954,28.76905680668016,
rutjac1,XC349760.ogg,3095.7146139705883,146.60433811299941,-0.6187845764639306,-0.23641157382367695,3100.78125,3095.692292986676,3095.6699367105007,
rutjac1,XC353393.ogg,,
rutjac1,XC354993.ogg,2953.6376953125,122469.17277574539,2.1572171204120143,3.237299006958702,2745.4833984375,2937.6340406625527,2923.760612861482,
rutjac1,XC360991.ogg,3184.222412109375,106.25973343849182,0.49338220021815865,-1.371900826446281,3176.1474609375,3184.2099095810822,3184.1974185801364,
rutjac1,XC382459.ogg,,
rutjac1,XC382483.ogg,,
rutjac1,XC388078.ogg,3022.42431640625,21381.12518717261,-0.6888325993686772,-1.181083998328281,2799.31640625,3019.0065122485153,3015.514137002738,
rutjac1,XC388860.ogg,,
rutjac1,XC393400.ogg,2888.140869140625,7421.495928005738,-1.5865084642691605,1.1986308594215185,2906.982421875,2886.9256689548306,2885.6721217568693,
rutjac1,XC402069.ogg,26.91650390625,57.95985460281372,0.0,-2.0,21.533203125,26.37268009197709,25.83984375,
rutjac1,XC402070.ogg,40.9130859375,81.14379644393921,0.3436215967445456,-1.153061224489796,32.2998046875,40.137021471615874,39.39000571646341,
rutjac1,XC403891.ogg,3002.9030539772725,6455.673987215216,0.5407795736013524,-1.1992491661398523,2950.048828125,3001.9344481222324,3000.974640145155,
rutjac1,XC417781.ogg,2425.71533203125,1380.0546432796277,-0.031706872075188484,-1.3572693351345138,2379.4189453125,2425.4449721217893,2425.1745185202,
rutjac1,XC420247.ogg,3030.3089488636365,2396.3765339417887,-0.035632921182273646,-1.480783109743503,3025.4150390625,3029.9493179885585,3029.589553743344,
rutjac1,XC420596.ogg,2876.0284423828125,18699.781090021133,-1.1363686767575414,-0.16568213237228324,2906.982421875,2872.8663070561893,2869.5885769534884,
rutjac1,XC427403.ogg,2995.0727982954545,12283.273913643576,0.1996080434749611,-1.6422972441751627,3122.314453125,2993.2164005508935,2991.3690777951265,
rutjac1,XC427404.ogg,3251.513671875,210.76310764659536,-0.232379000772445,-1.32,3262.2802734375,3251.483942713802,3251.454193779793,
rutjac1,XC427405.ogg,2947.112482244318,9113.396774638783,-0.6700649977127686,-0.6852929051200634,3036.181640625,2945.686223201687,2944.23938898087,
rutjac1,XC439950.ogg,,
rutjac1,XC447983.ogg,0.0,0.0,0.0,-3.0,0.0,0.0,0.0,
rutjac1,XC448569.ogg,,
rutjac1,XC452471.ogg,3585.87646484375,2138062.4924898148,0.6488763265105797,-1.4944115477825548,2228.6865234375,3328.268447232835,3119.2562718710624,
rutjac1,XC476475.ogg,2904.535466974432,11370.418749072334,-1.3274415098920485,2.78711226223912,2820.849609375,2902.6008144948064,2900.594984544615,
rutjac1,XC483313.ogg,,
rutjac1,XC483314.ogg,2983.0508024796195,3515.7271805016894,-0.49394738141311484,-0.7884702936404562,3003.8818359375,2982.4704034375495,2981.8861099622814,
rutjac1,XC489469.ogg,3619.37255859375,169308.4632754326,0.706888933060346,-1.4993839484695781,3348.4130859375,3600.738991052966,3583.054527529837,
rutjac1,XC489597.ogg,3049.0321005544356,126.88845588314918,0.6718508708592614,0.018281927273680942,3046.9482421875,3049.011996236688,3048.9919242985097,
rutjac1,XC496090.ogg,,
rutjac1,XC498089.ogg,2787.47314453125,1100888.1903290749,-1.4998738768775874,0.2498318000897135,3283.8134765625,2474.6087759651036,2022.053035618445,
rutjac1,XC50370.ogg,,
rutjac1,XC509511.ogg,3133.0810546875,115.91970920562744,0.0,-0.5370370370370372,3133.0810546875,3133.063528827835,3133.046002779357,
rutjac1,XC512048.ogg,3027.568359375,46.36788368225098,-0.1111111111111111,-0.4444444444444451,3025.4150390625,3027.5614664032128,3027.5545723088885,
rutjac1,XC513633.ogg,,
rutjac1,XC520572.ogg,1659.7130408653845,1141825.4833267285,-0.15392343351963722,-1.9757402799651185,549.0966796875,1273.0306638122925,957.7151159028665,
rutjac1,XC520575.ogg,2881.649241727941,1317.7343414110296,0.32496380393526797,-0.9913531393455313,2874.6826171875,2881.434594486119,2881.2205006417594,
rutjac1,XC522878.ogg,,
rutjac1,XC522879.ogg,,
rutjac1,XC528018.ogg,,
rutjac1,XC533985.ogg,,
rutjac1,XC552729.ogg,,
rutjac1,XC552732.ogg,,
rutjac1,XC552804.ogg,2776.5869140625,360.6390953063965,0.6114794039290959,-0.9310427295918369,2767.0166015625,2776.529336934583,2776.471910201976,
rutjac1,XC561654.ogg,,
rutjac1,XC56993.ogg,2551.6845703125,1105833.1129831427,-1.745207552161112,1.4812253133727982,3057.71484375,0.0,0.0,
rutjac1,XC56994.ogg,1651.776123046875,2286167.6649554917,-0.16582602545384334,-1.9704463630703704,32.2998046875,425.34413920761443,88.19668841109679,
rutjac1,XC575364.ogg,1398.88916015625,514.5853757858276,0.4584798072635793,-1.096108796299584,1388.8916015625,1398.7126343156299,1398.5369531745253,
rutjac1,XC576260.ogg,2704.339599609375,3473.8276492465625,-0.32110767375489035,0.4738073750277314,2723.9501953125,2703.705443155093,2703.067787770911,
rutjac1,XC578494.ogg,2876.8359375,1008.5014700889587,-1.3933319214743294,0.10879904875148627,2885.44921875,2876.6944096715933,2876.5515734845326,
rutjac1,XC609227.ogg,3198.148777173913,4346.760004876632,-0.75630071048617,-0.6311182387366858,3176.1474609375,3197.4918886785745,3196.828154525789,
rutjac1,XC609229.ogg,3205.296065167683,946.159285016176,0.04526154724998915,-1.1327034881871478,3229.98046875,3205.152104261482,3205.0081798983606,
rutjac1,XC63458.ogg,2569.98779296875,1193120.0797997024,-1.9595711679332937,1.8414909845704832,3025.4150390625,1549.8253108208114,220.32644362609346,
rutjac1,XC63459.ogg,0.0,0.0,0.0,-3.0,0.0,0.0,0.0,
rutjac1,XC6704.ogg,3070.27587890625,6974.502503871918,0.6340144339760302,-1.4344107242884876,2993.115234375,3069.3389996790265,3068.4120147023677,
rutjac1,XC71120.ogg,1964.90478515625,2026308.1313805147,-0.7065231951344434,-1.4999404953276212,32.2998046875,683.8791717229248,108.01885913677613,
rutjac1,XC71258.ogg,2179.16015625,822829.0078639984,-1.2059698392674023,1.1117143894232946,1959.521484375,1583.750291446325,368.87929856588664,
rutjac1,XC71466.ogg,3398.933293269231,142.67041133000302,-0.8885781486747037,0.7115885416667207,3402.24609375,3398.913881062628,3398.894429615458,
rutjac1,XC80121.ogg,2975.6195068359375,2115.534693002701,-0.7602166276779062,-1.180083818102208,3003.8818359375,2975.2836683192036,2974.9452778052937,
rutjac1,XC85142.ogg,2934.5718383789062,8639.399327337742,-0.5652782705606572,-0.495575553541868,2756.25,2933.174539292582,2931.7599051565085,
rutjac1,XC85143.ogg,4398.15673828125,2566198.9079280333,0.008007496652716778,-1.9749322315427198,2756.25,4122.178501762213,3863.2318986931978,
rutjac1,XC85144.ogg,2870.3759765625,6522.415637969971,0.05447835681839127,-1.2995028563299718,2777.783203125,2869.3539921911643,2868.3328697042048,
rutjac1,XC85145.ogg,4162.998404153964,1926444.2014984968,-0.04528956977261595,-1.9904762609283557,2734.716796875,3928.235874570043,3704.36367474137,
rutjac1,XC85146.ogg,2718.0002312911183,706.1538473301558,-0.2639744919166352,0.12669138748398412,2702.4169921875,2717.8735162487897,2717.746566949253,
