primary_label,filename,mean,variance,skewness,kurtosis,mode,gmean,hmean
savspa,XC113799.ogg,7.177734375,27.27522569544175,-0.7071067811865475,-1.5000000000000004,10.7666015625,0.0,0.0,
savspa,XC113805.ogg,3.5888671875,28.101747686212715,0.7071067811865475,-1.5,0.0,0.0,0.0,
savspa,XC125584.ogg,7310.5224609375,218326.4923095703,-2.23388511762702,3.0567113196931857,7504.3212890625,7296.1455698667305,7280.3546778593345,
savspa,XC131374.ogg,,
savspa,XC132840.ogg,6433.04443359375,1106503.3042430878,-0.7263464929162391,-1.295943984639976,7159.7900390625,6350.944818300752,6262.849295193772,
savspa,XC137739.ogg,6654.52880859375,741662.272810936,-2.5259953806600417,4.412406451613485,6912.158203125,6585.08058478383,6496.1315341632235,
savspa,XC137740.ogg,4861.12060546875,127.51168012619019,0.0,-0.9421487603305785,4855.7373046875,4861.109675879237,4861.098746262297,
savspa,XC139889.ogg,4515.347055288462,169002.01912109667,-1.9046831159784334,1.6541919433077021,4683.4716796875,4495.828055295619,4473.881147695123,
savspa,XC151286.ogg,,
savspa,XC153668.ogg,7869.819078947368,215485.01073211897,1.1488645419674768,1.1135301720227613,7655.0537109375,7857.0073075750915,7844.682893116314,
savspa,XC154573.ogg,,
savspa,XC154785.ogg,,
savspa,XC154798.ogg,10.811934621710526,16.13865958143281,0.04741945798213707,4.19589826051944,10.7666015625,0.0,0.0,
savspa,XC155071.ogg,4217.816162109375,14645071.949601173,-0.24649308663497493,-1.931262069556244,10.7666015625,534.4102333443088,36.811839299024385,
savspa,XC155354.ogg,,
savspa,XC156523.ogg,4769.6044921875,1961.7181557875413,1.3415777853593869,1.64892561983471,4737.3046875,4769.41503057061,4769.227050346649,
savspa,XC157451.ogg,7710.322265625,30898.674488067627,-0.6140116819672212,-1.4829579696551791,7461.2548828125,7708.434795082577,7706.530452109214,
savspa,XC157765.ogg,7312.31689453125,146497.92340668765,0.7379105936645068,-1.4000972289524325,7041.357421875,7303.348768708009,7294.60469357727,
savspa,XC162115.ogg,8172.678786057692,1882.9521995324355,0.10865590025741505,-1.0761423643966923,8107.2509765625,8172.572486785534,8172.466225638919,
savspa,XC169035.ogg,,
savspa,XC16926.ogg,,
savspa,XC17092.ogg,,
savspa,XC171770.ogg,1590.972430889423,5555607.931104073,1.0377072347183085,-0.9190595260793644,118.4326171875,443.83571918509193,227.02721183293596,
savspa,XC172795.ogg,5908.7109375,2395980.901479721,-0.5090383989558713,-1.523813703323122,3865.2099609375,5695.791763886285,5467.947599212883,
savspa,XC172796.ogg,5892.022705078125,12609009.049236774,-1.1534080078979436,-0.6677056925271567,139.9658203125,2857.27945144885,531.2938277423422,
savspa,XC172938.ogg,16.9189453125,33.119916915893555,-0.28867513459481287,-1.9166666666666667,21.533203125,15.99910843528794,15.0732421875,
savspa,XC174071.ogg,7483.460998535156,54716.106676199335,2.432677622963101,7.211572122774937,7245.9228515625,7480.0457169611045,7476.783796810437,
savspa,XC174072.ogg,5262.910600142045,106386.89384677194,2.827895013645404,6.038478326555273,5146.435546875,5254.626060480817,5247.162978055272,
savspa,XC174073.ogg,8099.71435546875,4174.397528171539,-0.26717334904936885,-1.691036655181924,8021.1181640625,8099.48211833567,8099.249571174155,
savspa,XC174075.ogg,5646.005859375,724455.0124365708,0.24091320817744274,-0.723296459372766,5544.7998046875,5584.2621142446515,5522.92851796658,
savspa,XC174076.ogg,4785.530090332031,668935.594790952,3.5887042779986933,10.951920163274883,4597.3388671875,4736.025747152145,4700.236876917013,
savspa,XC174077.ogg,5641.69921875,160999.596118927,-2.6604411809532644,5.091775232000002,5749.365234375,5627.057074039671,5610.394183382703,
savspa,XC174078.ogg,4139.75830078125,2734.516217158391,0.3746460069960267,-1.0435964083175804,4102.0751953125,4139.4372497287495,4139.117179189857,
savspa,XC174079.ogg,2612.6953125,10190.115237236023,-0.3678997475834469,-0.6708359014309702,2702.4169921875,2610.7628385501775,2608.8099124463815,
savspa,XC174080.ogg,7960.36376953125,33181.69829937128,0.5472257678892151,-1.6097748310403406,7859.619140625,7958.443614120562,7956.539125734547,
savspa,XC174081.ogg,7527.392578125,16361.238956451416,0.9396002463181103,-1.0978281209876137,7450.48828125,7526.470073457208,7525.556656519549,
savspa,XC174085.ogg,2437.167080965909,10415.912779894741,-0.7061574375171834,-1.1660073526316876,2271.7529296875,2435.185776553529,2433.166847108384,
savspa,XC174086.ogg,2991.064453125,75911.40156984329,1.0118250853885955,-0.6816052758978515,2820.849609375,2979.6316407248737,2968.859364735683,
savspa,XC174087.ogg,8251.300680226293,82724.19016984527,0.8936416949463167,0.7487774284082351,7934.9853515625,8246.438603369565,8241.666424635574,
savspa,XC174089.ogg,6190.7958984375,3923109.358549118,0.28867015249569666,-1.9166360543043355,4597.3388671875,5928.439522795776,5690.408733666866,
savspa,XC174091.ogg,3184.521484375,179698.08921217918,-0.19231282802329938,-1.9230654977784607,3585.2783203125,3158.91920374091,3133.091969642097,
savspa,XC177476.ogg,5297.16796875,289.7992730140686,0.0,-1.3,5275.634765625,5297.146085305008,5297.12420182385,
savspa,XC179469.ogg,8881.956898082386,10040.603903206911,0.8442257489060292,-0.6744362486186146,8785.546875,8881.4206533302,8880.88770249241,
savspa,XC184459.ogg,4854.19921875,556740.283370018,2.0401504425074175,2.1642922977580215,4565.0390625,4812.720174007648,4778.008644771271,
savspa,XC185582.ogg,2946.10107421875,342262.80126694974,1.8168738722118272,3.0257737529402062,3337.646484375,2899.139530284474,2859.6988980987176,
savspa,XC185583.ogg,4497.503107244318,697.6258863102306,0.24482122734013192,-1.6889449712945237,4478.90625,4497.432664403498,4497.362286416331,
savspa,XC186835.ogg,6493.6065673828125,180.0895482301712,-0.2439980251699809,-0.5969084423305584,6492.2607421875,6493.594430177938,6493.58228911666,
savspa,XC188640.ogg,6077.74658203125,127.51168012619019,0.0,-0.9421487603305785,6072.36328125,6077.737840306821,6077.729098568364,
savspa,XC194077.ogg,6595.3103726335585,76872.60175635476,0.9599568659604844,2.2202178010891167,6621.4599609375,6589.624778520559,6584.0622282243585,
savspa,XC194294.ogg,4365.85693359375,1633.4140842611139,0.0,-1.4432466181061394,4338.9404296875,4365.685448542866,4365.513962727054,
savspa,XC210748.ogg,5815.5029296875,8017216.8481349945,-0.2886751345847546,-1.9166273067903858,8085.7177734375,5123.559159914544,4457.0697569670565,
savspa,XC237511.ogg,,
savspa,XC247786.ogg,3312.88330078125,3107319.253027439,0.9194929974130044,-0.4421596630714424,2045.654296875,2957.1536752790603,2689.4697500113907,
savspa,XC247792.ogg,6408.661247702206,553524.2826140979,-0.9028433746037321,-1.1829747316099364,6879.8583984375,6364.872888878684,6318.16672550483,
savspa,XC254447.ogg,6669.140625,527313.2371902466,-0.28819381347099177,-1.9160974036747658,5889.3310546875,6634.491967443608,6599.339943324017,
savspa,XC254448.ogg,154.3212890625,170.0155735015869,0.0548202444686843,-1.3884297520661155,139.9658203125,153.8620501748587,153.4038783027074,
savspa,XC256200.ogg,8378.5693359375,8988.048189564755,2.141755099235919,3.544961479934851,8322.5830078125,8378.067624278032,8377.573633713982,
savspa,XC256771.ogg,5640.802001953125,1948.6805661158128,0.9632752182022354,-0.5608570011013487,5598.6328125,5640.644418704252,5640.487589066741,
savspa,XC277609.ogg,5862.41455078125,405.71898221969604,0.0,-1.2685714285714287,5835.498046875,5862.3857144377125,5862.356878028538,
savspa,XC283620.ogg,4247.838416466346,380441.05486227915,3.0458099990063587,7.592638035424258,4177.44140625,4215.241759566,4189.559422183117,
savspa,XC287642.ogg,,
savspa,XC287643.ogg,6736.079406738281,24093.98349437942,-0.40325332809338865,-0.998812347292402,6804.4921875,6734.316807634294,6732.543001847096,
savspa,XC287644.ogg,7718.8033254523025,13275.938569872003,0.3717682274334,-1.1806907895755814,7601.220703125,7717.957664147828,7717.1150635731,
savspa,XC289003.ogg,6283.482294497283,5284555.319247038,-0.8385606950224397,-1.2743825408629164,2777.783203125,5733.646326371268,5097.612847538311,
savspa,XC291078.ogg,7029.052734375,1137.1171474456787,0.14205960952174518,-1.5579460835139978,6987.5244140625,7028.983431231388,7028.914157330438,
savspa,XC293742.ogg,5054.3212890625,495.87875604629517,0.08362042298661745,-1.638514083319278,5028.0029296875,5054.277694453349,5054.23411004545,
savspa,XC302418.ogg,5668.61572265625,708960.4830512634,1.350273875552783,-0.10206847863579371,5297.16796875,5616.8387702504,5571.153016443617,
savspa,XC302772.ogg,99.9755859375,220.79944610595703,1.0984683939467716,0.21687499999999993,96.8994140625,99.10403107086418,98.30375339673914,
savspa,XC310908.ogg,8189.9384765625,213279.90016937256,1.643942908871877,1.0745332149892919,8107.2509765625,8178.132857132772,8166.995602724992,
savspa,XC31099.ogg,34.833122702205884,94.61093913106357,0.048976252677779754,-0.8983442902361825,32.2998046875,33.48980431626192,32.11091694078947,
savspa,XC312748.ogg,7525.8544921875,77.27980613708496,0.0,-1.0,7525.8544921875,7525.850641468684,7525.846790747886,
savspa,XC31284.ogg,13.299919577205882,65.63101182965671,-0.3955858187033685,-1.0525383707201894,10.7666015625,0.0,0.0,
savspa,XC31285.ogg,12.183259662828947,51.199245673324796,-0.1434549618091289,-0.7091414035333394,10.7666015625,0.0,0.0,
savspa,XC31286.ogg,12.919921875,81.14379644393921,-0.3436215967445456,-1.153061224489796,10.7666015625,0.0,0.0,
savspa,XC316047.ogg,,
savspa,XC320046.ogg,9.4207763671875,80.72979748249054,0.22171590526858218,-1.329388560157791,0.0,0.0,0.0,
savspa,XC321611.ogg,,
savspa,XC321639.ogg,6172.8515625,608.5784733295441,-0.3673889284811712,-1.1666666666666667,6136.962890625,6172.807704082825,6172.763805020529,
savspa,XC322770.ogg,5673.326110839844,4304.0022030472755,0.4989339942034619,-0.8944929686036889,5630.9326171875,5672.971788079954,5672.618763126614,
savspa,XC322771.ogg,4119.122314453125,1418255.6876404718,0.7030539173831587,-1.500154474025535,3283.8134765625,3976.9378973403445,3854.8083651668367,
savspa,XC325942.ogg,4918.9013671875,1643573.6689567566,1.158208505788667,-0.3285915770621797,3951.3427734375,4785.209929906918,4673.466210474307,
savspa,XC326728.ogg,5030.5067905159885,155883.51034840872,-0.6346859932854642,-1.5821820922720162,5307.9345703125,5014.831662605589,4998.6694466508025,
savspa,XC327914.ogg,5148.663119612069,2261671.187096629,0.8190945390875565,-1.3276812771089697,4145.1416015625,4961.85974435425,4805.228232658674,
savspa,XC327915.ogg,5149.034381734914,2260961.393015138,0.8190204956798306,-1.327699568301817,4145.1416015625,4962.295683769581,4805.708315485354,
savspa,XC329522.ogg,7418.1884765625,289.7992730140686,0.0,-1.3,7396.6552734375,7418.172850105636,7418.157223635607,
savspa,XC332088.ogg,2169.47021484375,405.71898221969604,0.0,-1.2685714285714287,2142.5537109375,2169.392289342644,2169.314362545932,
savspa,XC332090.ogg,6986.651446368243,1580612.7516562871,-3.0110222692354243,9.315076593166669,2174.853515625,6790.3555968169785,6426.020895132593,
savspa,XC333471.ogg,,
savspa,XC335698.ogg,8213.414675690407,8465.348066285598,0.21378907167034156,-0.3886284701359828,8193.3837890625,8212.91205291295,8212.410156199752,
savspa,XC335701.ogg,6769.1162109375,1179271.4416980743,-1.6764433356538035,0.8177924596932291,7245.9228515625,6665.663834831192,6540.7748778760915,
savspa,XC335702.ogg,7375.520833333333,34084.68782901763,-1.1424960645129,-0.3852786295010744,7418.1884765625,7373.252654354046,7370.941300266997,
savspa,XC337070.ogg,1393.6767578125,12713.285754708682,-0.34663574601259417,-1.6678363623190673,1238.1591796875,1389.2791841377011,1384.80806894428,
savspa,XC337933.ogg,5212.82958984375,228752.09015607834,0.7056558867065674,-1.4995440075128874,4888.037109375,5195.206111194495,5178.300943919579,
savspa,XC337934.ogg,4795.751953125,524299.3247509003,-0.9493189266409799,-1.0968429181609978,5211.03515625,4743.988639291636,4687.700839094278,
savspa,XC337935.ogg,5226.416015625,2196.9544887542725,1.7809304444417966,1.6415178909623487,5211.03515625,5226.237613722904,5226.060949449497,
savspa,XC337937.ogg,4660.400390625,209.75947380065918,0.271676526951981,-0.8760387811634347,4651.171875,4660.381111020771,4660.361841368977,
savspa,XC337960.ogg,6722.666015625,614.3744587898254,0.6927284074925394,-0.7178711285154855,6696.826171875,6722.629515539064,6722.593070816433,
savspa,XC339889.ogg,49.7955322265625,130.40967285633087,-2.267786838055363,3.1428571428571432,53.8330078125,48.00717436446973,45.33305921052632,
savspa,XC349610.ogg,7574.156711526113,89725.43053073483,0.33136441526023147,-0.45115545608052043,7364.35546875,7568.3160914583505,7562.517115202648,
savspa,XC350432.ogg,7436.540638316761,11050.542553622929,-1.0415791267481382,1.1360011853505494,7450.48828125,7435.807224397434,7435.066374661059,
savspa,XC350433.ogg,6561.293658088235,11917.364363109362,-0.4832417079492253,-0.9447209031084634,6589.16015625,6560.398392506911,6559.498263916769,
savspa,XC354731.ogg,,
savspa,XC354732.ogg,,
savspa,XC364821.ogg,6426.682350852273,488705.63858612016,-0.18972636649975735,0.07093681382760275,7601.220703125,6388.740445542945,6349.584788697992,
savspa,XC367273.ogg,,
savspa,XC370883.ogg,,
savspa,XC374021.ogg,3830.7568359375,81.14379644393921,0.3436215967445456,-1.153061224489796,3822.1435546875,3830.7483671210016,3830.739902373877,
savspa,XC375741.ogg,,
savspa,XC377857.ogg,4106.041837993421,3416967.9798264247,1.0464308602856511,-0.8603723506955214,7095.1904296875,3790.8072076079707,3561.120036052494,
savspa,XC377878.ogg,4789.599609375,673.438310623169,-0.7461821445269594,-1.0782719699005643,4801.904296875,4789.539198938174,4789.478637491713,
savspa,XC381421.ogg,5076.45263671875,3873793.2502627373,0.7070972594231393,-1.4999730686077246,3800.6103515625,4796.378076494173,4567.830245825173,
savspa,XC381423.ogg,3794.62890625,727.71817445755,0.5752549734982882,-1.405728717988879,3779.0771484375,3794.543889543286,3794.4590915623376,
savspa,XC391159.ogg,6191.187411221591,1953062.3311237863,-1.3858750415464698,0.06766179567906505,3348.4130859375,5989.331353703273,5737.480713587083,
savspa,XC394752.ogg,7553.369140625,15877.211935379926,1.6129829144652132,0.9522170285182185,7515.087890625,7552.393393318434,7551.434330242263,
savspa,XC406196.ogg,4824.9755859375,12053.102071468647,-0.3172224273062927,-1.7495604686208037,4705.0048828125,4823.810179966798,4822.639535838716,
savspa,XC406197.ogg,5969.407653808594,2125163.2738485932,-0.8090439989759344,-1.3447131674091088,6922.9248046875,5774.053001138829,5556.670798552029,
savspa,XC406198.ogg,6946.415571732955,389.91174914620143,-0.17703859691537552,-0.910752373995602,6933.69140625,6946.390049167781,6946.364518330134,
savspa,XC413795.ogg,75.665283203125,665.6183302402496,0.1942767538339761,-0.9269660413151342,53.8330078125,71.17014707107259,66.54861306821348,
savspa,XC416055.ogg,69.98291015625,420.971575536226,-0.18726327028110104,-1.1127914303717703,64.599609375,66.81095188533818,63.36993095293707,
savspa,XC416456.ogg,,
savspa,XC416458.ogg,,
savspa,XC420235.ogg,43.06640625,115.91970920562744,0.0,-1.75,32.2998046875,41.968857173926736,40.885828718354425,
savspa,XC420293.ogg,7570.1171875,3142.712116241455,0.8290374962279701,-0.22416164169578012,7547.3876953125,7569.933379512138,7569.750272135986,
savspa,XC420295.ogg,7224.706313189338,280170.8083978311,1.4784493404945334,0.541922247853214,6890.625,7207.091619611988,7190.639026427641,
savspa,XC420476.ogg,6701.273246433424,261893.92701698386,1.448530967649787,1.2986391508443615,6287.6953125,6683.369572792518,6666.604675062312,
savspa,XC420911.ogg,5900.8154296875,114668.8803434372,-3.4083613750802635,9.79181749586223,5953.9306640625,5890.399792933881,5878.437848831552,
savspa,XC424409.ogg,114.84375,130.5762241626608,-0.18253616142855425,3.566014160766348,118.4326171875,114.27166054849596,113.66644483147138,
savspa,XC433077.ogg,2488.28125,128.7996768951416,0.4555988504155822,-0.8868749999999999,2476.318359375,2488.2582741467136,2488.2353280821853,
savspa,XC445383.ogg,5699.447354403409,1021.6992551630193,0.5867842428607574,-0.301233977018764,5684.765625,5699.361977708169,5699.27678135239,
savspa,XC445384.ogg,5087.392893145161,1475.0471384294572,0.12291275977367241,-1.2663374100554796,5060.302734375,5087.252679401361,5087.112549224268,
savspa,XC449262.ogg,6139.447490985577,949.6499254153326,-1.817044330734449,1.752367622532323,6147.7294921875,6139.375679590014,6139.303445681715,
savspa,XC449263.ogg,6212.3291015625,2065.4784549366345,0.04544739728314839,-1.2594752186588918,6212.3291015625,6212.176742353427,6212.024413672176,
savspa,XC449265.ogg,6175.4150390625,760.1020932197571,-0.3317881124325661,-0.7345251826220687,6169.2626953125,6175.356369601414,6175.297642801489,
savspa,XC449266.ogg,6182.720947265625,124.19968843460083,0.30983866769659335,-0.8800000000000003,6180.029296875,6182.712161722089,6182.703379223994,
savspa,XC449267.ogg,6473.663884943182,604.8901189457287,1.12695822602505,0.045666452184649486,6459.9609375,6473.621527732348,6473.579285253533,
savspa,XC449268.ogg,6468.57421875,81.14379644393921,0.3436215967445456,-1.153061224489796,6459.9609375,6468.569202452726,6468.564187584481,
savspa,XC449269.ogg,6728.297776442308,248791.9328075189,1.2615130988762813,-0.3794385396993678,6481.494140625,6712.169887563494,6696.974754890068,
savspa,XC451434.ogg,7863.865124339789,25696.01756754056,2.3241986583292538,11.258786377243558,7719.6533203125,7862.300674050047,7860.779320323552,
savspa,XC451874.ogg,6986.627197265625,1481277.5200903416,-2.5893618527384756,5.742371710492536,3154.6142578125,6830.721808661747,6595.34186358718,
savspa,XC465384.ogg,7657.011274857955,8736.130811951378,1.55127220181349,0.574172350019833,7601.220703125,7656.498805457881,7655.992435435142,
savspa,XC465387.ogg,8026.50146484375,69253.74627113342,-0.5158126855710927,-1.729075967441251,8214.9169921875,8022.685442928242,8018.830459536245,
savspa,XC465388.ogg,,
savspa,XC465390.ogg,7117.620849609375,45597.72015972571,0.5665222666095374,-1.419689615050887,6998.291015625,7114.715192778902,7111.841184374211,
savspa,XC465394.ogg,7143.28125,539488.118648529,-1.3094478236867606,2.4387231671733804,6653.759765625,7103.893392447869,7059.497919109823,
savspa,XC465396.ogg,7214.756373355263,12659.652452719838,-0.1656785250696558,-0.9062727848475549,7159.7900390625,7213.923657617644,7213.089432229644,
savspa,XC465398.ogg,,
savspa,XC465399.ogg,7144.9859619140625,8143.359571695328,0.7175647208364797,-0.11047512907215795,7041.357421875,7144.454744476071,7143.926544006436,
savspa,XC465400.ogg,7137.909526209677,140374.77921285934,0.8582393094248624,-0.27863649464451834,6987.5244140625,7128.648101676912,7119.6388544053425,
savspa,XC465402.ogg,7114.383067255435,86332.46342773025,-1.891192486978612,5.646054154762949,7245.9228515625,7108.0479662384605,7101.316739719915,
savspa,XC465403.ogg,7159.7900390625,116597.39365944496,-0.6952636859148316,-0.729297279026976,6524.560546875,7152.053043159576,7144.141292112367,
savspa,XC467021.ogg,6180.029296875,792890.8109664917,0.6802801774896856,-1.492132711507387,5501.7333984375,6126.047243345181,6075.549030949719,
savspa,XC468376.ogg,7243.438251201923,13855.377550308522,-2.6945727245561666,6.29852606232223,7235.15625,7242.5296650641485,7241.594541980349,
savspa,XC468506.ogg,3986.03515625,486.21878027915955,-0.22331464096820097,-1.2663260383316524,3972.8759765625,3985.980899663112,3985.92660063427,
savspa,XC468723.ogg,7983.849158653846,171553.7388737385,-0.47352817899473193,-1.773340724057434,8301.0498046875,7973.766463658339,7963.534869558955,
savspa,XC472269.ogg,8253.233427159927,87257.26966392549,-2.7456278827911653,5.88932656604017,8268.75,8247.742195701398,8241.866487613319,
savspa,XC472274.ogg,6202.292439088983,1985420.2732689402,0.5936485286934658,-1.5086176877863717,5071.0693359375,6055.685499631502,5923.269352113916,
savspa,XC482144.ogg,293.389892578125,28.97992730140686,1.1547005383792515,-0.6666666666666665,290.6982421875,293.35329621375183,293.31714527027026,
savspa,XC482702.ogg,7637.661508413462,7719.063713000371,-0.3026008870056844,-1.6832314736546916,7525.8544921875,7637.193987505872,7636.7254371838235,
savspa,XC483505.ogg,24.224853515625,57.95985460281372,-0.32396954829362334,-0.7755102040816326,21.533203125,22.988683962957662,21.533203125000004,
savspa,XC496766.ogg,5597.012033770161,100923.09134203791,-0.5243937743883837,-0.25713358701184985,5706.298828125,5587.881415157523,5578.529652977951,
savspa,XC500424.ogg,6603.116861979167,896289.5403000023,-0.3292001294602271,-1.2977173029699653,7547.3876953125,6534.853555418055,6464.168416033821,
savspa,XC500425.ogg,5489.4287109375,209.75947380065918,0.271676526951981,-0.8760387811634347,5480.2001953125,5489.412341732947,5489.395979712548,
savspa,XC501693.ogg,,
savspa,XC509570.ogg,7392.3486328125,337477.04941034317,-0.40785393206551956,-1.8327609497158097,6750.6591796875,7373.7071605624615,7354.748811422896,
savspa,XC530919.ogg,7188.5009765625,5687.793731689453,0.3579591877189049,-1.4134717627599247,7127.490234375,7188.172032503107,7187.84383948745,
savspa,XC530920.ogg,6768.277254971591,11992.420825091274,1.1503237412380167,1.006164639965899,6653.759765625,6767.481066482448,6766.693944825016,
savspa,XC531828.ogg,6635.302734375,2230.074405670166,-0.5399762840188788,-1.0515451916478775,6556.8603515625,6635.158348584543,6635.013618292246,
savspa,XC531980.ogg,7897.716346153846,739251.1947567646,-0.8401445898694115,-1.2510596181388032,8462.548828125,7851.650772895522,7802.935811559701,
savspa,XC531981.ogg,6678.8818359375,38.63990306854248,0.7071067811865475,-1.5,6675.29296875,6678.8799081661,6678.877981085526,
savspa,XC531982.ogg,6492.827405427632,16595.49942142085,-0.9403825464212202,-0.8368135590733874,6589.16015625,6491.601638470813,6490.36090759992,
savspa,XC531983.ogg,6848.9044189453125,340151.896700263,2.1114041015470324,2.7737934538723445,6459.9609375,6827.524404939526,6808.354193516808,
savspa,XC531984.ogg,6616.9266550164475,63450.7881967645,1.393307331344092,2.285117871329165,6858.3251953125,6612.526968884279,6608.262677470444,
savspa,XC534763.ogg,6642.250639816811,253259.1536435588,2.369973145343398,4.154150388482439,6492.2607421875,6625.716782170752,6610.8746164670665,
savspa,XC534765.ogg,6800.006103515625,73207.6872614297,0.030892128929409988,-1.698162627550845,6750.6591796875,6795.072752249168,6790.1446409831915,
savspa,XC535159.ogg,,
savspa,XC535160.ogg,,
savspa,XC535161.ogg,,
savspa,XC535325.ogg,7571.857244318182,7977.383624423633,-0.9086995970950181,-0.514802084987489,7622.75390625,7571.375030725762,7570.889492920364,
savspa,XC535326.ogg,6639.404296875,4528.596639633179,-1.732081770679146,1.0967163275052707,6664.5263671875,6639.117016524991,6638.826635432032,
savspa,XC535649.ogg,6953.43017578125,2105.874717235565,-0.5533219588297175,-1.4514131807086945,6890.625,6953.303703730751,6953.176951023544,
savspa,XC535650.ogg,5525.419921875,343837.7294540405,1.2358541125972062,-0.2939133772227973,5178.7353515625,5498.538499569298,5473.790911002842,
savspa,XC535651.ogg,6776.4990234375,150.69562196731567,0.27154541788363945,-1.044378698224852,6772.1923828125,6776.490130839295,6776.481240839579,
savspa,XC535652.ogg,8327.96630859375,255467.7191376686,-2.658630234518447,5.086004394143432,8494.8486328125,8312.55288656838,8295.365761362174,
savspa,XC535653.ogg,7403.3843994140625,857680.2684366703,0.1527249890147206,-1.8757591180972237,6481.494140625,7349.505475063726,7296.5852215717905,
savspa,XC538370.ogg,6862.448574634309,119909.12728294192,0.5045691544355438,-1.1709836693991205,6470.7275390625,6854.02783483476,6845.744215060616,
savspa,XC538371.ogg,6862.448574634309,119909.12728294192,0.5045691544355438,-1.1709836693991205,6470.7275390625,6854.02783483476,6845.744215060616,
savspa,XC539024.ogg,,
savspa,XC540199.ogg,,
savspa,XC540567.ogg,,
savspa,XC540569.ogg,,
savspa,XC543044.ogg,7658.737021998355,258521.48069468877,-1.3574711237901331,0.4279016792284387,6589.16015625,7641.214074084949,7622.561200400112,
savspa,XC543302.ogg,6837.86865234375,117064.73833322525,2.2953450137912372,3.966786804279658,6610.693359375,6830.673430353424,6823.954699926238,
savspa,XC544033.ogg,6845.76416015625,278643.9329981804,1.2589310808995375,-0.012631813240610246,6524.560546875,6829.711994725964,6814.551275663563,
savspa,XC544295.ogg,3508.7787828947367,8860450.417022957,-0.16704543134028563,-1.749632701442536,5437.1337890625,1369.6596315649488,407.1553150515601,
savspa,XC547300.ogg,6855.9326171875,378877.12955474854,1.328204966178428,-0.22304176084063387,6524.560546875,6833.032758194305,6811.770988351614,
savspa,XC550410.ogg,7531.910705566406,2256.087340414524,0.27385823677635923,-1.5257753363344,7482.7880859375,7531.770451493043,7531.630354081676,
savspa,XC550411.ogg,7560.845947265625,4429.788887500763,0.01115188836655373,-1.9555175124465018,7493.5546875,7560.589633386012,7560.333343116379,
savspa,XC554811.ogg,,
savspa,XC558117.ogg,8961.76025390625,197420.95749863124,-0.5985736154645712,-0.5143912805151492,8344.1162109375,8950.689276898114,8939.37768516966,
savspa,XC558360.ogg,6098.5107421875,1076.3972997665405,-0.09659975501413436,-1.7340039447731757,6061.5966796875,6098.435073634641,6098.359381258801,
savspa,XC564658.ogg,6950.962829589844,4433888.130515338,-0.5368272399159877,-1.363265062985564,3079.248046875,6580.753642325507,6165.805326187046,
savspa,XC565569.ogg,7658.642578125,38.63990306854248,0.7071067811865475,-1.5,7655.0537109375,7658.640896894067,7658.639216188524,
savspa,XC566596.ogg,7310.5224609375,579.5985460281372,0.1688549673536435,-1.5655999999999999,7288.9892578125,7310.48643588213,7310.450423587908,
savspa,XC569534.ogg,6564.598846435547,45554.459190536894,-0.2500778121563288,-1.149597901220961,6642.9931640625,6561.217282783499,6557.816565055468,
savspa,XC569536.ogg,7937.677001953125,621585.1916101846,-1.1443133792089686,-0.6737250319508665,8344.1162109375,7898.844966468955,7857.116296570971,
savspa,XC571023.ogg,8331.94527004076,3700307.8592836633,-2.082805972330008,2.558779141379766,3531.4453125,8002.565438864456,7514.08546145278,
savspa,XC571376.ogg,8118.017578125,52627.54797935486,0.7396679476511054,-1.2999253207291397,7945.751953125,8115.137654804756,8112.295882445739,
savspa,XC572745.ogg,7269.413618607955,6232.265093109824,2.3089628723332623,4.211163470457868,7224.3896484375,7269.029998765023,7268.652358998289,
savspa,XC573997.ogg,5751.898552389706,36536.86952065019,1.5563317893982624,0.6568659831825729,5620.166015625,5749.004635685525,5746.204381142353,
savspa,XC574040.ogg,7676.5869140625,19822.270274162292,0.0643621239030915,-1.2207461194250024,7730.419921875,7675.34435003504,7674.102637631137,
savspa,XC574043.ogg,7699.888916015625,112239.65158844166,0.4996343368955157,-0.7466544530807249,7461.2548828125,7692.745453937738,7685.696512833747,
savspa,XC574457.ogg,2204.668719951923,14404417.721173057,1.1159721969363345,-0.7541940055731464,0.0,0.0,0.0,
savspa,XC574944.ogg,6915.7470703125,115.91970920562744,0.08838834764831843,-0.9375,6912.158203125,6915.7396212978165,6915.732172918441,
savspa,XC574945.ogg,6978.55224609375,6713.114924290601,0.5343633895761138,-1.1012176805492757,6912.158203125,6978.099790880708,6977.649158931467,
savspa,XC574947.ogg,6583.238525390625,2709096.8083097385,-0.5112270271213833,-1.7284276786768837,4457.373046875,6359.822287446375,6123.7580851860985,
savspa,XC574948.ogg,7385.888671875,1168809.5110196334,-0.9434717584780955,-1.0952522096805852,5706.298828125,7304.673680988592,7216.328582155469,
savspa,XC574951.ogg,5038.76953125,115.91970920562744,0.0,-1.5,5028.0029296875,5038.761862718701,5038.754194187395,
savspa,XC574952.ogg,7622.75390625,289.7992730140686,0.0,-1.3,7601.220703125,7622.738699149248,7622.723492036348,
savspa,XC574953.ogg,6633.7646484375,2516747.7105259895,-0.6024743201141719,-1.4071038028796177,4360.4736328125,6429.240822068799,6207.025813006058,
savspa,XC574955.ogg,8079.736328125,7509.021162986755,-1.21701938082654,-0.3256311251614501,8118.017578125,8079.3198419776445,8078.899916928605,
savspa,XC574957.ogg,7804.129732572115,36451.57674275911,-2.1624000075199135,3.152551175729873,7881.15234375,7801.802650771656,7799.391487183835,
savspa,XC578127.ogg,7192.68798828125,478146.5643025794,-0.6866716994842105,-1.1529878078375275,7838.0859375,7158.421311232232,7122.616016094958,
savspa,XC579156.ogg,5284.744966947115,170.90726357239942,0.010320737844489362,-0.8565217391304345,5286.4013671875,5284.730041089366,5284.715115421517,
savspa,XC583602.ogg,7577.2563319052415,13320.7949707585,-0.4073009164069442,-1.5181289332294123,7418.1884765625,7576.402132504465,7575.544475833821,
savspa,XC583603.ogg,7674.27978515625,3587.7786920620847,0.2827033517979056,-1.0751081390007002,7590.4541015625,7674.063027347752,7673.846572039212,
savspa,XC583605.ogg,6504.10400390625,2182.951155461763,0.24358859525088775,-0.9101724375500111,6470.7275390625,6503.944756277411,6503.785685320601,
savspa,XC583606.ogg,5909.597598805147,1099.5325358474956,-0.6536701465342604,0.3656066342166766,5910.8642578125,5909.509830290033,5909.421849189654,
savspa,XC583607.ogg,7997.406005859375,98232.2603230735,0.1139804696524042,-1.4067328318143673,8419.482421875,7991.35056927839,7985.3122491015965,
savspa,XC583608.ogg,8599.348000919117,20820.088947520537,-0.5948066520943869,-0.1504326168361514,8537.9150390625,8598.164956459883,8596.97376026263,
savspa,XC585970.ogg,,
savspa,XC586458.ogg,6313.8427734375,110.39972305297852,0.2134537420613656,-0.7324999999999999,6309.228515625,6313.8352813451975,6313.827790882211,
savspa,XC587163.ogg,5722.44873046875,1796.7554926872253,0.0,-1.8028720083246619,5673.9990234375,5722.317901851598,5722.187075046231,
savspa,XC596445.ogg,6667.148491553275,114086.4287861159,0.329688159938649,-0.5815763841194403,6761.42578125,6658.698762236004,6650.325224760521,
savspa,XC596717.ogg,4969.86328125,340.0311470031738,0.9399713856603591,-0.3181818181818179,4952.63671875,4969.832560372419,4969.801906958896,
savspa,XC599848.ogg,6803.555961277174,57874.63299841749,-0.375696476896054,-1.6757452940030937,6998.291015625,6799.450327141928,6795.310311205168,
savspa,XC602548.ogg,5296.473349294355,534875.8517460241,0.2623168007335382,-1.2504591286649223,4608.10546875,5247.422427027665,5199.344121312022,
savspa,XC602549.ogg,5145.762634277344,1792697.81986624,0.2528489624108389,-1.9336072133156679,4005.17578125,4986.687629631881,4838.67201017594,
savspa,XC602550.ogg,4540.4296875,2145.001677905812,0.2347151268757974,-1.267675905233538,4500.439453125,4540.200571835105,4539.971811817344,
savspa,XC608844.ogg,47.59971217105263,94.22713204434042,1.4096520792335168,1.9128150716836618,43.06640625,46.7761480170486,46.04366584606109,
savspa,XC610506.ogg,7228.5912490472565,121118.0013360047,-0.9758769950732434,-0.11377962722579804,7461.2548828125,7220.141168744838,7211.409372827773,
savspa,XC613094.ogg,4994.1650390625,325928.0069974753,2.0065905317585373,2.089790458445165,4748.0712890625,4967.628237147786,4944.502489834254,
savspa,XC82760.ogg,7390.4644775390625,1052154.1180003292,-2.840088196678635,6.954902531491992,7428.955078125,7291.7232143030305,7152.817812217306,
