primary_label,filename,mean,variance,skewness,kurtosis,mode,gmean,hmean
saypho,XC109953.ogg,3028.106689453125,28110.529482364655,-1.1855610460330843,-0.24186291457809705,3068.4814453125,3023.865710942901,3019.4434052733695,
saypho,XC124447.ogg,3509.912109375,4590.420484542847,-0.10101010101010101,-1.7651515151515154,3552.978515625,3509.3168235549506,3508.720854949896,
saypho,XC124449.ogg,3329.571533203125,289.7992730140686,-0.43465075957466565,-1.1542857142857141,3305.3466796875,3329.5334007152073,3329.4952151533375,
saypho,XC124450.ogg,2469.5184004934213,92.87134597176,0.16800767705014827,-0.643374713623543,2465.5517578125,2469.500593959451,2469.4827947844265,
saypho,XC124454.ogg,4253.786399147727,325313.86028636585,0.36887825102698113,0.6373168147951347,3714.4775390625,4217.552803103856,4181.338344447188,
saypho,XC124456.ogg,2825.4638671875,21091.867089271545,-0.8535587504814303,-1.1640676557004188,2616.2841796875,2822.172882280656,2818.79278857194,
saypho,XC124457.ogg,2594.7509765625,4613.009966336764,2.243633791363325,3.6949861834413866,2573.2177734375,2593.9160960649974,2593.111925544817,
saypho,XC124458.ogg,,
saypho,XC124461.ogg,3552.978515625,115.91970920562744,0.0,-1.5,3542.2119140625,3552.9676402365944,3552.9567648481957,
saypho,XC124463.ogg,3315.2850811298076,305835.14566122275,3.5361688392298487,16.67196224683719,3552.978515625,3280.750127467325,3252.8480318013453,
saypho,XC124465.ogg,3320.842536141939,433397.9351229189,1.0843946316970778,-0.8039513706156036,2928.515625,3263.6937973348163,3214.2779509026946,
saypho,XC124468.ogg,3063.754644626524,102600.8173488989,1.213708270497274,-0.2402324136008036,2950.048828125,3048.6101863131526,3034.6377606647256,
saypho,XC124471.ogg,3059.50927734375,251.15936994552612,-0.3053162697580516,-1.1517159763313605,3068.4814453125,3059.4750391597013,3059.440767786934,
saypho,XC124993.ogg,3625.653076171875,521.6386914253235,-0.32396954829362334,-1.549508692365835,3596.044921875,3625.590049968233,3625.526943765316,
saypho,XC131897.ogg,,
saypho,XC132885.ogg,3583.48388671875,343.8951373100281,-0.49545968323892786,-0.5779573286201241,3585.2783203125,3583.44383733721,3583.403724734045,
saypho,XC135968.ogg,,
saypho,XC139922.ogg,37.4677734375,571.0977673530579,2.640424187851639,6.0117039081082755,32.2998046875,33.3711020117459,30.97087269547594,
saypho,XC144104.ogg,3386.722156613372,1078.0661327894345,0.24844823424525708,-0.7778095987993385,3369.9462890625,3386.5669317808,3386.411943368807,
saypho,XC147497.ogg,3019.6728515625,123982.20098018646,2.102020960197769,2.5216138235986287,2874.6826171875,3003.034936723332,2988.6549161399253,
saypho,XC170898.ogg,3456.378173828125,6348.996073007584,-0.996583314544592,1.71961088691467,3445.3125,3455.4707450521687,3454.5482620404005,
saypho,XC174092.ogg,2796.240234375,4038.0821778224063,-0.42844841243295845,-1.5432718008936304,2713.18359375,2795.565404207248,2794.8863946716106,
saypho,XC174093.ogg,2780.316521139706,114177.81411007764,2.9619874745368393,8.05417360992223,2594.7509765625,2763.974897256569,2750.5250681954226,
saypho,XC174094.ogg,,
saypho,XC174095.ogg,3168.45703125,67183.75146389008,-1.9907072551448817,2.06584689860394,3251.513671875,3158.317609059581,3147.0412179537575,
saypho,XC174099.ogg,3138.8582555259145,251812.9497693806,0.5377277914818505,-1.6833364420938495,2723.9501953125,3101.5828230773814,3066.665917806026,
saypho,XC174100.ogg,2724.794634650735,1830.8040660970353,0.7640370902579398,0.5637604870262987,2734.716796875,2724.467758469338,2724.1433323052584,
saypho,XC178781.ogg,715.97900390625,17605.99583387375,2.711148135684709,5.5698235910417075,667.529296875,706.9981937580928,700.1641332816909,
saypho,XC186698.ogg,3453.245785361842,15582.727225203264,-0.5909419070226072,-1.4542590409010991,3552.978515625,3451.0772286721162,3448.878905443547,
saypho,XC186699.ogg,,
saypho,XC246797.ogg,3565.283203125,209.75947380065918,-0.271676526951981,-0.8760387811634347,3563.7451171875,3565.257971136017,3565.23272174853,
saypho,XC278461.ogg,2962.7569480020493,150145.03502064064,0.31255658312014006,-1.317733539915778,2637.8173828125,2938.2503824096243,2914.2828338282475,
saypho,XC278473.ogg,2729.6501608455883,8608.743110123803,0.029321208571976436,-1.3746231349867666,2583.984375,2728.16606953208,2726.6827214361488,
saypho,XC289237.ogg,,
saypho,XC306467.ogg,,
saypho,XC320384.ogg,3438.6474609375,816.957950592041,-1.0631923747099457,1.7696452702702707,3434.5458984375,3438.5336604551258,3438.419184662145,
saypho,XC322229.ogg,3178.839111328125,106.25973343849182,-0.49338220021815865,-1.371900826446281,3186.9140625,3178.8265644882126,3178.8140060565715,
saypho,XC322232.ogg,3368.15185546875,343.8951373100281,1.0480877914669628,0.07650549173084187,3359.1796875,3368.1094609848096,3368.0672142243193,
saypho,XC341963.ogg,3418.810096153846,2465.523045796614,-0.8854160370638543,-0.655030318488552,3466.845703125,3418.47444886519,3418.1360042083134,
saypho,XC350281.ogg,3712.17041015625,877.0408767920273,0.5307484992322561,-0.7967400952150405,3692.9443359375,3712.0610104697807,3711.951904654174,
saypho,XC354730.ogg,18.841552734375,28.97992730140686,-1.1547005383792515,-0.666666666666667,21.533203125,18.10719331674258,17.2265625,
saypho,XC367883.ogg,3692.9443359375,540.9586429595947,-0.6872431934890914,-1.0,3660.64453125,3692.8892657931524,3692.834057555708,
saypho,XC369699.ogg,3398.956298828125,109605.85704445839,-0.5452470825916627,-1.0227859858198687,3477.6123046875,3382.6167758055153,3365.6527493438766,
saypho,XC386336.ogg,75.3662109375,173.87956380844116,0.0,-0.75,75.3662109375,74.31516242621774,73.2413087694961,
saypho,XC388984.ogg,2727.865323153409,4411.271843043241,-1.2829832249598665,0.23470620449161084,2734.716796875,2727.115115146148,2726.349596815103,
saypho,XC418009.ogg,3317.379940257353,1027.0827175939785,0.24900449020940776,-0.7277316161911882,3305.3466796875,3317.234458393009,3317.0891933182243,
saypho,XC443465.ogg,,
saypho,XC449500.ogg,2920.8656712582238,64287.86700726573,0.5682680051266517,-1.3631174082171351,2713.18359375,2910.456739529524,2900.3869418376353,
saypho,XC452117.ogg,,
saypho,XC453104.ogg,3706.58203125,139459.13815498352,-2.0927587852021388,2.491137941404407,3865.2099609375,3686.1266652702907,3662.424811104208,
saypho,XC453915.ogg,2494.915216619318,2938.6399009011,-1.3250314062207673,0.7812178065931943,2530.1513671875,2494.3420880874046,2493.757812737433,
saypho,XC456899.ogg,2974.518377130682,1717.7193273197522,0.15727472815327034,-1.442268056757878,2950.048828125,2974.2562282766544,2973.9944423979673,
saypho,XC480944.ogg,3466.845703125,289.7992730140686,0.0,-1.3,3445.3125,3466.812266087194,3466.7788289203872,
saypho,XC483753.ogg,3101.7600319602275,6115.141023289072,-1.4455912725730793,1.708853328148657,3122.314453125,3100.795489340851,3099.806652035645,
saypho,XC483975.ogg,3502.37548828125,14131.222655898646,1.882502544986428,1.6846695017142208,3434.5458984375,3500.5344051880325,3498.7666564278034,
saypho,XC509625.ogg,3770.795147235577,141.957059273353,-0.28640225569186384,-0.4777657129870252,3768.310546875,3770.77703709654,3770.7589160721004,
saypho,XC516234.ogg,2433.9944773706898,275554.8235206119,-0.8375976816861197,-1.008999303068695,2745.4833984375,2368.950472028017,2294.7596274835932,
saypho,XC516238.ogg,5120.485276442308,15055.639316678527,0.18848916934620566,0.3689875348440421,5146.435546875,5119.05596173264,5117.629457534956,
saypho,XC516239.ogg,5015.984397710756,14413.839190505274,0.06982767632169605,-0.4457978225065271,4909.5703125,5014.581760705974,5013.179842604903,
saypho,XC530983.ogg,3161.524166277985,182106.20774308807,-0.05554121721880457,-0.8891312899890749,2799.31640625,3132.3556332937865,3102.686235242357,
saypho,XC538579.ogg,4101.357421875,116424.23593997955,-0.5488396801234994,-1.4990114094783222,3649.8779296875,4087.675046351756,4073.604520351665,
saypho,XC539294.ogg,3138.747687088816,154744.67707307715,-0.0766059025969911,-1.9531191104889825,2734.716796875,3115.152096596489,3091.5745337451335,
saypho,XC539910.ogg,3356.488037109375,4366.3090467453,1.2598756636363677,0.9894651108152552,3305.3466796875,3355.8876478459233,3355.2964910469464,
saypho,XC539911.ogg,3492.294034090909,609.1053810986606,0.6804805335742008,-0.5360867326780001,3466.845703125,3492.214993781118,3492.1361923933464,
saypho,XC540017.ogg,,
saypho,XC540319.ogg,,
saypho,XC545465.ogg,2775.0008229459268,3515.866093329925,-0.716603811640217,-0.8051172577203998,2799.31640625,2774.367848276081,2773.728312390195,
saypho,XC549448.ogg,3601.42822265625,186.41142426310358,0.5238186497459568,-0.3447496645717112,3596.044921875,3601.40305604615,3601.377921949079,
saypho,XC562439.ogg,,
saypho,XC585857.ogg,,
saypho,XC589967.ogg,,
saypho,XC593009.ogg,2585.251034007353,2012.4002458418117,-5.547323985262096e-05,-1.2092998411824512,2562.451171875,2584.884653249906,2584.51824148373,
saypho,XC593010.ogg,2560.9130859375,132.47966766357422,-0.5953924651018015,-0.640625,2562.451171875,2560.890878352897,2560.8686338180587,
saypho,XC598597.ogg,2960.8154296875,77.27980613708496,0.0,-1.0,2960.8154296875,2960.8056418193632,2960.795853918869,
saypho,XC598749.ogg,2792.138671875,1229.4514612718062,-0.7397791176135906,-0.4477714285714285,2777.783203125,2791.9356286702673,2791.731357366181,
saypho,XC598751.ogg,2847.467041015625,6534.4676077365875,-0.008067586774041843,-1.3369201601846965,2767.0166015625,2846.3508198581217,2845.234289789066,
saypho,XC610014.ogg,,
saypho,XC610015.ogg,3213.3411754261365,32535.50092740492,-0.18899622774730504,-1.9442815715113597,3359.1796875,3208.7040683134637,3204.0418966378666,
saypho,XC610016.ogg,3212.5882662259614,55362.064196513245,0.8298301697984773,-1.2742815930421207,3036.181640625,3204.9217707085368,3197.556051639634,
saypho,XC610017.ogg,3432.8894981971152,6386.640963187583,-0.7431408636496641,-0.5559733993906866,3456.0791015625,3431.984482033256,3431.0688953160743,
saypho,XC610018.ogg,3620.030517578125,1871.3333838145827,-2.2121001218162046,7.8637561122588,3639.111328125,3619.768769475593,3619.5021388625687,
