primary_label,filename,mean,variance,skewness,kurtosis,mode,gmean,hmean
scbwre1,XC112995.ogg,4553.076171875,99.81974959373474,-0.7783878751624579,0.11082206035379727,4554.2724609375,4553.066417544442,4553.056652685748,
scbwre1,XC113646.ogg,4590.487393465909,43708.053263750946,1.6232367908814933,0.6836919846868446,4511.2060546875,4586.350682667077,4582.400778027296,
scbwre1,XC116964.ogg,,
scbwre1,XC116965.ogg,,
scbwre1,XC118.ogg,,
scbwre1,XC118243.ogg,5.797400841346154,29.960786379300636,-0.15430334996209213,-1.9761904761904765,10.7666015625,0.0,0.0,
scbwre1,XC118973.ogg,2461.5641276041665,87506.17848336697,0.5868517548786689,-0.7359751689267013,2540.91796875,2444.6307005023705,2428.3603533555797,
scbwre1,XC119691.ogg,3010.5074368990386,763.8811606627245,-0.10776637763775566,-1.3988061893442734,3003.8818359375,3010.3902476573485,3010.2729832749533,
scbwre1,XC119926.ogg,2150.383966619318,18115.479404276066,0.132157750824259,-0.19480490779300652,2142.5537109375,2146.2523885606056,2142.121686809589,
scbwre1,XC120691.ogg,,
scbwre1,XC122328.ogg,3459.1552734375,27.59993076324463,0.9486832980505138,-1.1,3456.0791015625,3459.1518569851505,3459.1484435709926,
scbwre1,XC122329.ogg,2661.8115234375,96.04775905609131,0.24785998692497724,0.32285053631160787,2659.3505859375,2661.794007298089,2661.77650124689,
scbwre1,XC123130.ogg,5.15899658203125,29.545138649483945,0.0834057656228299,-1.9930434782608695,0.0,0.0,0.0,
scbwre1,XC128318.ogg,4803.69873046875,4146.061599254608,-1.7621528272790907,1.151446719399928,4834.2041015625,4803.3338364808815,4802.96362674377,
scbwre1,XC128382.ogg,,
scbwre1,XC130366.ogg,4.893909801136363,31.614466146989304,0.18257418583505555,-1.9666666666666668,0.0,0.0,0.0,
scbwre1,XC131588.ogg,3207.1014404296875,2239.1823828220367,-0.755301342160616,-0.7631508225010255,3229.98046875,3206.7717482168587,3206.4396513283596,
scbwre1,XC135661.ogg,3457.574462890625,132368.0719435215,1.290855413244776,0.29891235997031007,3466.845703125,3440.3832574055164,3424.5526811759423,
scbwre1,XC140764.ogg,3651.6005859375,210262.8129920444,1.887678589685976,5.201947879885527,3208.447265625,3626.412278074747,3603.8257019618195,
scbwre1,XC141699.ogg,2592.316788383152,132323.48868694133,-3.058878583549206,19.940348062566578,2928.515625,2479.6364520821517,839.7054551894294,
scbwre1,XC143921.ogg,2617.9970481178975,2533.7524176526013,-0.3945146537594932,-0.5270754356843881,2616.2841796875,2617.5216022691084,2617.0436272422917,
scbwre1,XC148076.ogg,261.9873046875,8859.075958078558,1.7680978380361054,1.1619889304021518,215.33203125,250.62681627063068,242.6539049574569,
scbwre1,XC148086.ogg,3759.697265625,23.18394184112549,1.5,0.25,3757.5439453125,3759.6948018705734,3759.692340935892,
scbwre1,XC148306.ogg,672.1435546875,991271.7533111572,2.0004001541343612,2.0724760875510375,204.5654296875,368.8257203312599,284.866296129841,
scbwre1,XC151805.ogg,,
scbwre1,XC151877.ogg,3445.3125,65353.87605428696,-0.9947644096321971,-0.997828110807208,3606.8115234375,3435.6723573198037,3425.5640741370435,
scbwre1,XC154042.ogg,,
scbwre1,XC154132.ogg,,
scbwre1,XC163523.ogg,3644.9840198863635,56229.48948903517,0.31971226097112576,-1.0231287574363601,3488.37890625,3638.045366504282,3631.187409511583,
scbwre1,XC163524.ogg,3655.675330528846,154959.30843749028,3.4329303315655904,15.925896092661088,3671.4111328125,3638.5389016674544,3623.9767896624253,
scbwre1,XC166667.ogg,4669.71435546875,63746.64008617401,0.29946875125669886,-1.5780714384926584,4909.5703125,4663.140576295999,4656.6389513613985,
scbwre1,XC167364.ogg,2935.693359375,30.911922454833984,-0.7071067811865475,-1.5,2939.2822265625,2935.688968424545,2935.6845738984084,
scbwre1,XC171240.ogg,4572.762928838315,9550.048042898592,-0.3191131628925438,-1.6918902821307917,4640.4052734375,4571.736617922838,4570.7058028441525,
scbwre1,XC180690.ogg,3218.13720703125,24781.850448021523,1.5803894834628942,4.424622696806178,3154.6142578125,3214.5474797823645,3211.106071798797,
scbwre1,XC182097.ogg,4385.0830078125,18469.873666763306,-0.17057907743501854,-0.6268682243614432,4317.4072265625,4383.010956291138,4380.929959343206,
scbwre1,XC185999.ogg,4568.688757944915,9387.938202925414,-0.21977466826072564,-1.7377974937680327,4640.4052734375,4567.675467322714,4566.659172713631,
scbwre1,XC186004.ogg,4888.289451599121,214923.25950863163,0.8334773215910268,-0.7687948248875052,4575.8056640625,4867.391725750564,4847.524712940505,
scbwre1,XC186723.ogg,,
scbwre1,XC187730.ogg,2627.05078125,0.0,0.0,-3.0,2627.05078125,2627.050781249999,2627.05078125,
scbwre1,XC190503.ogg,2993.7881469726562,91329.30605401917,-0.6861671011228205,2.288415068324709,3337.646484375,2977.889012713823,2960.4661014898734,
scbwre1,XC198048.ogg,2368.65234375,212104.0879189968,-0.4869974161999873,-1.6404267329124822,2756.25,2322.202279998552,2273.3431191347995,
scbwre1,XC198049.ogg,3345.18310546875,130.08767366409302,1.2176890763361847,0.16606215076953257,3337.646484375,3345.1656515508444,3345.148243280956,
scbwre1,XC202125.ogg,3031.0323963994565,609.8384701687356,-0.27124443300019924,-0.8258922498293884,3014.6484375,3030.9360273381058,3030.839515426696,
scbwre1,XC203137.ogg,3377.5726318359375,11324.641591180925,0.6390436298444012,-1.3237566781038521,3283.8134765625,3375.9862736715036,3374.4207634821028,
scbwre1,XC203142.ogg,2759.6757368607955,658814.6127624945,-2.1173902636181463,2.4872686220332794,3057.71484375,2543.1216168037045,2177.2127442588944,
scbwre1,XC207553.ogg,1502.2575827205883,1342703.157491225,-0.473811644893079,-1.7614000068106455,53.8330078125,558.355677474098,132.1264595401907,
scbwre1,XC211446.ogg,2184.2742919921875,2424.6539175510406,-1.324573205627786,0.17344359613339444,2196.38671875,2183.743584439081,2183.202417531925,
scbwre1,XC211447.ogg,1882.733269457547,4512.120001720932,2.0345602424490328,3.621995621406147,1884.1552734375,1881.6097672046724,1880.5358143099118,
scbwre1,XC211448.ogg,2087.6908542798915,8476.321473274404,1.5818358711228477,2.638878770628928,2121.0205078125,2085.7624867897403,2083.9131493057466,
scbwre1,XC211449.ogg,,
scbwre1,XC211450.ogg,2333.660888671875,70465.45586303661,1.502356635841912,0.2722160728307723,2196.38671875,2320.7010332537375,2309.067610024076,
scbwre1,XC212374.ogg,3408.275390625,3381.764316558838,-0.3537234406210273,-0.7359332361534912,3423.779296875,3407.797127204104,3407.316880103527,
scbwre1,XC214330.ogg,3217.2563032670455,1572.2927830436013,-0.13846807564230937,-1.9230803786414041,3176.1474609375,3217.033914289661,3216.811297380252,
scbwre1,XC217258.ogg,3024.33837890625,20027.061760425568,-1.4882992404389401,0.23427458237709464,3090.0146484375,3021.2186472207336,3017.9567539854615,
scbwre1,XC242821.ogg,3292.5613403320312,14346.513010561466,2.3216390160601574,5.0610234806726435,3229.98046875,3290.621454733192,3288.778228199347,
scbwre1,XC244223.ogg,3095.0812844669117,123691.4954848468,2.1468689511897168,5.118871750957602,2896.2158203125,3078.0987224319697,3063.157354755394,
scbwre1,XC244808.ogg,,
scbwre1,XC251124.ogg,,
scbwre1,XC251125.ogg,3792.535400390625,313259.84143398027,0.9151076687307683,1.0516050661542282,3154.6142578125,3756.8415278825414,3723.0247550190848,
scbwre1,XC253667.ogg,0.0,0.0,0.0,-3.0,0.0,0.0,0.0,
scbwre1,XC254219.ogg,,
scbwre1,XC254220.ogg,,
scbwre1,XC256973.ogg,,
scbwre1,XC259408.ogg,3822.91259765625,188190.55252350293,-0.3286595796436083,-0.7101676715474281,3897.509765625,3799.2591578659526,3774.856859374793,
scbwre1,XC259409.ogg,2697.03369140625,4106.667746857899,1.8716188415061739,1.6843099765671985,2670.1171875,2696.311435939316,2695.6097106851626,
scbwre1,XC259410.ogg,3151.9575639204545,45419.64778346878,0.3815231400831092,-0.6602522803005155,2853.1494140625,3144.9396523996265,3138.019271091604,
scbwre1,XC259411.ogg,4000.5615234375,9770.375490188599,-0.8850333859715269,-0.613378339557598,4059.0087890625,3999.5001845332104,3998.4242106693646,
scbwre1,XC262461.ogg,3867.2286987304688,262167.3953309655,2.266667370486488,3.1400456780840447,3682.177734375,3840.4354726854563,3817.9817895742713,
scbwre1,XC262462.ogg,3603.22265625,9766.235500574112,-0.21819564553523713,-1.94505102624836,3499.1455078125,3602.0132696547203,3600.799714659382,
scbwre1,XC262463.ogg,3266.12548828125,65496.54646561696,-0.6046146285090109,-1.1055322744004452,3488.37890625,3256.49164185926,3246.5509210780338,
scbwre1,XC262464.ogg,2124.609375,10479636.302947998,0.7071050243475543,-1.4999900532923003,32.2998046875,196.55835751707522,51.538846825265,
scbwre1,XC262993.ogg,3289.978224231351,75191.69331077606,-0.034137511979783396,-1.194267545769178,3305.3466796875,3278.5698755700546,3267.115694058703,
scbwre1,XC263760.ogg,2532.843017578125,428462.42916584015,0.25176448975452637,-1.9197435383883215,1916.455078125,2455.5471825381783,2383.4979990532,
scbwre1,XC276195.ogg,3428.3935546875,33.119916915893555,0.28867513459481287,-1.9166666666666667,3423.779296875,3428.3894157184577,3428.385277991872,
scbwre1,XC276196.ogg,3156.6329956054688,212739.23132568598,1.8060747922478053,1.9041050719722605,2842.3828125,3129.32201612678,3105.801943580879,
scbwre1,XC276197.ogg,3300.347900390625,81642.83302990165,-0.08719813944243603,-1.360771745417924,3606.8115234375,3287.9749247993377,3275.526766135379,
scbwre1,XC277156.ogg,3350.56640625,27509.402990341187,-0.05930818845615621,-1.6782530349920965,3229.98046875,3346.7239747132858,3342.8757063666335,
scbwre1,XC284931.ogg,,
scbwre1,XC295848.ogg,4024.5556640625,3897.009860385548,0.5712798873055203,-0.777390523753795,3962.109375,4024.084940134224,4023.6169040212462,
scbwre1,XC303297.ogg,2645.685283954327,70.08683956586398,-0.02464406826537461,-0.498300409844024,2648.583984375,2645.6725471262425,2645.6598095258055,
scbwre1,XC305374.ogg,4017.22412109375,3580.5188228444354,0.7579304207770181,-0.5052816533255036,3962.109375,4016.792228786014,4016.363481128694,
scbwre1,XC309189.ogg,2846.8978389616937,68220.86782993808,1.8362608469646486,1.3825028754203679,2734.716796875,2836.425001424959,2827.0030026746995,
scbwre1,XC309193.ogg,2083.7672476532794,4494.910961387292,-0.5625269327726747,-1.2071944240368508,2099.4873046875,2082.6791203137786,2081.577723161568,
scbwre1,XC313947.ogg,2787.7216045673076,753699.5462041633,0.8301056589634699,-1.2995669152918348,2239.453125,2678.4321344160685,2587.6234968265017,
scbwre1,XC316128.ogg,,
scbwre1,XC318641.ogg,,
scbwre1,XC318642.ogg,2881.8603515625,258650.9652698741,2.4744414899420755,4.124043147792435,2702.4169921875,2848.450581335384,2822.3484068362163,
scbwre1,XC318644.ogg,,
scbwre1,XC323773.ogg,2802.9052734375,17525.716035262398,-1.0112199826985824,0.016790597124468398,2917.7490234375,2799.8070487978343,2796.604383751982,
scbwre1,XC326998.ogg,,
scbwre1,XC328008.ogg,,
scbwre1,XC329231.ogg,2447.331355168269,906.6704640021691,0.930073836183034,-0.9267809842637171,2433.251953125,2447.15455537913,2446.9790732931438,
scbwre1,XC334548.ogg,26.91650390625,34.77591276168823,0.0,-2.0,21.533203125,26.37268009197709,25.83984375,
scbwre1,XC338425.ogg,4898.8037109375,53114.803706185296,6.215687367611937,42.02145465630924,4791.1376953125,4894.29921488766,4890.465836398282,
scbwre1,XC340319.ogg,2015.091040826613,58663.84870775285,0.3215214551785084,-1.6376834784687722,1830.322265625,2001.2795515709836,1987.847265207437,
scbwre1,XC340435.ogg,2106.6650390625,30.911922454833984,-0.7071067811865475,-1.5,2110.25390625,2106.658918187596,2106.652790369027,
scbwre1,XC344314.ogg,,
scbwre1,XC354236.ogg,,
scbwre1,XC361191.ogg,6.4599609375,28.534082266000603,-0.40824829046386296,-1.8333333333333333,10.7666015625,0.0,0.0,
scbwre1,XC367141.ogg,,
scbwre1,XC372318.ogg,4920.3369140625,784051.3165453647,-3.2679114322306373,17.91342637572264,4575.8056640625,4463.877600499777,858.9610313436721,
scbwre1,XC379484.ogg,,
scbwre1,XC385533.ogg,52.75634765625,269.19132471084595,-0.619564342754685,-0.5216455667223738,53.8330078125,49.85927349818236,46.28426464943705,
scbwre1,XC387985.ogg,4208.041221217105,60449.07783207141,3.9867902827722905,13.953902377296917,4145.1416015625,4202.112778385424,4196.945628681304,
scbwre1,XC390155.ogg,,
scbwre1,XC391560.ogg,3279.327392578125,45155.11763366786,-2.9996375543829186,7.035249676984428,3337.646484375,3272.095246759453,3263.8164825424547,
scbwre1,XC395410.ogg,3283.095703125,81168.08438301086,1.9391114770921574,3.547972730801016,3100.78125,3272.6047127578086,3263.048869363467,
scbwre1,XC395860.ogg,5.38330078125,34.77591276168823,0.0,-2.0,0.0,0.0,0.0,
scbwre1,XC399673.ogg,1935.52734375,785581.6349492354,-1.4984206791196877,0.7230444069931177,2228.6865234375,1266.681662728891,349.02600014889885,
scbwre1,XC404514.ogg,,
scbwre1,XC404933.ogg,2366.85791015625,106213.13826126211,3.867189712358915,12.99473841783228,2293.2861328125,2350.9163516303042,2338.9152032563998,
scbwre1,XC407946.ogg,3142.6513671875,41591.39720293192,-2.4721626247729924,4.11878021735904,3208.447265625,3135.5109982907948,3127.5253031330144,
scbwre1,XC407948.ogg,2917.7490234375,3080.1522731781006,-1.0623223382258855,-0.8603017689906345,2950.048828125,2917.2498309947364,2916.7441192028623,
scbwre1,XC407949.ogg,2946.4599609375,25801.375275072845,-0.1803153388650767,-1.0403041081881659,3003.8818359375,2942.228346913343,2937.9645575159075,
scbwre1,XC409320.ogg,,
scbwre1,XC415428.ogg,2124.609375,2539105.3104400635,-0.7071067811865474,-1.4999999999999998,3186.9140625,0.0,0.0,
scbwre1,XC425778.ogg,,
scbwre1,XC427586.ogg,2530.1513671875,0.0,0.0,-3.0,2530.1513671875,2530.151367187501,2530.1513671875,
scbwre1,XC431910.ogg,78.955078125,1650.977676564997,-0.2492797094035498,-1.673318243549117,32.2998046875,67.02430486110104,54.884027703282555,
scbwre1,XC433416.ogg,,
scbwre1,XC437442.ogg,2430.30219927226,3868.048378866013,0.4470898772900382,-1.5232990261324573,2368.65234375,2429.5230078765558,2428.7497758250415,
scbwre1,XC438400.ogg,3567.9581351902175,16615.92195392126,-0.11272265604239844,-0.9072601706014227,3488.37890625,3565.722713151038,3563.47964056204,
scbwre1,XC438579.ogg,2202.5616814108457,8634.517180673694,-0.03168463974507174,-1.911155812612529,2293.2861328125,2200.6276890728877,2198.6933839812327,
scbwre1,XC441547.ogg,2655.76171875,28.101747686212715,-0.7071067811865475,-1.5000000000000004,2659.3505859375,2655.756864551396,2655.7520059835933,
scbwre1,XC445655.ogg,3676.79443359375,14009.724855422974,-2.048316901885328,2.561876498499405,3725.244140625,3675.054807293629,3673.239994589965,
scbwre1,XC453608.ogg,2650.7373046875,638.8463973999023,0.9972439552051171,-0.3255723204994796,2637.8173828125,2650.6294942250483,2650.522325768031,
scbwre1,XC468934.ogg,3190.5029296875,1554.68786464018,0.07311941862348312,-1.0600184672206834,3176.1474609375,3190.2729331387477,3190.0430565757624,
scbwre1,XC471088.ogg,,
scbwre1,XC474892.ogg,2364.8319367439517,46209.834014215776,-0.11987237103819773,-0.9217611657995235,2648.583984375,2355.24711965838,2345.546765727965,
scbwre1,XC475808.ogg,2558.651194852941,46787.24027731839,3.6526152270703656,11.60248936469974,2487.0849609375,2551.438808993279,2545.3900590009525,
scbwre1,XC482077.ogg,,
scbwre1,XC490047.ogg,5500.74462890625,23638.267593899953,0.8467565392193577,0.41195999027411023,5318.701171875,5498.649003454139,5496.58383796293,
scbwre1,XC491880.ogg,2531.94580078125,122.94514612718062,1.7482619440669884,3.0514285714285716,2530.1513671875,2531.9236529077075,2531.9016120329184,
scbwre1,XC494819.ogg,4177.909519361413,17256.000348230595,-0.7170119236460535,-0.0984272101496737,4252.8076171875,4175.902777315854,4173.864167605585,
scbwre1,XC495456.ogg,3064.892578125,2955.9525847434998,2.3818489664594087,3.86361014994233,3046.9482421875,3064.474946584091,3064.0680844009416,
scbwre1,XC497531.ogg,,
scbwre1,XC499931.ogg,2581.0710592830883,43459.92250652873,1.4578285365714165,0.32669658639031685,2454.78515625,2573.333055350957,2566.1587968856356,
scbwre1,XC502247.ogg,11.663818359375,157.19415111975238,0.5570270467771411,-1.0967822477450764,0.0,0.0,0.0,
scbwre1,XC5115.ogg,2515.3472900390625,62142.99564751295,0.16683575463811,-1.2882849596556578,2810.0830078125,2503.3635754210577,2491.4812239202424,
scbwre1,XC513876.ogg,3015.812394425676,28089.81710189097,0.36618855988403,-0.46046691237986304,2788.5498046875,3011.3284819102973,3006.892190266645,
scbwre1,XC518253.ogg,447.6114908854167,92309.71585467178,5.770037768496888,36.92395105530766,236.865234375,405.70059154755927,378.5435082061912,
scbwre1,XC518978.ogg,3254.6803193933824,3706.021291368148,-0.11645997211611127,-1.9532273400876288,3305.3466796875,3254.143669235349,3253.606344443264,
scbwre1,XC519236.ogg,3469.921875,27.59993076324463,0.9486832980505138,-1.1,3466.845703125,3469.9184691389655,3469.9150662973107,
scbwre1,XC519237.ogg,1174.27734375,1829469.138622284,1.0582495774587801,-0.8072857554220203,409.130859375,620.4596363510946,269.37105017739145,
scbwre1,XC519238.ogg,,
scbwre1,XC520950.ogg,3271.8505859375,200870.82409858704,1.6745455839026564,5.5481551169264876,3628.3447265625,3244.94012602963,3220.218615857492,
scbwre1,XC524155.ogg,279.31990189985794,9335.821501934042,1.0780160667564003,-0.8171045048166587,226.0986328125,265.7103201109047,255.16578887456834,
scbwre1,XC529483.ogg,1784.1796875,3365852.319552348,0.08189599500543134,-1.8660645813392351,43.06640625,365.54272391561125,74.56147584774298,
scbwre1,XC529484.ogg,3125.6702769886365,284778.9116367768,-5.140235491653282,27.348545649146804,3326.8798828125,2828.703735919669,763.62132153566,
scbwre1,XC529489.ogg,,
scbwre1,XC532542.ogg,3444.5947265625,30506.33671365935,1.922688708342251,5.133868846319119,3273.046875,3440.5522622067056,3436.7256195767036,
scbwre1,XC532543.ogg,,
scbwre1,XC532544.ogg,3438.9504172585225,13637.108284877673,-0.3073226154571275,-1.4932826509101127,3509.912109375,3436.9982975416438,3435.0328529236117,
scbwre1,XC532545.ogg,3981.510577815594,618338.9587534537,0.8149721198097568,0.031940445906745385,3046.9482421875,3909.9605359739944,3843.8132045631555,
scbwre1,XC532546.ogg,,
scbwre1,XC532547.ogg,,
scbwre1,XC532548.ogg,,
scbwre1,XC540049.ogg,,
scbwre1,XC543898.ogg,3675.41015625,38499.56553823808,-1.1153749869981118,0.985037125805496,3682.177734375,3670.095765413826,3664.540320140691,
scbwre1,XC549958.ogg,2925.439453125,336.7191553115845,0.47642581114177784,-1.33176565439398,2906.982421875,2925.3902144140006,2925.341066409602,
scbwre1,XC565535.ogg,,
scbwre1,XC583496.ogg,6724.232066761364,9511951.787102628,-0.9332672895959349,-0.8225356247476401,7870.3857421875,5544.547346474599,4014.0218909493888,
scbwre1,XC592214.ogg,2188.8969089673915,974.0921018623084,-0.12676831973241726,-1.9360683788670288,2217.919921875,2188.68381312507,2188.470484530709,
scbwre1,XC610976.ogg,9206.263533882473,76285.95478409111,-0.1432427918960906,-0.015810211616296144,8957.8125,9202.149047641748,9198.01703805345,
scbwre1,XC610977.ogg,326.3108473557692,370023.14253495284,3.1551078239193604,8.003599253872371,118.4326171875,190.13411875840657,162.70418922229916,
scbwre1,XC63635.ogg,4.6142578125,33.119916915893555,0.28867513459481287,-1.9166666666666667,0.0,0.0,0.0,
scbwre1,XC6909.ogg,3473.4713040865386,390380.9222349754,1.6959345634063125,1.214882269637882,3068.4814453125,3426.5976641765583,3387.4632843648683,
scbwre1,XC73832.ogg,0.0,0.0,0.0,-3.0,0.0,0.0,0.0,
