primary_label,filename,mean,variance,skewness,kurtosis,mode,gmean,hmean
semplo,XC114350.ogg,957.97119140625,316915.93572133925,4.247915180066768,16.046703539957875,829.0283203125,891.8618092725378,864.7872465601031,
semplo,XC127268.ogg,,
semplo,XC131020.ogg,,
semplo,XC139455.ogg,3242.900390625,3095.0562357902527,-1.4650029409157856,0.20344653452846906,3262.2802734375,3242.5127811329894,3242.1192936912225,
semplo,XC145877.ogg,2954.503973599138,2405.4767242793378,-1.6876999991214854,2.169932633024888,2950.048828125,2954.1034588398948,2953.6953292316753,
semplo,XC145878.ogg,3153.9809283088234,16076.188495053964,-0.0963048237421043,-1.7097495303283068,3294.580078125,3151.5748205845384,3149.16345054334,
semplo,XC146854.ogg,3437.858698918269,857.5086180980388,0.4642104870725241,-1.0748583031216747,3402.24609375,3437.743863008978,3437.6293154171863,
semplo,XC149421.ogg,3176.1474609375,5696.625709533691,0.7507706520334617,-0.6321829367225531,3111.5478515625,3175.2912933316015,3174.444854968455,
semplo,XC149423.ogg,2858.53271484375,202170.41283845901,0.870843144278982,-1.2386758724678681,3509.912109375,2829.076947351313,2802.1967533591483,
semplo,XC149543.ogg,1079.091324344758,146473.9009449559,2.036711692154779,2.473337932519118,850.5615234375,1032.5683042137823,1000.433189658041,
semplo,XC149621.ogg,,
semplo,XC149622.ogg,3823.681640625,2257.6743364334106,-1.3846328227203224,0.7648477711156674,3854.443359375,3823.4258496323487,3823.1672935500724,
semplo,XC149623.ogg,3947.75390625,19481.536583466965,0.35053127741613405,-1.652931538459638,3800.6103515625,3945.508917335625,3943.2822054623693,
semplo,XC149624.ogg,3138.050255408654,10193.50365950511,-1.7214832001301168,1.4226790332611694,3165.380859375,3136.4948542077036,3134.881776082264,
semplo,XC149625.ogg,3043.7815946691176,17384.546977632188,1.7174442430083934,1.7662022153554195,2950.048828125,3041.2137823278767,3038.761287633702,
semplo,XC149626.ogg,3102.1270751953125,1074.3273049592972,-0.6135168775712507,-1.1608139262922246,3122.314453125,3101.97493787266,3101.8221829287395,
semplo,XC155923.ogg,2603.72314453125,64424.31038618088,-1.5603999276207927,0.872926612124183,2670.1171875,2592.298257450048,2579.6872697608324,
semplo,XC16956.ogg,43.06640625,61.82384490966797,0.0,-1.0,43.06640625,42.37712133926049,41.67716733870968,
semplo,XC209353.ogg,3166.647518382353,118873.95708876496,0.7079024679133106,-1.3994280854089416,2896.2158203125,3149.7641109617407,3133.7415624801774,
semplo,XC210105.ogg,12.919921875,56.12954340483013,-0.2692418329785078,-0.8487712665406426,10.7666015625,0.0,0.0,
semplo,XC210109.ogg,1829.9081655649038,1649987.0521297818,0.4839920343142412,-1.7534210709506826,839.794921875,1436.7026445763242,1177.9590217697041,
semplo,XC230778.ogg,3046.3815789473683,1603.2170308263676,-0.02406966528352888,-1.2781769909131133,2993.115234375,3046.132217390371,3045.882795613697,
semplo,XC230975.ogg,3142.5018310546875,12202.619388699532,0.4130826196979298,-1.6965588209268645,3036.181640625,3140.8176388584266,3139.1491786310075,
semplo,XC230976.ogg,3051.7648797286183,10637.653257650129,4.211206796382404,20.368575998104227,3003.8818359375,3050.2078812003715,3048.7757650349918,
semplo,XC231009.ogg,2889.755859375,1136.013150215149,-1.2332361516034986,-0.06236984589754302,2896.2158203125,2889.5972425855794,2889.4372521194728,
semplo,XC231051.ogg,3354.99267578125,588.3114653475144,0.2473169804540267,-1.1744089187825402,3337.646484375,3354.9099629338693,3354.8273446782227,
semplo,XC231078.ogg,3286.5540660511365,153504.39164855264,-0.9290225386507422,-0.6226099361521582,3574.51171875,3261.585556182586,3234.5712980422563,
semplo,XC231106.ogg,3266.766357421875,7597.131851044568,-1.6047628668338547,0.8939836972575588,3283.8134765625,3265.670103642571,3264.542969487148,
semplo,XC257553.ogg,,
semplo,XC257554.ogg,2357.8857421875,2374213.9825454126,-0.9471026284007086,-1.1006225264579337,10.7666015625,642.3563825755988,37.37788968942902,
semplo,XC257555.ogg,2650.052157315341,2146758.9964920823,-1.2950226029889298,-0.3123875420673774,10.7666015625,954.0535151639716,52.01883464902287,
semplo,XC278365.ogg,3343.02978515625,9090.780271933629,-0.046896813615311214,-1.5026574730470392,3391.4794921875,3341.765682646574,3340.5005049186702,
semplo,XC331259.ogg,3282.73681640625,887.4297738075256,0.5732791615769285,-1.2593207378649776,3251.513671875,3282.615561574762,3282.4947048408153,
semplo,XC331260.ogg,2211.3210370463707,55128.92080122424,-1.246768398750857,0.3185182309707204,2325.5859375,2197.9868585844642,2183.298798272983,
semplo,XC332711.ogg,,
semplo,XC337209.ogg,3348.4130859375,540.9586429595947,0.0,-1.2499999999999998,3316.11328125,3348.3438455525,3348.2746044515848,
semplo,XC338293.ogg,3409.8460477941176,6372.174603097578,1.1955590355911685,-0.4306876708516958,3359.1796875,3408.9820960943343,3408.13359189952,
semplo,XC343603.ogg,,
semplo,XC372695.ogg,,
semplo,XC372697.ogg,,
semplo,XC387662.ogg,3011.712091619318,3804.2740930210457,-0.11618223798839095,-1.6748031399390744,2928.515625,3011.1369689657113,3010.561016460044,
semplo,XC406389.ogg,3036.181640625,1403.9164781570435,-0.9262925301100577,-0.686768790505849,3057.71484375,3035.9609574817173,3035.7386235358426,
semplo,XC406390.ogg,3000.945490056818,187.57916580546984,0.2273860180100183,-0.8749526574927291,2993.115234375,3000.917096231315,3000.888720813168,
semplo,XC406391.ogg,2934.3475341796875,7227.131870129834,-0.40806286737018055,-0.3753556605794168,2982.3486328125,2933.15723661085,2931.9567239845014,
semplo,XC407193.ogg,3676.79443359375,127.51168012619019,0.0,-0.9421487603305785,3671.4111328125,3676.779983454377,3676.765533251644,
semplo,XC447139.ogg,397.52530184659093,966.3013080090426,0.3126392778529888,0.2107359020400561,387.59765625,396.3358810463807,395.1548911877276,
semplo,XC453918.ogg,68.1884765625,38.63990306854248,0.7071067811865475,-1.5,64.599609375,68.00572711343901,67.82958984375,
semplo,XC460726.ogg,2944.66552734375,10359.006740830162,0.28324410966583596,-1.7678375724032873,2831.6162109375,2943.062599311065,2941.47020955173,
semplo,XC460727.ogg,3527.530184659091,1032.7392274683173,-0.11151743078699787,0.5377237942240627,3531.4453125,3527.3903463518413,3527.2503929588665,
semplo,XC460728.ogg,3063.09814453125,113659.2748761177,0.014265540040393413,-1.9555302501793648,2723.9501953125,3045.2203160378235,3027.455956798094,
semplo,XC460729.ogg,2836.6282495959053,32523.472894882332,0.29225701262032866,0.0007159688103217654,2863.916015625,2831.036848618949,2825.4842895412016,
semplo,XC466230.ogg,2572.1039870689656,529441.2870242678,-2.7594081151192302,6.977204180449888,3025.4150390625,2179.0868870360414,950.2187238845968,
semplo,XC466231.ogg,,
semplo,XC492111.ogg,,
semplo,XC494941.ogg,3186.9140625,693779.4595956802,-2.28499245281952,3.5750023084025857,3585.2783203125,3014.0454288545075,2721.718620808043,
semplo,XC499705.ogg,48.649088541666664,145.97296714782712,0.3690569062083849,-0.7423220245285709,43.06640625,47.22242546846709,45.83080394847974,
semplo,XC507214.ogg,,
semplo,XC523644.ogg,,
semplo,XC547301.ogg,3423.779296875,10722.573101520538,-0.395870337343817,-1.8154127100073048,3305.3466796875,3422.517316397826,3421.2466889048933,
semplo,XC574048.ogg,3146.923828125,5365.426540374756,-0.37750840646601047,-0.9889978379537898,3036.181640625,3146.096728971207,3145.264677601784,
semplo,XC582528.ogg,672.91259765625,12024.73783493042,0.7843822934854765,-0.9475618056978208,581.396484375,665.0887165523772,657.8627331063152,
semplo,XC597879.ogg,2523.9990234375,187.67952919006348,0.17120161767270564,-1.4645328719723185,2508.6181640625,2523.9671735827797,2523.9353419768045,
semplo,XC599569.ogg,3314.7674560546875,8591.288448027943,-1.7252969633544015,2.242238578449581,3348.4130859375,3313.4840985524556,3312.157859693082,
semplo,XC599570.ogg,3377.63671875,35889.25150724558,-0.4797492234085227,-1.1330847511616768,3531.4453125,3372.6076732887,3367.4871450220085,
semplo,XC599572.ogg,3528.369140625,143.51963996887207,-0.19201160638565623,-1.143491124260355,3520.6787109375,3528.351700958745,3528.334254216141,
