primary_label,filename,mean,variance,skewness,kurtosis,mode,gmean,hmean
snogoo,XC115925.ogg,,
snogoo,XC116048.ogg,,
snogoo,XC116051.ogg,,
snogoo,XC116052.ogg,,
snogoo,XC116053.ogg,,
snogoo,XC121402.ogg,418.282470703125,240042.56814875102,1.5234896557635174,0.37009384363326525,183.0322265625,269.9666656977473,217.2997878861209,
snogoo,XC121403.ogg,1546.5906479779412,25602.913419989978,0.3097970672289258,-1.248965858151905,1335.05859375,1538.91388326831,1531.378218727831,
snogoo,XC140021.ogg,1695.2503551136363,14962.073011831802,0.5653080718901909,-1.6591582798733548,1604.2236328125,1691.3350452210827,1687.5264489146964,
snogoo,XC143614.ogg,1911.07177734375,38.63990306854248,0.0,-2.0,1905.6884765625,1911.064195214932,1911.0566131161975,
snogoo,XC143615.ogg,1689.0106201171875,956.3376009464264,0.07681792372308449,-1.452023262932354,1658.056640625,1688.745405736053,1688.4804284079114,
snogoo,XC143616.ogg,949.76806640625,6476.854521494645,-0.8478874942695047,-0.024380824717211702,925.927734375,946.4265278394842,942.9023290572911,
snogoo,XC143617.ogg,2031.0877182904412,4577.976162819302,-2.615573506230413,6.464397123494436,2067.1875,2029.9618050304682,2028.7660317223426,
snogoo,XC143618.ogg,1348.9013671875,3189.4479990005493,-0.005737945134621891,0.924678040779884,1335.05859375,1347.771935791794,1346.6374928860032,
snogoo,XC143620.ogg,1591.66259765625,21765.85739850998,3.784516088331732e-05,-1.9943262498964331,1453.4912109375,1585.9543749227817,1580.266404009757,
snogoo,XC143621.ogg,1286.60888671875,112031.12986954776,-0.5346103859340411,-1.0520157198452378,1302.7587890625,1240.8221506527805,1190.1062222902958,
snogoo,XC143622.ogg,1463.18115234375,887.4297738075256,-0.3556454057930945,-1.4008775680873609,1421.19140625,1462.9069176737794,1462.6314228087338,
snogoo,XC149944.ogg,1567.0299183238637,40811.766711148346,-2.52868552224904,4.987997782211715,1604.2236328125,1550.8990390254937,1530.0334906232574,
snogoo,XC164635.ogg,,
snogoo,XC167610.ogg,1665.924541766827,61934.117248425115,-2.9931753216594914,7.397128387068813,1690.3564453125,1639.6640650474105,1601.2139534150144,
snogoo,XC173139.ogg,,
snogoo,XC173140.ogg,1482.71484375,122554.73256111145,0.40453675378879134,-1.7073646298827365,1195.0927734375,1448.792074768504,1417.2994749253753,
snogoo,XC28265.ogg,1504.632568359375,124247.48649651353,-0.6965657164750633,-1.4997772734346468,1022.8271484375,1461.6246221105016,1414.8497100783834,
snogoo,XC28266.ogg,1117.93212890625,124536.40758991241,1.1270986056025618,-0.5935507348928897,893.6279296875,1075.2471744643335,1041.0906467368955,
snogoo,XC294523.ogg,897.9345703125,34.77591276168823,0.40824829046386296,-1.8333333333333333,893.6279296875,897.9191033885711,897.9036614084928,
snogoo,XC298775.ogg,,
snogoo,XC342562.ogg,1378.125,0.0,0.0,-3.0,1378.125,1378.125,1378.125,
snogoo,XC350844.ogg,,
snogoo,XC350850.ogg,1881.2189275568182,1717.7193273197522,0.4384545899647128,-0.9766487259588268,1841.0888671875,1880.80629916202,1880.3961283226208,
snogoo,XC357528.ogg,785.9619140625,57980.93091357838,-1.141206115111491,-0.6741734045753955,925.927734375,740.2951923632131,684.0121640951553,
snogoo,XC357650.ogg,,
snogoo,XC357944.ogg,1536.932373046875,28.97992730140686,-1.1547005383792515,-0.666666666666667,1539.6240234375,1536.925285590451,1536.9181815685413,
snogoo,XC357958.ogg,1600.634765625,42086.58242225647,-1.53737773466741,0.7811209283575984,1636.5234375,1588.0612324260655,1573.737442835965,
snogoo,XC362116.ogg,1770.7470703125,4949.219584465027,0.8355261027917772,-0.7598436037815848,1711.8896484375,1769.4690320492352,1768.2175501941206,
snogoo,XC362119.ogg,79.16618795955883,940.9952864927404,-0.6859785983600734,-0.9337931238185253,96.8994140625,71.41451288619463,61.62955748937139,
snogoo,XC362121.ogg,43.06640625,77.27980613708496,0.0,-1.0,43.06640625,42.37712133926049,41.67716733870968,
snogoo,XC391747.ogg,1606.654800907258,102277.57981515699,-0.4989658233682806,-1.6277722847313385,1184.326171875,1573.236561916826,1538.0419871504885,
snogoo,XC392249.ogg,,
snogoo,XC392250.ogg,1836.6555606617646,5188.25933775481,0.4343519626005024,-0.9226020226026037,1830.322265625,1835.3393924245051,1834.0368131294795,
snogoo,XC393000.ogg,1813.4033203125,6347.432076931,0.12484044704234631,-1.5598850835314642,1722.65625,1811.7410278096852,1810.084845926913,
snogoo,XC393548.ogg,1498.6193068484042,16388.21591005405,1.8085042613281295,2.2341575745259634,1421.19140625,1493.7362633582272,1489.2840608050317,
snogoo,XC393551.ogg,907.9833984375,38.63990306854248,0.7071067811865475,-1.5,904.39453125,907.9692503500237,907.9551396407481,
snogoo,XC406203.ogg,,
snogoo,XC406204.ogg,1604.2236328125,77.27980613708496,0.0,-1.0,1604.2236328125,1604.2055677396363,1604.1875024633453,
snogoo,XC406205.ogg,1419.39697265625,99663.90198469162,-1.7862271030673793,1.1953237581434069,1539.6240234375,1379.6266272327118,1327.5617216106184,
snogoo,XC435999.ogg,,
snogoo,XC450845.ogg,1825.3530649038462,53278.83840707633,-3.0069661672916217,8.193720200154324,1851.85546875,1805.9936976492968,1779.0243453443088,
snogoo,XC452069.ogg,1885.8116736778845,13772.153143699352,-1.3086225120355806,0.6365933198007654,1937.98828125,1882.244405495602,1878.4722613671886,
snogoo,XC452070.ogg,1854.248046875,399.27899837493896,0.15618967231878267,-1.4221514047866808,1830.322265625,1854.152439690633,1854.0569330026765,
snogoo,XC452071.ogg,1783.2183837890625,1223.3669310808182,0.0914564087735787,-1.0015718003555878,1776.4892578125,1782.9184995177618,1782.6189005650185,
snogoo,XC452073.ogg,1663.43994140625,869.3978190422058,0.31323078178515656,-0.38427815570672674,1636.5234375,1663.191318867198,1662.943518149093,
snogoo,XC452074.ogg,1796.0037231445312,12584.53343063593,-0.3246135632485162,-1.1711754164251322,1722.65625,1792.6676609606295,1789.2835454126123,
snogoo,XC452574.ogg,1597.4945068359375,196.64950668811798,0.08423822259225476,-1.582049861495845,1582.6904296875,1597.4406743237578,1597.3868669494739,
snogoo,XC452575.ogg,,
snogoo,XC452576.ogg,,
snogoo,XC452577.ogg,1860.82763671875,714.8382067680359,0.6358612947838337,-0.6049963476990499,1830.322265625,1860.6684381391274,1860.5101053665762,
snogoo,XC452579.ogg,,
snogoo,XC452580.ogg,1596.328125,51111.75978183746,-2.6008233065486275,6.127290729871923,1668.8232421875,1575.9130687395439,1547.7829957148406,
snogoo,XC452581.ogg,1689.6835327148438,70194.5255240125,-2.6958276272784993,5.473988986102972,1776.4892578125,1660.9044742067165,1620.1927759609289,
snogoo,XC453033.ogg,,
snogoo,XC453184.ogg,1836.474609375,1992.2903867868276,0.5247380591306546,-0.6301633296485507,1787.255859375,1835.9748054650513,1835.4788976254667,
snogoo,XC455505.ogg,2009.0478515625,7836.172342300415,0.7840489556465888,-1.2580377022798508,1937.98828125,2007.3291734930206,2005.6481074086687,
snogoo,XC455506.ogg,1907.841796875,312.9832148551941,1.1642636431747204,-0.1872427983539091,1894.921875,1907.7765937790653,1907.7118072671772,
snogoo,XC458783.ogg,1768.414306640625,571.6949294913899,-0.016255198652134987,-0.8940941621185412,1776.4892578125,1768.2660954404894,1768.1178485178748,
snogoo,XC458802.ogg,1606.915283203125,256.67935609817505,-0.17381158260655635,-1.3381893860561915,1593.45703125,1606.8453204167622,1606.7752811084395,
snogoo,XC458852.ogg,1746.3427734375,814.7499561309814,-0.8180076918433695,0.3280785246876854,1733.4228515625,1746.1230983969738,1745.901445664423,
snogoo,XC458913.ogg,1760.33935546875,6487.045265161074,0.5491702585813815,-1.0323024054982817,1690.3564453125,1758.6537042209764,1756.9942883853628,
snogoo,XC458914.ogg,1936.19384765625,1271.2528109550476,-0.9625439847526792,-0.4147966112656021,1948.7548828125,1935.917242038045,1935.6375989759883,
snogoo,XC458915.ogg,1784.94873046875,484.69724563451916,-0.2606568265853241,-0.8769738966468155,1798.0224609375,1784.8223801992526,1784.6957583008711,
snogoo,XC458916.ogg,1719.0673828125,38.63990306854248,-0.7071067811865475,-1.5,1722.65625,1719.0598799360562,1719.052366631799,
snogoo,XC458917.ogg,2024.12109375,57.95985460281372,0.0,-0.5,2024.12109375,2024.1096397889232,2024.0981856982141,
snogoo,XC458918.ogg,1891.845703125,66.23983383178711,0.4592793267718459,-0.8958333333333335,1884.1552734375,1891.8307155180635,1891.8157460683713,
snogoo,XC459192.ogg,1789.1283118206522,8100.176043661213,-2.111521364514667,3.750367953411546,1830.322265625,1786.79458592495,1784.278432398387,
snogoo,XC459194.ogg,1706.50634765625,193.1995153427124,0.0,-1.3599999999999999,1690.3564453125,1706.4638913986262,1706.4214348452542,
snogoo,XC467752.ogg,1598.6409505208333,17364.950652392406,-1.147648033446923,3.4180582716927645,1636.5234375,1592.8364982458359,1586.416587783334,
snogoo,XC481272.ogg,,
snogoo,XC503108.ogg,1814.17236328125,656.8783521652222,1.0272097060362337,-0.7820069204152253,1798.0224609375,1814.03770311758,1813.9041661575252,
snogoo,XC503109.ogg,1670.5232319078948,2669.5427769108824,-1.429305896185586,1.394708252159365,1679.58984375,1669.7431426768885,1668.9391884338208,
snogoo,XC505402.ogg,158.8671875,3936.8206696076827,0.36784033079264505,-0.4745161030748828,75.3662109375,146.22471825596855,133.46940915896832,
snogoo,XC509691.ogg,1576.708984375,18318.534046411514,-0.0005619342205966961,-1.57792373677499,1453.4912109375,1571.5298846625794,1566.3544395857436,
snogoo,XC509692.ogg,1576.708984375,18318.534046411514,-0.0005619342205966961,-1.57792373677499,1453.4912109375,1571.5298846625794,1566.3544395857436,
snogoo,XC509693.ogg,1232.0068359375,37356.71859521132,0.28373148578375945,-1.8915982459807446,1453.4912109375,1218.2393067089283,1204.991686324036,
snogoo,XC509694.ogg,1401.96533203125,449.0296428020184,0.7590131024265327,-0.8194718575524371,1388.8916015625,1401.8176977452292,1401.6711383865381,
snogoo,XC509696.ogg,1483.099365234375,106.25973343849182,0.49338220021815865,-1.371900826446281,1475.0244140625,1483.0725502290297,1483.0457882954086,
snogoo,XC509698.ogg,1371.325041118421,9558.181883091607,-2.1038011589080083,3.3991996914709635,1399.658203125,1367.5386573110015,1363.3153125851961,
snogoo,XC509699.ogg,1783.6669921875,150966.10128879547,-0.7064960070642612,-1.5000000000000002,1335.05859375,1752.55122258102,1719.130538088179,
snogoo,XC516406.ogg,4978.2073974609375,6794946.324303746,-0.5163917308945678,-1.7332896369606798,6858.3251953125,4182.372820224981,3379.49019495985,
snogoo,XC525888.ogg,1683.6273193359375,1355.8465987443924,-0.43344444710578,-1.6346786317813644,1636.5234375,1683.2728475668982,1682.916313525769,
snogoo,XC532048.ogg,1388.5442918346773,258705.6183699639,-1.4963168143533543,1.0939017891476128,1701.123046875,1195.3451653645266,842.7307984874788,
snogoo,XC540212.ogg,,
snogoo,XC598117.ogg,1758.544921875,38.63990306854248,0.7071067811865475,-1.5,1754.9560546875,1758.537607590752,1758.530303271385,
snogoo,XC598118.ogg,1874.7344970703125,213.20946514606476,-1.7047153142609417,1.7157130738052606,1884.1552734375,1874.6843235288532,1874.6337293644276,
snogoo,XC598119.ogg,1650.0987177309783,116143.30137200035,-1.6122441894194401,0.7774921854665449,1862.6220703125,1605.746301093691,1549.2378822308158,
snogoo,XC598120.ogg,1719.580078125,607.1984767913818,-0.2537443118725293,-1.743884297520661,1690.3564453125,1719.4283961215583,1719.2763810322804,
snogoo,XC598121.ogg,,
snogoo,XC601777.ogg,1796.3660606971155,8246.647004897777,1.5449643885782536,1.0424320900500694,1754.9560546875,1794.3450438415705,1792.4184394830827,
snogoo,XC609200.ogg,1568.3349609375,94996.20169401169,-0.6420241482163591,-0.8309166142095452,1582.6904296875,1538.3238970452533,1505.3907770892213,
