primary_label,filename,mean,variance,skewness,kurtosis,mode,gmean,hmean
sobtyr1,XC112712.ogg,4600.428833555213,7303.793996323268,-0.0559162191897076,-0.7025481331546994,4618.8720703125,4599.637786661584,4598.845978308233,
sobtyr1,XC112713.ogg,4611.1201171875,5781.688696146011,0.40889726467154763,-0.7811786237280098,4521.97265625,4610.52078320359,4609.923990721079,
sobtyr1,XC114303.ogg,3951.9761029411766,2658.482154502588,2.3417831121753596,5.365803413409774,3951.3427734375,3951.665602069191,3951.3610242287114,
sobtyr1,XC115244.ogg,1168.8491821289062,39891.3529291749,0.0035741342239564325,-1.9893462336126568,968.994140625,1152.744477277684,1136.8635469890785,
sobtyr1,XC116106.ogg,3752.16064453125,341.31914377212524,-0.5563427473213143,-0.08615165539337921,3746.77734375,3752.119637816958,3752.0785589099946,
sobtyr1,XC118094.ogg,3183.0380859375,2654057.8628718853,-1.4736690014978562,0.21287000929941957,0.0,0.0,0.0,
sobtyr1,XC118549.ogg,,
sobtyr1,XC119098.ogg,3936.807861328125,552.448929924714,0.7418582007048277,-0.4284285157182577,3919.04296875,3936.7413944941645,3936.6751171041064,
sobtyr1,XC119822.ogg,4075.7568359375,12551.528513431549,-2.409033193608234,3.9396362634559408,4102.0751953125,4074.328040804861,4072.8368884517527,
sobtyr1,XC121440.ogg,3685.3587757457385,5082.0254331285305,0.37367387577588146,-0.911667280281391,3660.64453125,3684.6879745062547,3684.020243013944,
sobtyr1,XC129972.ogg,3677.691650390625,136.11784035509282,0.001036412037293547,-1.187013527575442,3671.4111328125,3677.67468660016,3677.6577227961907,
sobtyr1,XC135202.ogg,4341.632080078125,7969.480007886887,1.5740086539418112,1.222698777405915,4306.640625,4340.807560641955,4339.99957717908,
sobtyr1,XC135345.ogg,,
sobtyr1,XC135347.ogg,,
sobtyr1,XC135348.ogg,3726.01318359375,6713.789311739115,0.11765620621149048,-1.4897044739654872,3639.111328125,3725.1778022631693,3724.343806123512,
sobtyr1,XC135349.ogg,4120.01953125,38.63990306854248,-0.7071067811865475,-1.5,4123.6083984375,4120.016403241264,4120.013273417066,
sobtyr1,XC135350.ogg,6744.4258840460525,197.26687356045372,-0.20853866808108354,-1.2488220498104736,6729.1259765625,6744.412025375644,6744.398162786642,
sobtyr1,XC135351.ogg,3773.69384765625,97443.11555572179,-0.005270130119722641,0.5475135715402346,3660.64453125,3761.1799762765763,3748.455326777144,
sobtyr1,XC143733.ogg,4.486083984375,30.736286531795155,0.3380617018914066,-1.885714285714286,0.0,0.0,0.0,
sobtyr1,XC144164.ogg,1201.4548561789773,3182731.9322120068,0.7807296214248746,-1.3903836484766592,10.7666015625,0.0,0.0,
sobtyr1,XC144791.ogg,,
sobtyr1,XC144809.ogg,4798.828125,450839.34903144836,-1.938807863078122,1.944986464898541,4941.8701171875,4749.841843021889,4690.862197536898,
sobtyr1,XC146263.ogg,,
sobtyr1,XC146503.ogg,3817.447483793218,183688.0128064136,9.355555877819606,86.71818853448,3822.1435546875,3803.0038447030734,3793.9928523548188,
sobtyr1,XC146973.ogg,,
sobtyr1,XC146975.ogg,2484.600360576923,5463743.226046746,-0.15370144582401063,-1.9753252325990025,32.2998046875,599.5670658105302,113.39013602422351,
sobtyr1,XC148187.ogg,3826.058682528409,4311.611002141779,-0.639247234351314,-0.6463466730127054,3897.509765625,3825.516853884176,3824.9710464741634,
sobtyr1,XC148254.ogg,4188.2080078125,77.27980613708496,0.0,-1.0,4188.2080078125,4188.201088385612,4188.194168947284,
sobtyr1,XC148257.ogg,216.767578125,11541.872287618702,0.07628309645947111,-1.4698818336731558,129.19921875,187.48383053778562,157.81308170500697,
sobtyr1,XC148343.ogg,4075.15869140625,7789.804458618164,-1.9318184176027169,2.951105442176872,4123.6083984375,4074.237330424872,4073.2898852913963,
sobtyr1,XC150916.ogg,3108.611505681818,577856.2376715919,-0.5676732008609043,-1.6752976916975815,3671.4111328125,3009.2284387130367,2903.288337657875,
sobtyr1,XC150917.ogg,1405.04150390625,4892.890051353809,0.0,-1.148429752066115,1302.7587890625,1403.3370907705903,1401.6312184061128,
sobtyr1,XC15200.ogg,,
sobtyr1,XC157391.ogg,11.6279296875,22.900056838989258,0.3876784372652141,1.854654736698313,10.7666015625,0.0,0.0,
sobtyr1,XC166043.ogg,3817.8369140625,26000.790774822235,0.40595543704758835,-1.8320347307291183,3703.7109375,3815.1393584773155,3812.4709028568154,
sobtyr1,XC168320.ogg,3503.1829833984375,29965.87482807429,1.1022985558125349,-0.4500288357086619,3380.712890625,3499.2207124922384,3495.394767568751,
sobtyr1,XC171553.ogg,,
sobtyr1,XC171644.ogg,4005.17578125,351870.41330337524,0.8857997151354102,-1.1418051453728801,3628.3447265625,3966.9857116004046,3932.008987356645,
sobtyr1,XC172165.ogg,,
sobtyr1,XC174812.ogg,4040.167236328125,28.97992730140686,1.1547005383792515,-0.6666666666666665,4037.4755859375,4040.164548857086,4040.1618637724546,
sobtyr1,XC174813.ogg,3910.968017578125,28.97992730140686,1.1547005383792515,-0.6666666666666665,3908.2763671875,3910.965241407522,3910.9624677835054,
sobtyr1,XC175065.ogg,3718.1901602909484,248699.74025364578,1.148982677657988,-0.40610813799189893,3552.978515625,3688.659378545401,3661.87247995554,
sobtyr1,XC176886.ogg,3890.33203125,38.63990306854248,0.7071067811865475,-1.5,3886.7431640625,3890.328722520235,3890.3254158266127,
sobtyr1,XC1769.ogg,3756.1981201171875,246.3293820619583,-0.06933013843070505,-1.2319751429983758,3736.0107421875,3756.1694236497337,3756.140721882094,
sobtyr1,XC186093.ogg,18.841552734375,338.0991518497467,0.43465075957466565,-1.1542857142857141,0.0,0.0,0.0,
sobtyr1,XC187982.ogg,10.7666015625,37.09430694580078,0.0,0.25000000000000044,10.7666015625,0.0,0.0,
sobtyr1,XC1886.ogg,4204.772010216346,1770.0047905628496,1.9929935834768226,3.857591677294317,4209.7412109375,4204.580150644063,4204.390679363882,
sobtyr1,XC190692.ogg,,
sobtyr1,XC190823.ogg,66.00394870923913,80.41579827018408,-0.24566018639070394,-0.35212327651089215,64.599609375,65.38172467948746,64.73027608137544,
sobtyr1,XC193223.ogg,4366.93359375,103490.67596385353,-2.523272935171414,4.6730334913119185,4435.83984375,4354.067611011505,4339.386224869143,
sobtyr1,XC200393.ogg,,
sobtyr1,XC201966.ogg,3495.6256573016826,1750618.1808247557,-2.135879274741654,2.57217194388498,4005.17578125,2631.6078007573583,1013.6715252442194,
sobtyr1,XC201967.ogg,3941.6015625,101602.52112150192,0.4806841605017919,-1.454184523300255,3563.7451171875,3929.5993930964446,3917.90453615133,
sobtyr1,XC202683.ogg,2952.0675659179688,172368.2605996728,2.2244614457404066,3.0364107430657716,2745.4833984375,2929.1196673198774,2909.9983680372106,
sobtyr1,XC204716.ogg,4163.5345458984375,19086.222120601196,0.9499157938659138,-0.4514905092054109,4112.841796875,4161.380874907947,4159.270054923433,
sobtyr1,XC206143.ogg,3805.5042613636365,10816.161957654085,-0.022065892230421446,1.2539515069298313,3789.84375,3804.1453513749084,3802.7831348381865,
sobtyr1,XC206698.ogg,3669.538680366848,9543.903331040394,0.7752376821273097,0.8835560370408131,3628.3447265625,3668.3101554099576,3667.096457787893,
sobtyr1,XC206763.ogg,2.8086786684782608,23.36721410864427,1.0891622972743418,-0.8137254901960791,0.0,0.0,0.0,
sobtyr1,XC208631.ogg,4069.775390625,8392.586946487427,0.17070805210191695,-1.3735844449192638,4177.44140625,4068.9179564018,4068.0624832900753,
sobtyr1,XC212875.ogg,2690.6346734964623,2726914.250858464,-0.9535846006679082,-1.0756547108734809,3768.310546875,1289.8152021932897,286.0124163300944,
sobtyr1,XC213747.ogg,395.13427734375,155.84760904312134,-0.28850488354620585,-1.2393962161054577,398.3642578125,394.95566433668233,394.77598486733984,
sobtyr1,XC214765.ogg,3319.7021484375,2797128.532257947,-1.2355047253590672,-0.04326401754819731,2519.384765625,1988.2865124041105,382.27456622491997,
sobtyr1,XC215523.ogg,3896.014404296875,439310.2139532566,-5.683716989779104,30.56026619141211,3983.642578125,3531.8225947002034,1126.4685383302392,
sobtyr1,XC218731.ogg,4210.81787109375,3978.622019290924,-1.2835762350407558,0.10586694230648108,4252.8076171875,4210.387400511086,4209.951617971867,
sobtyr1,XC2328.ogg,3802.763671875,28597.39226102829,-0.4061964029929346,-1.8322598470051952,3617.578125,3799.7215763980776,3796.6487222695305,
sobtyr1,XC233466.ogg,3910.07080078125,3685.910753581835,1.0815295844942918,-0.1244215391442145,3875.9765625,3909.6239335302776,3909.181877847386,
sobtyr1,XC234335.ogg,585.2724609375,1929878.4595370293,2.3375873625968158,3.466779572551242,86.1328125,128.76010341562895,87.76164468961304,
sobtyr1,XC235258.ogg,3595.9013671875,4979.82716173739,0.7279476311330488,3.5229884080004883,3606.8115234375,3595.2238714992714,3594.5515905166035,
sobtyr1,XC2420.ogg,4064.6484375,88535.05790233612,0.19002553750299755,-1.7770038739158622,3703.7109375,4054.3511213011393,4044.1615420538856,
sobtyr1,XC244923.ogg,3486.144328567217,325089.50587886514,-1.25274153630552,-0.18706468634696893,3811.376953125,3432.3615774058258,3370.1972124665435,
sobtyr1,XC244974.ogg,,
sobtyr1,XC245394.ogg,,
sobtyr1,XC245414.ogg,,
sobtyr1,XC246992.ogg,3431.854248046875,322.91918992996216,-0.36952650878097026,-0.9506903353057199,3434.5458984375,3431.813031188865,3431.7717641127606,
sobtyr1,XC248623.ogg,3581.786449535473,26655.441240684406,1.1670649410210494,0.9872112597628107,3402.24609375,3578.280871647672,3574.8857013376896,
sobtyr1,XC248624.ogg,3840.3773153981856,9272.013567447158,0.06872059952368265,-0.8875188743702216,3983.642578125,3839.1903723150012,3838.004331162308,
sobtyr1,XC248625.ogg,4020.2490234375,614.3744587898254,-0.13194826809381702,-1.679067283730865,3994.4091796875,4020.1878650214535,4020.1266772883246,
sobtyr1,XC248626.ogg,3948.858173076923,1096313.6221124574,-3.075976008316473,7.700733446123801,4231.2744140625,3590.025235050499,2677.8429008673334,
sobtyr1,XC249624.ogg,3647.9203657670455,29369.839050553062,-0.02215614685903671,-1.75105481663096,3832.91015625,3644.255566458782,3640.590135067447,
sobtyr1,XC249723.ogg,3311.806640625,19857.04618692398,1.4958501809472529,0.24462618709507877,3251.513671875,3309.494816025519,3307.268284502091,
sobtyr1,XC250145.ogg,4981.34765625,1643103.9181351662,0.14566408877516407,-1.8908772736865533,6266.162109375,4835.628343788416,4696.610779768488,
sobtyr1,XC252023.ogg,,
sobtyr1,XC257090.ogg,3702.3651123046875,1110.8972132205963,-1.5226266465092966,2.14321965973535,3725.244140625,3702.2231937824986,3702.0799907291785,
sobtyr1,XC257091.ogg,3618.7744140625,16869.813680648804,0.6568408876597814,-0.4619780606185464,3854.443359375,3616.5405813578495,3614.338983995031,
sobtyr1,XC258676.ogg,3905.1097196691176,23528.29156553044,-0.03878989669466368,-1.763622496501277,4059.0087890625,3902.2700927794867,3899.428710739356,
sobtyr1,XC258677.ogg,3978.25927734375,17840.043246746063,-0.7050402254111006,-1.4941653462223896,4059.0087890625,3976.3629576656895,3974.4397235339557,
sobtyr1,XC258678.ogg,4015.9423828125,1440.7163858413696,-0.08099589234685566,-1.8555291319857314,3972.8759765625,4015.7748794412823,4015.6072985012074,
sobtyr1,XC258679.ogg,3841.6259765625,331.75116777420044,-0.4566005615251462,-0.1499289869075664,3843.6767578125,3841.5847952404492,3841.5435548049004,
sobtyr1,XC258680.ogg,3709.377569901316,12665.753490046449,-0.6858713911982532,-0.8493229415240195,3531.4453125,3707.7371244225747,3706.073882969427,
sobtyr1,XC258681.ogg,3907.7097039473683,8287.920261684216,0.30063299213051403,-1.539088014914271,3843.6767578125,3906.709380261814,3905.713642735578,
sobtyr1,XC258682.ogg,3444.5947265625,16402.086853981018,0.9274589967600421,-0.5467182124021321,3369.9462890625,3442.4192776847035,3440.2905995437723,
sobtyr1,XC258683.ogg,3615.4248046875,27989.641785621643,0.9243064071547876,1.9159724750421807,3660.64453125,3611.896727409498,3608.446286752682,
sobtyr1,XC258684.ogg,3995.947265625,710.8043707334078,0.019956144669641653,-1.739623077812464,3972.8759765625,3995.8646836359108,3995.782109527871,
sobtyr1,XC258685.ogg,4040.7523777173915,6949.226203643286,0.7740160892612676,0.6832590847675473,4037.4755859375,4039.937916055653,4039.1313163383775,
sobtyr1,XC258686.ogg,3795.8999633789062,6877.419747412205,-2.189749556521567,2.9510450306711817,3822.1435546875,3795.0233728677536,3794.1187687259494,
sobtyr1,XC262160.ogg,3731.6459037162163,9270.095664101676,1.3454318144022455,0.47809989051788016,3671.4111328125,3730.463853745166,3729.3079321836476,
sobtyr1,XC264662.ogg,3791.596452579942,51401.72593815382,0.6349459559944409,-1.2798250678599805,3585.2783203125,3785.127967759619,3778.8203833709167,
sobtyr1,XC264663.ogg,3963.7657752403848,29633.833353336042,0.833879642639323,-1.2290465327778752,3843.6767578125,3960.3916150702153,3957.0958960939474,
sobtyr1,XC269796.ogg,,
sobtyr1,XC278794.ogg,3826.880859375,99170.08402347565,4.488395507445399,18.87868793827721,3768.310546875,3816.7802037729184,3808.547500736166,
sobtyr1,XC285170.ogg,4539.141020903716,223805.27748449426,-1.0093556096109655,-0.6508484367019269,4866.50390625,4513.220555320174,4485.376763111856,
sobtyr1,XC287319.ogg,4263.57421875,3384.8555088043213,-1.7661738602550947,1.1619440795646456,4285.107421875,4263.238478902762,4262.897747274633,
sobtyr1,XC287404.ogg,3313.421630859375,28.97992730140686,-1.1547005383792515,-0.666666666666667,3316.11328125,3313.4183474669794,3313.41506051668,
sobtyr1,XC288778.ogg,1101.708984375,4079375.829398632,1.3233805895674489,-0.24396356802585517,21.533203125,0.0,0.0,
sobtyr1,XC291623.ogg,,
sobtyr1,XC291664.ogg,4098.9990234375,336.7191553115845,-1.7053372492271113,1.5126310131685026,4102.0751953125,4098.963650607893,4098.928110051762,
sobtyr1,XC293096.ogg,,
sobtyr1,XC297998.ogg,10.521906072443182,6.133849983989654,-1.5900827547524423,15.540016124697669,10.7666015625,0.0,0.0,
sobtyr1,XC298000.ogg,8.074951171875,22.53994345664978,-1.1547005383792515,-0.6666666666666665,10.7666015625,0.0,0.0,
sobtyr1,XC299143.ogg,,
sobtyr1,XC299144.ogg,,
sobtyr1,XC303620.ogg,3975.7470703125,10788.26093673706,-1.655776243979057,1.4627525803631842,4048.2421875,3974.4438076094725,3973.1027282760815,
sobtyr1,XC303846.ogg,5693.4617262620195,693858.4633359542,-0.006766128503355648,-1.036903617762687,5200.2685546875,5633.894001494979,5573.599456391351,
sobtyr1,XC304997.ogg,3643.7255859375,1037.757396697998,-1.6170819805041454,1.2798494794024462,3649.8779296875,3643.602433185914,3643.478180224688,
sobtyr1,XC307322.ogg,204.09731657608697,622125.0429831947,4.476418647799976,18.04093161769049,43.06640625,47.19885318161157,39.185454518545,
sobtyr1,XC320634.ogg,3685.40771484375,3247.03985452652,-0.3098161304621921,-1.1893660880495944,3606.8115234375,3685.009983657356,3684.611025086461,
sobtyr1,XC325895.ogg,,
sobtyr1,XC330923.ogg,4013.7890625,81.14379644393921,0.3436215967445456,-1.153061224489796,4005.17578125,4013.780979693276,4013.7729005937904,
sobtyr1,XC335011.ogg,6462.1142578125,81.14379644393921,-0.3436215967445456,-1.153061224489796,6459.9609375,6462.109233632828,6462.104208015855,
sobtyr1,XC335017.ogg,4517.666015625,83336.610943079,-2.151879196243187,2.954614314474351,4608.10546875,4507.907667562873,4497.169720194095,
sobtyr1,XC336333.ogg,3781.768798828125,33619.35020847754,0.011960000581390457,-1.9758351229340538,3596.044921875,3777.693493688372,3773.623880286939,
sobtyr1,XC336406.ogg,3765.91796875,34711.51292324066,0.2225809515836608,-1.9422818574216665,3606.8115234375,3761.8473113259824,3757.80887564932,
sobtyr1,XC337229.ogg,3960.4093852796054,2218.7439077778863,0.6818064125670249,-0.5930012884912705,3962.109375,3960.1453755762072,3959.882730530312,
sobtyr1,XC337230.ogg,4823.908538818359,13506.974541142865,-4.740665661463479,22.28406942735491,4844.970703125,4822.400609988838,4820.764734525497,
sobtyr1,XC339551.ogg,2902.7206420898438,4208140.416682548,-0.7042182523628473,-1.5003393980321962,21.533203125,687.0512150863909,48.092078892735124,
sobtyr1,XC341386.ogg,3566.8212890625,3966.746972157405,0.3757970745081345,-0.48442796098915597,3531.4453125,3566.306997312583,3565.7947557329426,
sobtyr1,XC343219.ogg,,
sobtyr1,XC344295.ogg,3696.6712364783652,4181.84809409655,-1.0525011505148336,-0.3082756739982817,3746.77734375,3696.1206418506563,3695.56330404183,
sobtyr1,XC346008.ogg,,
sobtyr1,XC353959.ogg,4173.4039306640625,42565.84321999032,-0.19945760300363077,-1.863234734055837,3972.8759765625,4168.481580250187,4163.531959515014,
sobtyr1,XC367664.ogg,,
sobtyr1,XC369886.ogg,,
sobtyr1,XC37654.ogg,,
sobtyr1,XC380948.ogg,37.68310546875,38.63990306854248,0.0,-2.0,32.2998046875,37.29660186220092,36.9140625,
sobtyr1,XC384391.ogg,,
sobtyr1,XC394644.ogg,952.0751953125,2708874.5545595884,1.6336100955503279,0.6713402690406394,161.4990234375,319.83617579791724,212.91215546648894,
sobtyr1,XC394645.ogg,4310.066361860795,31390.906707807022,-0.3410268143958706,-1.836351960663956,4102.0751953125,4306.5566658383605,4303.017179516492,
sobtyr1,XC404563.ogg,,
sobtyr1,XC405439.ogg,,
sobtyr1,XC407329.ogg,5.38330078125,38.63990306854248,0.0,-2.0,0.0,0.0,0.0,
sobtyr1,XC407449.ogg,3620.269775390625,4286.509246929832,-1.409497143124749,1.2972450068276054,3649.8779296875,3619.692640100225,3619.1055450820886,
sobtyr1,XC408472.ogg,,
sobtyr1,XC419301.ogg,4476.03515625,28143.097400665283,0.7466009790316778,-0.6989477277051122,4306.640625,4473.15054410022,4470.315925927734,
sobtyr1,XC419304.ogg,4060.6651893028848,499.3464396550105,0.8352357670938931,-0.47175276360546325,4037.4755859375,4060.6085986785815,4060.5521735287944,
sobtyr1,XC419306.ogg,4153.950639204545,505.83145835182887,-0.9219996384669719,0.5415624999999284,4145.1416015625,4153.895110773658,4153.839403656214,
sobtyr1,XC419310.ogg,4075.4753561580883,19070.49686593168,-1.233690349068981,2.4195745991323383,4048.2421875,4073.2074829443413,4070.869632392451,
sobtyr1,XC419518.ogg,,
sobtyr1,XC419574.ogg,,
sobtyr1,XC419575.ogg,,
sobtyr1,XC425300.ogg,95.10498046875,158.42360258102417,-0.48756686638394087,-1.0101130279595483,96.8994140625,94.37511253083687,93.61185487349051,
sobtyr1,XC427146.ogg,4013.7890625,81.14379644393921,0.3436215967445456,-1.153061224489796,4005.17578125,4013.780979693276,4013.7729005937904,
sobtyr1,XC427147.ogg,4715.771484375,3760.9505653381348,0.18857965098952845,-0.4512416338274847,4737.3046875,4715.38751639964,4715.004100891138,
sobtyr1,XC427148.ogg,3916.144268329327,1168.813357525821,0.6384011502840832,-0.6209948371223861,3886.7431640625,3915.9984363745016,3915.853133472021,
sobtyr1,XC428321.ogg,3907.2975852272725,141732.33536156738,-6.975899466089473,47.811350182548644,3908.2763671875,3871.9350144143,3797.2306613164346,
sobtyr1,XC428395.ogg,3894.818115234375,28.97992730140686,-1.1547005383792515,-0.666666666666667,3897.509765625,3894.8153224208154,3894.812527032872,
sobtyr1,XC430468.ogg,,
sobtyr1,XC450811.ogg,4467.242431640625,8482.336903160269,-0.592171886591318,-0.957022391921496,4521.97265625,4466.365106073665,4465.4808080517,
sobtyr1,XC451885.ogg,4557.65625,1498.5788289238426,-1.9545643136933408,5.504719939187584,4575.8056640625,4557.494756774765,4557.331439973271,
sobtyr1,XC452801.ogg,3763.226318359375,51325.84324479103,0.1005225597167182,-1.7943243378341234,3499.1455078125,3756.6145873997025,3750.036168868621,
sobtyr1,XC454102.ogg,,
sobtyr1,XC454416.ogg,,
sobtyr1,XC455715.ogg,4056.7421361019738,2171.2913952375716,-0.16537675943406407,-1.046018996201364,4080.5419921875,4056.488270429837,4056.234078074006,
sobtyr1,XC456241.ogg,,
sobtyr1,XC460350.ogg,,
sobtyr1,XC463038.ogg,5067.7565354567305,2944.063383799333,0.7045710133094327,-1.2185452612539829,5038.76953125,5067.489686746297,5067.224125618506,
sobtyr1,XC466510.ogg,5928.0908203125,34.77591276168823,-0.40824829046386296,-1.8333333333333333,5932.3974609375,5928.0884732267905,5928.086125573447,
sobtyr1,XC469131.ogg,3867.00439453125,7244.981825351715,-1.52077948998404,0.6542257162629763,3919.04296875,3866.0998192740462,3865.175147868911,
sobtyr1,XC480231.ogg,4.0374755859375,31.049922108650208,0.5163977794943223,-1.7333333333333334,0.0,0.0,0.0,
sobtyr1,XC482627.ogg,4445.339786305147,3562.8263564670788,-0.8402572682692232,-0.9455599688651941,4489.6728515625,4444.959819161778,4444.577063768386,
sobtyr1,XC484520.ogg,4210.51025390625,66367.85504909662,-0.9124678799603645,-0.4881309576501245,4349.70703125,4202.902159178467,4195.004131058305,
sobtyr1,XC491920.ogg,6420.4833984375,3245.7518577575684,1.2247485036745698,-0.30253507653061273,6384.5947265625,6420.260235751589,6420.038589177373,
sobtyr1,XC493370.ogg,,
sobtyr1,XC493621.ogg,4138.681640625,92.73576736450195,-0.84375,-0.921875,4145.1416015625,4138.672667270217,4138.663683400519,
sobtyr1,XC496786.ogg,,
sobtyr1,XC504846.ogg,4105.6640625,77.27980613708496,-0.6260990336999411,-0.9600000000000004,4112.841796875,4105.656213274147,4105.648357633487,
sobtyr1,XC50528.ogg,4344.9005126953125,25936.16930056702,-0.18025958222510316,-1.3197228216406405,4231.2744140625,4341.95381187528,4338.993358820741,
sobtyr1,XC52703.ogg,3755.2160314611488,2126.0649368569657,0.7897055731892064,-0.7436492713357037,3714.4775390625,3754.942322014883,3754.6703388655474,
sobtyr1,XC531440.ogg,,
sobtyr1,XC534551.ogg,,
sobtyr1,XC534552.ogg,,
sobtyr1,XC538744.ogg,4043.967213350184,4491.939618333166,0.3686379889377791,-1.403126130820665,3994.4091796875,4043.4221248731606,4042.879234280839,
sobtyr1,XC541176.ogg,3853.546142578125,2623.122510584918,-0.04654215147903948,-1.2629222782038758,3919.04296875,3853.2339989728825,3852.9217201390934,
sobtyr1,XC543019.ogg,,
sobtyr1,XC548318.ogg,3683.3740234375,6214.584410190582,1.3219883346737595,-0.2298399957045829,3639.111328125,3682.6371553981726,3681.9132445244322,
sobtyr1,XC550961.ogg,,
sobtyr1,XC550962.ogg,,
sobtyr1,XC550967.ogg,,
sobtyr1,XC552932.ogg,,
sobtyr1,XC556181.ogg,4556.289006832757,3373.86127361933,-9.563042075034355,106.37435493335896,4554.2724609375,4555.885652896364,4555.44447730175,
sobtyr1,XC557251.ogg,,
sobtyr1,XC560654.ogg,,
sobtyr1,XC566554.ogg,156.54638671875,274948.34958314896,6.8553796249646695,45.00464598011443,86.1328125,88.64338684052129,83.42015284018252,
sobtyr1,XC577957.ogg,4709.7900390625,51326.67124271393,-1.3059484742204932,-0.24987814640535655,4834.2041015625,4704.743343785293,4699.492202190173,
sobtyr1,XC580454.ogg,4044.7465376420455,135572.4974169115,-1.2473611905653936,-0.12092706357801042,4274.3408203125,4026.775319150108,4007.3408492390686,
sobtyr1,XC580800.ogg,3419.8126541940787,286.0708613144725,-1.044632985930189,-0.0929336717504663,3434.5458984375,3419.772896067975,3419.7330037969978,
sobtyr1,XC582634.ogg,,
sobtyr1,XC586946.ogg,,
sobtyr1,XC589601.ogg,3386.617155997984,454.70440772271934,-0.24298524305286978,-0.909002950427054,3391.4794921875,3386.5521218505546,3386.4870210346494,
sobtyr1,XC593033.ogg,87.9710127667683,150.13015997119066,-0.7510993009223248,0.6936305020907159,86.1328125,87.04924174096546,86.01958501681874,
sobtyr1,XC599432.ogg,4515.172697368421,2514.305271600422,-2.3355628215589532,3.9491697525005707,4532.7392578125,4514.904381797988,4514.631453433576,
sobtyr1,XC602556.ogg,4241.368103027344,89868.20355802774,0.757800899056432,-1.3534056412222606,4672.705078125,4231.754345645584,4222.476905916801,
sobtyr1,XC602558.ogg,3977.6611328125,959.5575928688049,-1.208504537785806,-0.26002207107787934,3994.4091796875,3977.5532757570295,3977.44477722562,
sobtyr1,XC604864.ogg,3027.92724609375,2734767.2535366025,-1.1540875490066622,-0.5198386263774086,96.8994140625,1746.2447729675268,475.26864363214713,
sobtyr1,XC604865.ogg,3789.84375,0.0,0.0,-3.0,3789.84375,3789.843750000003,3789.84375,
sobtyr1,XC605333.ogg,692.2358141447369,1652824.8307169618,1.6755328235271427,0.8081499292181036,96.8994140625,180.74762949753583,115.0966785486898,
sobtyr1,XC606666.ogg,3635.5224609375,724.4981825351715,1.2162236636408617,-0.3480000000000003,3617.578125,3635.434387356497,3635.3468101334897,
sobtyr1,XC612768.ogg,1574.0771484375,23.18394184112549,1.5,0.25,1571.923828125,1574.0712730587081,1574.0654137219005,
sobtyr1,XC612769.ogg,2123.4130859375,1118821.61334157,1.3364496368771923,-0.21345778235098667,1593.45703125,1950.952532210726,1835.6533563004634,
sobtyr1,XC615591.ogg,4877.2705078125,4797.292580971351,-1.2035606286582687,1.4935393374884276,4834.2041015625,4876.808645764027,4876.34150271802,
sobtyr1,XC616305.ogg,3947.2017728365386,161486.5579742652,1.8977314241380856,1.6411713458673516,3800.6103515625,3930.3369595703566,3915.338974778808,
sobtyr1,XC6472.ogg,3898.4885475852275,56.90603906458075,-0.10584214937960613,-0.7716049382715928,3897.509765625,3898.4819117250545,3898.475274984641,
sobtyr1,XC65933.ogg,4050.3260458669356,9624.576630130892,0.0857011739125881,-1.6024507126922847,3951.3427734375,4049.1775213623446,4048.030627223605,
sobtyr1,XC66017.ogg,3794.8681640625,2349.306106567383,-0.317460960641229,-1.5603036314941492,3736.0107421875,3794.5784873671105,3794.288058885869,
sobtyr1,XC66025.ogg,4071.1212158203125,67478.79472374916,-0.5018796431851292,-1.3930700295352962,3746.77734375,4063.1737489215434,4055.062113868639,
sobtyr1,XC66086.ogg,8344.1162109375,115.91970920562744,0.0,-1.5,8333.349609375,8344.111580138557,8344.106949339619,
sobtyr1,XC6672.ogg,3971.292652803309,27217.472471336634,-1.5459653652311638,1.6425345546377228,4102.0751953125,3967.813628835829,3964.1740211076763,
sobtyr1,XC70852.ogg,2207.1533203125,115.91970920562744,0.0,-1.5,2196.38671875,2207.135813504431,2207.118306696365,
sobtyr1,XC81494.ogg,3905.584716796875,2913.448691368103,0.4180318779923846,-1.6971202217703634,3865.2099609375,3905.236322512116,3904.8892444720705,
sobtyr1,XC81495.ogg,4846.3165283203125,604310.6960356236,1.4649386925169183,0.36075220473759595,4349.70703125,4795.09315936075,4750.655777071256,
sobtyr1,XC81496.ogg,4100.117631392045,2383.730747482993,-0.7533056926532424,-0.13072513936872365,4069.775390625,4099.851819414154,4099.584452562499,
sobtyr1,XC81497.ogg,4530.472604851973,4590.159011514564,-2.6395224946617577,8.45519629035841,4554.2724609375,4529.961293942067,4529.4358302602905,
sobtyr1,XC81498.ogg,5380.224609375,2025.221586227417,-0.36826668524946743,-0.8265992271629519,5404.833984375,5380.042745129741,5379.860506640823,
sobtyr1,XC81499.ogg,3791.1895751953125,446.6688794934231,-0.7767290329464874,-0.3879796531000772,3800.6103515625,3791.132959605115,3791.076182592611,
sobtyr1,XC81500.ogg,3664.2333984375,70797.96239733696,-0.006476717114763579,-1.7755923889904726,3940.576171875,3655.6288356617283,3647.032542767305,
sobtyr1,XC81501.ogg,4015.9423828125,0.0,0.0,-3.0,4015.9423828125,4015.942382812499,4015.9423828125,
sobtyr1,XC81644.ogg,4583.98828125,21534.790778160095,1.1552306994639534,0.7285934507402465,4489.6728515625,4581.784402263973,4579.630433381512,
