primary_label,filename,mean,variance,skewness,kurtosis,mode,gmean,hmean
socfly1,XC10557.ogg,,
socfly1,XC116944.ogg,5314.85595703125,616882.0186532461,-0.2669931783471436,-1.8929191070471114,4468.1396484375,5259.244752359396,5202.741176183669,
socfly1,XC118974.ogg,,
socfly1,XC121914.ogg,6158.49609375,92.73576736450195,0.0,-1.5,6147.7294921875,6158.489819500269,6158.483545250547,
socfly1,XC123477.ogg,5909.66796875,12358.328998088837,-0.6075991678090901,-1.4661592163714328,5760.1318359375,5908.731713959265,5907.788773516241,
socfly1,XC126194.ogg,3103.3558721127715,254684.28110298907,1.0143394797725,-0.622367460595846,2820.849609375,3066.7557186782205,3033.750388722609,
socfly1,XC127639.ogg,,
socfly1,XC128552.ogg,5596.675248579545,13233.815529129724,-0.041548215521457856,-1.71629085857674,5663.232421875,5595.5996923468065,5594.523644257651,
socfly1,XC130882.ogg,3746.00830078125,8387994.105701263,-0.5955159966249628,-1.644293838520427,0.0,0.0,0.0,
socfly1,XC139318.ogg,113.45451108870968,1641.9249133508636,0.8605609721768064,0.46709524707336625,86.1328125,106.8555931893075,100.854313317727,
socfly1,XC144651.ogg,,
socfly1,XC144802.ogg,4131.683349609375,93654.845058918,2.2554598826442724,3.111677144247829,4005.17578125,4122.682251230545,4114.528092349607,
socfly1,XC144833.ogg,3671.7823949353447,8093178.614819874,-0.49612590717490057,-1.751646560452791,129.19921875,1204.1024268766798,214.65662304360242,
socfly1,XC148249.ogg,,
socfly1,XC148251.ogg,412.49542236328125,7337.23459392786,-0.04643122236419516,-1.7119684465786869,312.2314453125,403.9688451432154,395.4736750956542,
socfly1,XC153568.ogg,4229.9285888671875,78823.47026467323,-0.6984604663090719,-0.928823772762299,4382.0068359375,4220.902294034755,4211.593623522697,
socfly1,XC154457.ogg,3371.74072265625,150207.35410126773,-0.6979653650092623,-1.499361178284803,2842.3828125,3350.138695634056,3327.4991797589864,
socfly1,XC163778.ogg,3704.0582472278224,372585.14069357235,0.33580473578542064,-1.8704517212910334,3176.1474609375,3656.7816494961344,3611.707065870993,
socfly1,XC166807.ogg,3671.4111328125,600348.1739759445,0.7176438933301451,-1.4067390951904066,3111.5478515625,3604.330364058166,3543.8949125762456,
socfly1,XC169981.ogg,5828.3203125,401.8549919128418,-0.5280049792181878,-1.4999999999999998,5803.1982421875,5828.291551990093,5828.262759728983,
socfly1,XC169982.ogg,5811.8115234375,81.14379644393921,0.3436215967445456,-1.153061224489796,5803.1982421875,5811.805940453155,5811.80035923869,
socfly1,XC17002.ogg,4539.4683837890625,4800.317957997322,-2.0978071176296527,2.728747893407685,4554.2724609375,4538.996252751251,4538.514470683205,
socfly1,XC170116.ogg,4384.698486328125,8536.658585071564,-1.0847443761264304,-0.706409736575472,4425.0732421875,4383.834263106229,4382.9576308076585,
socfly1,XC170117.ogg,4370.16357421875,5112.05917596817,-1.8244250080984772,2.290460441056128,4392.7734375,4369.626929461352,4369.079845190507,
socfly1,XC170118.ogg,4143.737262228261,2869.5855286752753,0.3826863927588851,-0.5257805390207531,4145.1416015625,4143.407077681702,4143.077910846458,
socfly1,XC173325.ogg,5832.626953125,2574.521541595459,0.13070417562046432,-1.4744508501304838,5803.1982421875,5832.421109841618,5832.215416987142,
socfly1,XC173971.ogg,5544.7998046875,14281.3081741333,-0.06056146283152419,-1.8865112160566706,5404.833984375,5543.725648361937,5542.650799607441,
socfly1,XC180354.ogg,4791.1376953125,92.73576736450195,0.0,-1.5,4780.37109375,4791.1296304288335,4791.12156554518,
socfly1,XC180356.ogg,3669.0185546875,602.138489484787,0.35615451588961744,-0.6342045812004922,3682.177734375,3668.9457215017574,3668.8729950389943,
socfly1,XC180683.ogg,4624.25537109375,57.95985460281372,0.0,-2.0,4618.8720703125,4624.252237623076,4624.24910415454,
socfly1,XC181078.ogg,4314.646559495192,19064.020840262598,-0.5492899815574129,-0.18472838989209173,4306.640625,4312.466509792118,4310.2585610497945,
socfly1,XC181682.ogg,5247.6416015625,8293.227195739746,-0.0003518816692382311,-1.4890784967693862,5340.234375,5246.90398724734,5246.166369114906,
socfly1,XC186952.ogg,,
socfly1,XC194423.ogg,4418.739947150735,1231024.6942236144,1.018076910154782,-0.054273543315793926,3262.2802734375,4301.999103302866,4199.148034921743,
socfly1,XC196392.ogg,4201.1279296875,4924392.894744873,-1.4739383933275019,0.21537631172851812,5307.9345703125,0.0,0.0,
socfly1,XC196394.ogg,5509.423828125,1728.8596630096436,-0.5086663597002125,-1.1325307173999206,5534.033203125,5509.27402055286,5509.123836760742,
socfly1,XC196683.ogg,3732.421875,1310321.2656758048,-2.8796576196922614,6.657873038699899,3994.4091796875,3063.464060555975,1217.1501268444676,
socfly1,XC207185.ogg,5304.019442471591,237456.25523003665,-1.61546001214054,0.6696314241708357,5480.2001953125,5281.46234528391,5256.587168525488,
socfly1,XC210856.ogg,4581.18896484375,4632.329917871035,0.17063945282256954,-1.7266343128109598,4511.2060546875,4580.720223738588,4580.252269008815,
socfly1,XC210857.ogg,5054.91943359375,193.1995153427124,0.0,-1.3599999999999999,5038.76953125,5054.9051010107305,5054.890768416333,
socfly1,XC233729.ogg,,
socfly1,XC240963.ogg,4332.01904296875,6373155.8257341385,-1.1518999858979697,-0.6687389332586657,43.06640625,1642.8010118474228,142.02781621063622,
socfly1,XC242597.ogg,3401.47705078125,9353783.621398302,-0.2858277518935981,-1.9144353932578348,0.0,0.0,0.0,
socfly1,XC243445.ogg,5732.265337775735,623.92078778323,0.10025717983321657,-0.21055047926184356,5727.83203125,5732.2141306511785,5732.162936819893,
socfly1,XC245085.ogg,1.3458251953125,13.523966073989868,2.2677868380553634,3.1428571428571423,0.0,0.0,0.0,
socfly1,XC245086.ogg,,
socfly1,XC245098.ogg,4049.0703876201924,131828.9462190408,-1.2697553353267244,-0.37296822769552707,4220.5078125,4032.8135750183824,4015.321547556917,
socfly1,XC245156.ogg,3240.7470703125,61041.95510639864,-0.7945770021689796,-1.225479590883281,3402.24609375,3231.469280930059,3221.827701785811,
socfly1,XC245339.ogg,5552.775065104167,48780.730962753296,0.30154584226760117,1.019574641556476,5544.7998046875,5548.567415433954,5544.377414114595,
socfly1,XC245553.ogg,,
socfly1,XC245559.ogg,,
socfly1,XC248165.ogg,4507.6171875,2028.5949110984802,-1.1638981450832713,-0.36306122448979616,4521.97265625,4507.415689755219,4507.212709515467,
socfly1,XC248259.ogg,2764.86328125,81.14379644393921,0.3436215967445456,-1.153061224489796,2756.25,2764.8515497344583,2764.83982602118,
socfly1,XC248741.ogg,,
socfly1,XC248803.ogg,4602.847361010175,38719.23682301543,-0.09909621530003936,-1.402844998476546,4844.970703125,4598.723582644169,4594.587435033012,
socfly1,XC249419.ogg,4712.6953125,143.51963996887207,-0.19201160638565623,-1.143491124260355,4705.0048828125,4712.68225687583,4712.669197293782,
socfly1,XC249851.ogg,5409.678955078125,19870.773520908857,-1.3481313206003809,0.06857938921055329,5469.43359375,5407.892862974338,5406.065107508761,
socfly1,XC249866.ogg,3658.4278779871324,2306983.3248232137,-1.9115206641856846,1.8154361096791947,86.1328125,2412.676528092385,534.908961202886,
socfly1,XC250166.ogg,4810.468639026989,17752.31923002269,-0.11044757174646702,0.3723551848721196,4834.2041015625,4808.659790548139,4806.84469219941,
socfly1,XC251203.ogg,4786.168494591346,21981.098866655757,-0.4832422553177172,0.14408566630468167,4855.7373046875,4783.906198485062,4781.61833383374,
socfly1,XC251204.ogg,4589.263916015625,82020.82055963967,-0.5996495684600778,-0.7148693293703356,4005.17578125,4580.537511597561,4571.575199399048,
socfly1,XC251897.ogg,1265.952034883721,5391355.199051457,1.2672736627072052,-0.3921892080937006,0.0,0.0,0.0,
socfly1,XC254188.ogg,4114.594499454942,52003.40442879255,0.615458540379805,1.461743818145358,4048.2421875,4108.525585955168,4102.543626706416,
socfly1,XC258992.ogg,4418.3441162109375,33117.84692108631,-0.027618167041892662,-0.36067135594812116,4102.0751953125,4415.057192969007,4411.7621484371275,
socfly1,XC258993.ogg,5453.28369140625,234814.69094753265,-1.1535606094479536,-0.6675440399574017,4726.5380859375,5436.083732663139,5417.842682190473,
socfly1,XC258994.ogg,4579.2509765625,13260.441935062408,0.6093581046130225,-0.48191539556559526,4575.8056640625,4577.874093246748,4576.5103058511295,
socfly1,XC258995.ogg,5182.58056640625,249933.72071247833,0.048450869126027904,-1.0770914680295298,4694.23828125,5160.1228061128295,5137.661301007783,
socfly1,XC258996.ogg,5478.40576171875,2378.1103979457507,-0.8492754898582243,0.8697289501646188,5458.6669921875,5478.205819992233,5478.004883238393,
socfly1,XC258997.ogg,4507.714183910473,140630.27532519522,0.4214742726804684,-1.3918942719204574,4026.708984375,4492.832160760974,4478.287757990885,
socfly1,XC258998.ogg,5089.013671875,30401.875734329224,-1.6900859147282314,1.0432905523755078,5146.435546875,5086.432226062043,5083.756476659565,
socfly1,XC258999.ogg,5243.3349609375,189379.68492507935,-2.264837829972136,3.135441658619693,5383.30078125,5225.3618729020845,5204.987470817237,
socfly1,XC259000.ogg,4075.2531352796054,129114.54321286488,-1.1461846672778593,1.9654916339287425,3919.04296875,4058.165417923972,4039.4464401986784,
socfly1,XC259001.ogg,4453.06640625,184156.58910457903,-1.191695341962642,0.9158374531680114,4500.439453125,4431.01756360706,4406.904356534836,
socfly1,XC264738.ogg,3127.69775390625,7305271.666109562,0.8471020092323491,0.07510265510845349,32.2998046875,1101.610949315238,130.80345804607018,
socfly1,XC2691.ogg,4527.894287109375,18784.788876771927,-0.8855654806874929,-0.8064018524544219,4586.572265625,4525.887839242705,4523.84584450394,
socfly1,XC274327.ogg,4378.091708096591,30829.62447946722,0.19514744685768126,-0.48492848297996005,4403.5400390625,4374.742833896356,4371.405931906638,
socfly1,XC274836.ogg,5289.39208984375,148871.45054340363,-0.8822628698567136,-0.0076311412027605385,5200.2685546875,5275.034892902467,5259.980032759642,
socfly1,XC275090.ogg,4356.506990131579,530.7902474152415,0.3206667586632283,-0.6096333485024346,4349.70703125,4356.4493392268,4356.391750474597,
socfly1,XC275462.ogg,5472.125244140625,384678.4816682339,-2.4532381207897767,4.227232891390778,5652.4658203125,5430.1809937120115,5378.565936691834,
socfly1,XC275463.ogg,5624.47265625,125507.55715370178,-0.1849288614236139,-1.638223008419154,5813.96484375,5614.341604845027,5604.14238737703,
socfly1,XC276809.ogg,,
socfly1,XC283384.ogg,6147.7294921875,77.27980613708496,0.0,-1.0,6147.7294921875,6147.724778258449,6147.720064325789,
socfly1,XC283819.ogg,6148.65234375,1939.0737239052269,-0.42102607141930876,-0.5746607820950165,6190.7958984375,6148.498855256136,6148.345056081064,
socfly1,XC28551.ogg,4178.9794921875,28648.728132247925,0.11682983132531645,-0.8166156570550305,4134.375,4176.046522569197,4173.119195677736,
socfly1,XC28596.ogg,4451.98974609375,90266.67755842209,-0.7034312048790171,-1.4988447470403932,4059.0087890625,4443.280472326596,4434.32762504817,
socfly1,XC286541.ogg,6115.4296875,1344.6686267852783,0.0,-1.7407847800237812,6072.36328125,6115.338069249779,6115.246451660549,
socfly1,XC287000.ogg,,
socfly1,XC28763.ogg,3283.8134765625,77.27980613708496,0.0,-1.0,3283.8134765625,3283.8046514436764,3283.795826301136,
socfly1,XC288743.ogg,5687.07275390625,3873.1195147220906,-0.3597461507520678,-1.012983982800196,5620.166015625,5686.755731051014,5686.43789091796,
socfly1,XC294040.ogg,31.004574424342106,94.90942698346369,0.36168049794575,-0.2951545244185283,32.2998046875,29.428191581123254,27.742163535276077,
socfly1,XC294098.ogg,4452.403846153846,30981.77151038097,-0.4823317287549854,0.7707646331135796,4382.0068359375,4449.145065530033,4445.835574986884,
socfly1,XC294099.ogg,4669.47509765625,93533.53274785556,-0.9539953747674471,0.21062303518135606,3972.8759765625,4659.246476819276,4648.53306505773,
socfly1,XC29661.ogg,,
socfly1,XC297630.ogg,63.557680191532256,373.68525612738824,0.2874766230234704,-0.4061442340257071,64.599609375,60.615856492230016,57.585027664144874,
socfly1,XC298947.ogg,,
socfly1,XC305120.ogg,,
socfly1,XC308826.ogg,66.7529296875,602.7824878692627,1.0013237284459204,-0.295488165680474,64.599609375,63.6128920960295,60.943027712264154,
socfly1,XC310894.ogg,5062.994384765625,1846.4353680610657,0.9711419643990865,-0.7826017012206159,5028.0029296875,5062.835643390287,5062.677714949864,
socfly1,XC31466.ogg,3889.434814453125,9066.57725572586,1.1231865357306117,-0.6811184087070745,3832.91015625,3888.4319825370767,3887.446209880585,
socfly1,XC317519.ogg,,
socfly1,XC317541.ogg,35.61260516826923,99.8692879310021,0.5795343460995532,0.8979591836734677,32.2998046875,34.274223905270155,32.93313419117647,
socfly1,XC325650.ogg,,
socfly1,XC332601.ogg,4591.95556640625,193.1995153427124,0.0,-1.3599999999999999,4575.8056640625,4591.939788792335,4591.924011163243,
socfly1,XC332926.ogg,,
socfly1,XC333936.ogg,4600.628662109375,10272.60223031044,0.19294482774697086,-1.4142831732817507,4489.6728515625,4599.545997112799,4598.466324707947,
socfly1,XC333939.ogg,3901.5087890625,353038.2503737574,-1.113294297219691,-0.14653602001078392,4500.439453125,3850.3644882439125,3792.3360403304964,
socfly1,XC336056.ogg,5651.1199951171875,50008.1364858535,0.7393264812687225,-1.0707021064571816,5490.966796875,5646.911457692386,5642.782531397109,
socfly1,XC336066.ogg,5591.455078125,38.63990306854248,0.7071067811865475,-1.5,5587.8662109375,5591.452775600614,5591.450474061899,
socfly1,XC342589.ogg,5500.3875732421875,519565.3666264337,-2.8374928912600486,6.382719810762227,5673.9990234375,5439.189413139494,5356.779086676749,
socfly1,XC345620.ogg,5808.9404296875,759.5500946044922,0.013008895604484576,-0.7683925432666308,5803.1982421875,5808.879411835105,5808.818395469499,
socfly1,XC349788.ogg,5184.11865234375,7295.21369934082,0.284650330788581,-1.2996444987072684,5114.1357421875,5183.460912970577,5182.805136682295,
socfly1,XC351639.ogg,5372.5341796875,2921.1766719818115,-1.6106558565037532,0.8526077097505671,5394.0673828125,5372.305361408461,5372.0742633562795,
socfly1,XC352294.ogg,3710.4400634765625,2216.964438557625,0.9824337393921391,-0.7606127418287576,3671.4111328125,3710.180660674387,3709.923263245259,
socfly1,XC352295.ogg,4629.638671875,16626.198291778564,1.4648602948114935,1.5238964460881572,4618.8720703125,4628.105418941438,4626.609097208737,
socfly1,XC352980.ogg,3713.40087890625,304597.0678925514,-0.3927939109327349,-1.8261724422001602,3068.4814453125,3674.853288996421,3635.21938106618,
socfly1,XC360397.ogg,5818.75,5226.236301309922,1.711646396469089,2.970764907128274,5792.431640625,5818.331542471382,5817.918662958814,
socfly1,XC360399.ogg,,
socfly1,XC361771.ogg,4173.4039306640625,13135.635048151016,0.21331076723041795,-0.7835468307385645,4102.0751953125,4171.933233242092,4170.467332112943,
socfly1,XC363475.ogg,5147.233072916667,15291.824203271131,1.254299695412601,1.545772473629511,5124.90234375,5145.8292956369805,5144.451413132311,
socfly1,XC365841.ogg,,
socfly1,XC378507.ogg,724.5524088541666,3162261.2651494835,2.500226718722303,4.305464633422688,86.1328125,163.7736321735988,113.43226101343548,
socfly1,XC378509.ogg,7.53662109375,52.80786752700806,0.3656751497879556,-0.7055324211778702,10.7666015625,0.0,0.0,
socfly1,XC384654.ogg,5980.84716796875,9411.788697426136,-1.205917333479097,0.5951882730171372,5975.4638671875,5980.107078263752,5979.357421078801,
socfly1,XC388839.ogg,26.91650390625,220.24744749069214,1.0038561021966648,-0.049861495844875314,21.533203125,23.911611676998913,21.29657451923077,
socfly1,XC388840.ogg,4208.084810697115,6739541.219076744,-1.0218613146695774,-0.929951536424662,21.533203125,1337.7103711359348,92.214973579829,
socfly1,XC389016.ogg,,
socfly1,XC389834.ogg,,
socfly1,XC394873.ogg,,
socfly1,XC395975.ogg,5367.919921875,4824.467897415161,1.9273616299880059,1.9122828836093806,5329.4677734375,5367.540549022316,5367.166921516621,
socfly1,XC400454.ogg,4024.91455078125,290977.79005765915,0.7059661068275752,-1.4996415080630803,3660.64453125,3996.323777199386,3969.4575308418675,
socfly1,XC407816.ogg,4517.666015625,382.53504037857056,-0.17904216869721126,-0.7314049586776861,4521.97265625,4517.632129372739,4517.598227074868,
socfly1,XC414507.ogg,,
socfly1,XC414512.ogg,,
socfly1,XC419053.ogg,4778.776041666667,155998.5358439959,-1.7725585039007326,2.4505868567188314,4780.37109375,4761.24723158562,4741.695573597068,
socfly1,XC419239.ogg,,
socfly1,XC419444.ogg,,
socfly1,XC419445.ogg,,
socfly1,XC419502.ogg,,
socfly1,XC421489.ogg,,
socfly1,XC423233.ogg,4409.820556640625,64117.87915488948,-0.9441251363018365,0.15225363299111283,4468.1396484375,4402.575369741564,4395.042782892639,
socfly1,XC423234.ogg,7.6904296875,43.31066058232234,0.17120161767270564,-0.5743944636678204,10.7666015625,0.0,0.0,
socfly1,XC427667.ogg,5219.110107421875,1912.6752018928528,-1.2560895994686498,0.8004722550177101,5124.90234375,5218.948705588915,5218.786228287835,
socfly1,XC437460.ogg,0.7177734375,7.727980613708496,3.474396144861517,10.071428571428571,0.0,0.0,0.0,
socfly1,XC437463.ogg,4.306640625,34.77591276168823,0.40824829046386296,-1.8333333333333333,0.0,0.0,0.0,
socfly1,XC441811.ogg,3667.822265625,521.6386914253235,0.6296296296296297,-0.8240740740740735,3649.8779296875,3667.7592105634667,3667.6963098039464,
socfly1,XC441812.ogg,4333.067737926136,142746.2189623555,-0.0134769295610311,-1.9227593462882115,3940.576171875,4316.735010479801,4300.441886356027,
socfly1,XC441813.ogg,4515.2435302734375,157383.77518951893,-0.5002367189546095,-1.724405981278059,4026.708984375,4499.533410713292,4483.431432292305,
socfly1,XC441814.ogg,5071.0693359375,2260.434329509735,-1.108579526342911,-0.43047337278106523,5092.6025390625,5070.8699139579785,5070.6691810140255,
socfly1,XC441815.ogg,4387.98828125,235.05941033363342,-0.5317084407596036,-0.8852505160442861,4403.5400390625,4387.96444486967,4387.94058052852,
socfly1,XC444592.ogg,4059.0087890625,2272.026300430298,0.06059652971086451,-1.9192003331945022,4015.9423828125,4058.775653529765,4058.5426302486517,
socfly1,XC444741.ogg,3676.1962890625,6407.783925533295,-1.880876295405504,2.4248713416327865,3660.64453125,3675.4008204065562,3674.5840541031585,
socfly1,XC445454.ogg,5202.6611328125,24568.53836774826,0.2147379008567264,-1.9183774299215521,5049.5361328125,5200.570378750794,5198.488859380176,
socfly1,XC446777.ogg,4269.936301491477,22771.699238907207,-0.20694840714045623,-0.5807285442771897,4242.041015625,4267.37588235257,4264.800391866862,
socfly1,XC451641.ogg,6065.185546875,3306.4717054367065,2.1554300006366964,4.458570349580965,6050.830078125,6064.934416497203,6064.686511227764,
socfly1,XC452719.ogg,1.1962890625,12.87996768951416,2.4748737341529163,4.125,0.0,0.0,0.0,
socfly1,XC456715.ogg,,
socfly1,XC463037.ogg,5067.102693256579,2321.10575625771,0.7200443386082842,-0.982330522179899,5049.5361328125,5066.886660991396,5066.671583132216,
socfly1,XC463746.ogg,,
socfly1,XC46717.ogg,4224.814453125,183265.7482624054,0.6310923201195463,-1.3657420059458951,4005.17578125,4205.303108736588,4186.599695696441,
socfly1,XC46718.ogg,5723.2177734375,1115.037202835083,-0.2187111447788293,-1.7789677482599744,5684.765625,5723.134209519733,5723.050580520794,
socfly1,XC46719.ogg,5356.38427734375,1120.557188987732,0.9220734033619128,-0.839476813317479,5329.4677734375,5356.306086337253,5356.228154822451,
socfly1,XC469247.ogg,5252.30712890625,20931.23549222946,-0.7053452941172944,-1.4950253526381592,5340.234375,5250.626475375542,5248.926189285617,
socfly1,XC470050.ogg,3926.794921875,16794.06107068062,-0.6940429796300133,-0.5535996463912367,3897.509765625,3924.7091852797516,3922.590592508586,
socfly1,XC471137.ogg,5485.58349609375,1506.9562196731567,0.7292712077651594,-0.794268668394543,5458.6669921875,5485.457996233034,5485.332907078379,
socfly1,XC471364.ogg,5483.098895733173,3445.668771633735,-0.10564715248140959,-0.613584364475428,5501.7333984375,5482.796517710239,5482.493886848671,
socfly1,XC471365.ogg,3644.080528846154,6038849.140268107,-0.8241288396700104,-1.3078200211700661,107.666015625,1578.7790054667655,332.76531831553575,
socfly1,XC471366.ogg,5620.994215745192,9495.013104035303,-1.8179538960253898,2.6793687357023943,5620.166015625,5620.198264044558,5619.385623683816,
socfly1,XC471368.ogg,4989.830433238636,48106.4342469544,0.9096345767679217,0.5061810267795379,4823.4375,4985.230956408256,4980.738956908401,
socfly1,XC474405.ogg,4149.4482421875,730.2941679954529,-1.3532751773025933,0.056311413454271264,4155.908203125,4149.377469979916,4149.306324052365,
socfly1,XC475354.ogg,,
socfly1,XC479377.ogg,4984.423828125,173711.20423078537,-2.431656255133243,4.527345874840014,5060.302734375,4965.153499234602,4942.803415455409,
socfly1,XC479378.ogg,4993.011474609375,5916.4809474819585,-0.4349954453762877,-0.6322393150737096,4952.63671875,4992.446051205931,4991.878063910057,
socfly1,XC479428.ogg,4374.03955078125,184718.34050416946,-0.3000390645870628,-0.6517487268345965,4349.70703125,4352.753986276211,4330.891805966895,
socfly1,XC480424.ogg,,
socfly1,XC483058.ogg,4294.832094254032,73573.11762917424,0.5693764928483709,-0.7715449702874246,4134.375,4286.711644521864,4278.763251146336,
socfly1,XC484521.ogg,,
socfly1,XC486459.ogg,3320.8984375,15971.159934997559,0.636800299953252,-1.0041494455645161,3219.2138671875,3318.791565786436,3316.716019853477,
socfly1,XC486460.ogg,3426.470947265625,885.9577775001526,-0.840247602628474,-0.936850379945847,3445.3125,3426.3573052697266,3426.2431441346375,
socfly1,XC489481.ogg,3474.299504206731,8807.79980534342,-0.1004877561483344,-0.8193943621148567,3488.37890625,3473.0533331513684,3471.804315033423,
socfly1,XC491976.ogg,3373.0224609375,143.51963996887207,0.19201160638565623,-1.143491124260355,3359.1796875,3373.004233078628,3372.986012825477,
socfly1,XC493192.ogg,5538.33984375,34.77591276168823,0.40824829046386296,-1.8333333333333333,5534.033203125,5538.337332751375,5538.334822404537,
socfly1,XC497708.ogg,3612.79296875,16205.207347869873,0.7727079298879381,2.041582102277676,3649.8779296875,3610.6458641197423,3608.529206983842,
socfly1,XC497709.ogg,4058.49609375,3714.950680732727,0.36446138373498516,-1.165191034356378,3994.4091796875,4058.061702354624,4057.6288324439247,
socfly1,XC497710.ogg,3734.6649169921875,240369.17701363564,-0.8077051440428422,-0.988083609534796,2960.8154296875,3702.002497895989,3666.993304199492,
socfly1,XC497711.ogg,4602.72216796875,908.0377221107483,-0.38463501812155376,-1.3046627433227707,4618.8720703125,4602.633247282726,4602.544184531612,
socfly1,XC497712.ogg,5152.6688425164475,28687.755402765775,1.0380514457514007,-0.8438527672602336,5028.0029296875,5150.08781958404,5147.5634642780515,
socfly1,XC497713.ogg,5010.699462890625,510159.1776771979,2.0363237077893257,4.269601595322863,4855.7373046875,4967.624583772209,4929.91930244534,
socfly1,XC503078.ogg,4708.85009765625,185767.7032168095,-1.1619480009950631,0.4978881281184311,3800.6103515625,4689.034722047858,4667.621620343696,
socfly1,XC503080.ogg,4401.1088709677415,260871.19796968278,0.9138929263811737,-1.1405362081527233,4112.841796875,4374.196721573398,4349.150975172688,
socfly1,XC503081.ogg,3477.6123046875,291512.308716774,1.0453039845991474,-0.391144651463216,2971.58203125,3441.2768079377297,3408.291306088759,
socfly1,XC504241.ogg,4802.577209472656,11568.303979933262,0.5674555539784674,-1.268293700713372,4694.23828125,4801.457041232375,4800.346019429314,
socfly1,XC504261.ogg,5079.144287109375,157038.4460558062,-1.4386635775224053,1.6594534858369876,5243.3349609375,5063.038417206975,5045.52202428565,
socfly1,XC51028.ogg,4464.173005756579,221435.1160902726,0.06150790055231177,-1.804597394910076,3886.7431640625,4440.689438039348,4417.377729900315,
socfly1,XC51031.ogg,5894.71435546875,1120.557188987732,-0.9220734033619128,-0.839476813317479,5846.2646484375,5894.642852804158,5894.5711334883645,
socfly1,XC51034.ogg,5364.16015625,776.0180532932281,0.2923814072153969,-1.4807854547958885,5340.234375,5364.095920293619,5364.031745670346,
socfly1,XC520397.ogg,3418.5816271551726,48385.057932343974,-1.3932886517127707,2.182625399470897,3240.7470703125,3411.2734605753144,3403.4384503113633,
socfly1,XC522899.ogg,,
socfly1,XC523980.ogg,3203.7914379222975,7313149.223633493,-0.206709324856585,-1.9430260563538124,215.33203125,1309.6928884493468,460.01814309114883,
socfly1,XC538359.ogg,3628.9780560661766,114651.4112107894,0.36088599899711776,-1.7203102944760162,3326.8798828125,3614.3892910346017,3600.150211919913,
socfly1,XC539029.ogg,1090.5670166015625,4315272.244775425,1.470435428727889,0.20668018265426014,53.8330078125,135.88716349865538,66.07316414222433,
socfly1,XC551763.ogg,5596.32568359375,9954.44579766347,-0.7552806416726127,-1.0577903013383696,5469.43359375,5595.492514255253,5594.652091639664,
socfly1,XC551764.ogg,80.74951171875,34.77591276168823,0.0,-2.0,75.3662109375,80.56986853355994,80.390625,
socfly1,XC551765.ogg,3599.6337890625,7159603.095531464,-0.706959554111665,-1.4999842895969693,5318.701171875,1603.2905500827326,412.9441842129395,
socfly1,XC553998.ogg,258.3984375,869.3978190422058,0.0,-1.2299999999999998,215.33203125,256.8919182066896,255.38060029990484,
socfly1,XC554464.ogg,,
socfly1,XC559347.ogg,5116.827392578125,3966.110050678253,-2.127357806786898,2.7971722577917646,5124.90234375,5116.482622566524,5116.132116602293,
socfly1,XC56169.ogg,4556.607386577561,114721.06602974511,0.7419640662168684,-0.19836305876013238,4188.2080078125,4544.553992040648,4532.87995321573,
socfly1,XC56172.ogg,,
socfly1,XC562096.ogg,44.501953125,267.3463563661318,0.14587530031802556,-0.7398834228515625,43.06640625,41.169836601866955,37.27310135385757,
socfly1,XC564271.ogg,5630.9326171875,7220.141887664795,0.6263337111655276,-0.47277165221782713,5598.6328125,5630.374836539752,5629.82024880744,
socfly1,XC569193.ogg,4996.8994140625,26558.4933757782,0.17647580441769353,-1.6608675406482454,4823.4375,4994.544812363516,4992.199118884606,
socfly1,XC584783.ogg,3510.7403094951924,2539.8305516976575,-1.248018283000338,0.44587563653819684,3499.1455078125,3510.4024843428765,3510.060700632936,
socfly1,XC588235.ogg,4681.67724609375,1749.0238477202022,-0.056458299300498296,-1.0274842401650652,4640.4052734375,4681.500761540244,4681.324213021561,
socfly1,XC589557.ogg,5483.2763671875,33103.35695743561,0.28504317862556783,-1.9107674981395986,5329.4677734375,5480.703412662771,5478.146548306127,
socfly1,XC599774.ogg,5636.572265625,1919.8511838912964,0.011755605805025042,-0.8552423166930159,5630.9326171875,5636.410074171559,5636.247886297407,
socfly1,XC600294.ogg,5751.5185546875,7604.33292388916,-0.10633644026781146,-1.1943294048731927,5770.8984375,5750.900827469218,5750.282420208788,
socfly1,XC606544.ogg,4294.607364430147,621501.8162043656,2.400730452360401,3.9020859102478003,4037.4755859375,4240.9171011922435,4198.959361018524,
socfly1,XC606610.ogg,4601.18408203125,242942.8705573082,0.032705541794811895,-1.5392594541778857,4252.8076171875,4576.5913108106,4552.040972659275,
socfly1,XC609877.ogg,5854.8779296875,1102.525234222412,0.05366468959819786,-0.9962878854048389,5846.2646484375,5854.793205177767,5854.708495738082,
socfly1,XC611124.ogg,4182.82470703125,57.95985460281372,0.0,-2.0,4177.44140625,4182.821242872297,4182.817778716217,
socfly1,XC618902.ogg,4673.869035050676,275636.3561105084,-5.2667503542761125,27.655044628466083,4791.1376953125,4622.721353818464,4527.285880817496,
socfly1,XC618951.ogg,3759.33837890625,9524.736106395721,-0.6955145656466122,-1.4890933104024289,3822.1435546875,3758.270796971515,3757.1916113699963,
socfly1,XC63689.ogg,,
socfly1,XC73857.ogg,133.505859375,150.69562196731567,0.27154541788363945,-1.044378698224852,129.19921875,133.05890788686673,132.61732769560092,
socfly1,XC82280.ogg,6217.223011363636,15331.510630520906,-0.07631189522639174,-1.0585426374144908,6244.62890625,6216.044582000803,6214.864789813329,
socfly1,XC82281.ogg,5816.27197265625,4836.144791199611,0.21394193039092685,-0.16990789256027883,5857.03125,5815.886501040428,5815.50159674099,
socfly1,XC82282.ogg,5605.810546875,164034.11650657654,0.0005661524651617712,-1.998496516679351,5232.568359375,5593.60525593033,5581.426765142508,
socfly1,XC82283.ogg,5489.94140625,60311.92070245743,0.17264708930882572,-1.5963807653948692,5781.6650390625,5484.731809229269,5479.549309809675,
socfly1,XC82284.ogg,5815.75927734375,807.5739741325378,0.6619277166182533,-1.3773036331585817,5792.431640625,5815.701532423915,5815.643901251064,
socfly1,XC82285.ogg,5737.2528076171875,2316.4621889591217,0.08974578815233382,-0.9902316428550062,5727.83203125,5737.06362857524,5736.8745351495245,
socfly1,XC9361.ogg,,
