primary_label,filename,mean,variance,skewness,kurtosis,mode,gmean,hmean
sonspa,XC109669.ogg,8527.1484375,637.5584006309509,1.1701586322559543,-0.169421487603306,8516.3818359375,8527.118591821623,8527.088807656988,
sonspa,XC121279.ogg,4092.5048828125,777196.5703368187,1.3345389899218014,-0.21608419799398515,3628.3447265625,4020.2362414961663,3959.681006448737,
sonspa,XC121280.ogg,3953.3003373579545,221541.53297164227,0.561075750583916,-1.674319415757971,3596.044921875,3928.7849799097853,3905.3991017345097,
sonspa,XC121281.ogg,3635.5224609375,78852.45019197464,3.954374592125358,14.443645570421126,3531.4453125,3626.851054468252,3619.5534376384812,
sonspa,XC121282.ogg,6907.8515625,846.2138772010803,-1.1427763502892971,-0.15697128917245307,6912.158203125,6907.802420954517,6907.75313786258,
sonspa,XC121701.ogg,6976.7578125,180.31954765319824,0.0,-1.0612244897959184,6965.9912109375,6976.746181883993,6976.734551250977,
sonspa,XC122629.ogg,2172.34130859375,4163793.4507727623,-0.1333900711635087,-1.981814300273222,21.533203125,384.9545280939424,52.01914749143106,
sonspa,XC125261.ogg,4214.2745168585525,2039.1022531609788,-0.46680126541221983,-1.1528272788521454,4263.57421875,4214.044561045582,4213.813852485376,
sonspa,XC125463.ogg,15.0732421875,29.8079252243042,0.40824829046386296,-1.8333333333333335,10.7666015625,14.206615933858552,13.458251953125,
sonspa,XC125704.ogg,2951.4981783353364,3466713.1381181846,-0.1193200629109253,0.14292803605463433,21.533203125,1214.3168574791014,116.21005093573524,
sonspa,XC125706.ogg,6398.9501953125,1554560.580253601,-1.7870980266379124,1.1968723584557743,6890.625,6267.7290024264985,6102.118119881307,
sonspa,XC125708.ogg,3501.298828125,741.8861389160156,1.0225694444444444,0.8793402777777781,3509.912109375,3501.2039491908495,3501.109537833798,
sonspa,XC125710.ogg,3541.13525390625,114.63171243667603,0.9146947998257129,-0.028531751041534825,3531.4453125,3541.1207120820086,3541.106195562071,
sonspa,XC125711.ogg,3755.23681640625,75743.3392222111,-0.6528210588657269,-0.09552946138928586,3768.310546875,3745.5253061519024,3735.457748020994,
sonspa,XC125712.ogg,3739.925870028409,2278.3491936596956,-1.106088832361736,-0.5435835185326301,3768.310546875,3739.6464370525955,3739.364479392147,
sonspa,XC125713.ogg,3768.9438763786766,4687.077065601068,0.845126616729248,-0.679084785241423,3703.7109375,3768.364299063604,3767.7903871842977,
sonspa,XC125714.ogg,4707.158203125,414745.7181636025,2.418781999250626,7.485806473662699,4554.2724609375,4670.772663090318,4639.061369230946,
sonspa,XC125717.ogg,3349.310302734375,1295191.1090856248,-2.160645824168933,4.071893372367446,3133.0810546875,2548.1672304935873,554.477136422822,
sonspa,XC125718.ogg,5850.240009014423,1522951.5790859093,-1.620629778864718,2.249390670362433,6136.962890625,5670.11599421403,5417.220935907737,
sonspa,XC125719.ogg,4119.76318359375,37479.64444068762,1.0190776965936108,-0.46574767520586535,4102.0751953125,4115.660927671818,4111.680171877296,
sonspa,XC125721.ogg,4255.499267578125,106.25973343849182,-0.49338220021815865,-1.371900826446281,4263.57421875,4255.489897351086,4255.480520657636,
sonspa,XC125723.ogg,3938.4228515625,3086.040258407593,2.366814433719847,4.122184720778371,3919.04296875,3938.0774859069224,3937.739223908594,
sonspa,XC128238.ogg,3591.1510120738635,1359143.8370184465,1.6479710482882468,0.7192531028497999,3090.0146484375,3459.7201399035976,3363.250298018585,
sonspa,XC128254.ogg,2475.1220703125,70.83982229232788,0.17816579452322398,-1.146694214876033,2476.318359375,2475.1093547397163,2475.096643964854,
sonspa,XC128904.ogg,2936.345880681818,25628.303743064025,6.174954673130842,37.11553046031512,2885.44921875,2932.8348000246488,2929.9323965846993,
sonspa,XC129258.ogg,3570.205078125,8583.210468292236,0.1199107754460656,-1.7852949102810391,3488.37890625,3569.1251203324164,3568.0474822594733,
sonspa,XC129646.ogg,4722.470703125,169165.26145284827,-0.7978875279842854,4.16679424259776,4758.837890625,4703.707377126746,4683.381874879804,
sonspa,XC130247.ogg,5889.3310546875,309.11922454833984,-0.1613743060919757,-1.5416666666666667,5867.7978515625,5889.307427798727,5889.283793721219,
sonspa,XC131646.ogg,7006.904296875,1308.6047172546387,0.1823080252724256,-1.67006634013268,6965.9912109375,7006.820304370632,7006.736362235502,
sonspa,XC131649.ogg,6663.8671875,1222969.3935066462,-1.6322257057698584,0.6670078572006055,7192.08984375,6552.68904768714,6418.214772603264,
sonspa,XC131959.ogg,4031.3648120777025,628.1595052899542,-3.1612794763737284,13.853939663632897,4026.708984375,4031.2880051056745,4031.210173064168,
sonspa,XC131960.ogg,3532.0119757401317,356214.48745853023,-2.494493850486261,4.3901449098894245,1851.85546875,3464.027101482425,3368.805563421885,
sonspa,XC132874.ogg,5692.6611328125,5861.322023651816,0.6734288081679559,-0.4137567412093235,5673.9990234375,5692.160672927368,5691.6631235204695,
sonspa,XC133566.ogg,4875.911616353155,423335.77686143154,0.9003853060018892,0.7403689159516333,4683.4716796875,4835.218053817674,4796.3846824867605,
sonspa,XC133568.ogg,4580.1123046875,1751581.5820097923,0.4107462557092669,-1.8278035861138588,3617.578125,4434.979329847146,4303.483972865362,
sonspa,XC134020.ogg,4575.498046875,1089246.2689455817,1.329434515410939,-0.14198013917686936,4005.17578125,4477.6729080304185,4396.928135878322,
sonspa,XC134164.ogg,6476.11083984375,127.51168012619019,0.0,-0.9421487603305785,6470.7275390625,6476.102635850188,6476.094431845051,
sonspa,XC134180.ogg,4731.92138671875,78290.88360071182,-2.6048578488604095,4.9174315699558235,4844.970703125,4723.650811798669,4714.474003768524,
sonspa,XC137603.ogg,8547.745414402174,91364.89080346147,0.9682254441181233,-0.4857268960548722,8236.4501953125,8542.741611472275,8537.846042338113,
sonspa,XC138335.ogg,4214.35546875,64856.440379069405,1.0087012296701796,0.5920706407945366,4198.974609375,4207.455304922941,4200.789026805007,
sonspa,XC138336.ogg,4435.83984375,80139.1589641571,-0.4270909901165363,-1.659940758319547,4640.4052734375,4427.116136975689,4418.246283775293,
sonspa,XC138337.ogg,3947.2017728365386,590.0015968542833,0.22821808499262347,-1.0519925892556936,3940.576171875,3947.1328454338613,3947.0639790040204,
sonspa,XC138338.ogg,2801.4697265625,23.18394184112549,1.5,0.25,2799.31640625,2801.4664213864203,2801.463121285468,
sonspa,XC138720.ogg,3172.55859375,77.27980613708496,0.6260990336999411,-0.9600000000000004,3165.380859375,3172.548454904794,3172.5383267406423,
sonspa,XC139825.ogg,3861.8453979492188,1947817.7107349038,0.7612089760563663,-1.347355226827952,2799.31640625,3654.7227454498575,3485.286412668373,
sonspa,XC139911.ogg,3511.8696732954545,65.33656337044457,-0.28267770203266596,-1.026534859521338,3509.912109375,3511.8612131792024,3511.8527495462595,
sonspa,XC140242.ogg,2641.7840254934213,3034046.5404171697,0.2910845938974697,0.4368427864616149,2917.7490234375,1252.385190967107,167.85530382858545,
sonspa,XC140757.ogg,25.83984375,34.77591276168823,0.40824829046386296,-1.8333333333333333,21.533203125,25.32474848307524,24.84600360576923,
sonspa,XC141895.ogg,4.141000600961538,29.723002360417297,0.4743416490252569,-1.7750000000000004,0.0,0.0,0.0,
sonspa,XC142117.ogg,5154.694857662671,19417.81038034859,-0.3670871815654323,-1.6719791524776648,5286.4013671875,5152.802655257657,5150.898273287405,
sonspa,XC142619.ogg,4122.140225497159,903923.0742508715,1.6568777315375154,1.0161173433992765,3552.978515625,4036.7770686244894,3968.429193258299,
sonspa,XC142620.ogg,4442.879544771635,1152482.487485042,2.4072860344834535,3.798175785414749,4059.0087890625,4350.844829389493,4284.033253070883,
sonspa,XC142621.ogg,3732.275390625,374.57048892974854,0.13944250540022013,-0.39755581717451527,3746.77734375,3732.2262568886376,3732.177145183058,
sonspa,XC142716.ogg,5812.17041015625,3311.4396929740906,-0.028060889026974862,-1.9276736710105127,5867.7978515625,5811.9329718129175,5811.69550162145,
sonspa,XC143923.ogg,3897.76611328125,948638.76855228,1.5753527445747095,0.48414905174800404,3413.0126953125,3801.911309236362,3726.6911266617344,
sonspa,XC143924.ogg,4463.429260253906,205775.71314909766,2.299657698908883,7.5510929858225175,4306.640625,4443.596799420259,4425.632561354572,
sonspa,XC144116.ogg,5651.529594089674,1435843.830791858,-0.43978179119082367,-1.7955318044171578,4145.1416015625,5520.4576255438615,5383.997007597127,
sonspa,XC144661.ogg,5819.589187849813,415652.71981382405,-0.9313096106829529,3.482634333509248,5620.166015625,5779.993324017353,5734.561578449812,
sonspa,XC147920.ogg,0.0,0.0,0.0,-3.0,0.0,0.0,0.0,
sonspa,XC147921.ogg,1816.656963641827,6941620.48137463,0.8508054285735227,-1.0302614036334592,0.0,0.0,0.0,
sonspa,XC149407.ogg,4536.328125,312252.56941535254,1.082289226868407,3.2952169715503503,3456.0791015625,4506.331589835347,4477.220909733949,
sonspa,XC149408.ogg,8168.18994140625,3992386.4937901497,-2.285924295841671,3.5514091442294964,8871.6796875,7740.556795582655,6996.7754780000005,
sonspa,XC149410.ogg,8944.147198016826,3186.0086230131296,-0.11819906269238704,-0.7954212992630914,8925.5126953125,8943.97585335383,8943.804420552471,
sonspa,XC149412.ogg,3624.3072509765625,967.1121893020777,0.05081512350323329,-1.1704131687646082,3596.044921875,3624.1771973295827,3624.0471779287914,
sonspa,XC149417.ogg,4865.2734375,3391249.9906455767,-0.17196422988539053,-1.9700841018201523,2885.44921875,4497.062998621186,4141.701811025078,
sonspa,XC149419.ogg,4216.021728515625,7365.292432633313,2.655735762046805,5.777395021157343,4177.44140625,4215.247458712749,4214.498741819762,
sonspa,XC149420.ogg,4191.144353693182,10156.67415748943,2.6662998051704387,5.502092429922506,4155.908203125,4190.085519264687,4189.067802962068,
sonspa,XC152505.ogg,2514.00146484375,14589596.640765667,0.7070840274611754,-1.499992849188999,32.2998046875,253.93725184568302,67.79319317361555,
sonspa,XC153555.ogg,3308.57666015625,130.08767366409302,0.5556445299786473,-0.7750220566611117,3305.3466796875,3308.5589881841356,3308.541337509603,
sonspa,XC155231.ogg,7230.5419921875,33.119916915893555,-0.28867513459481287,-1.9166666666666667,7235.15625,7230.540028812516,7230.538065159573,
sonspa,XC155232.ogg,7466.148792613636,3277.3663239045577,0.18587779305287508,-1.0643969768716162,7482.7880859375,7465.949436911169,7465.750257363633,
sonspa,XC155233.ogg,4306.640625,784.6872623150165,-0.6526833015415628,-0.06404958677686068,4295.8740234375,4306.55579548739,4306.470730445701,
sonspa,XC155234.ogg,7723.2421875,133829.30427789688,-1.3247642345383055,-0.22552059174552008,7891.9189453125,7715.218432596696,7706.870199091292,
sonspa,XC155235.ogg,8418.654221754809,91701.40688235943,1.895516153933494,1.6653049173597934,8311.81640625,8413.834621456826,8409.216877943958,
sonspa,XC155236.ogg,8054.6142578125,4128.029644489288,0.1435100924639006,-1.3027585846023546,8031.884765625,8054.386634017469,8054.159171545574,
sonspa,XC155237.ogg,7521.144104003906,77157.18676726664,-0.24496894743989014,-0.5675352748416951,7525.8544921875,7516.139128781913,7511.098476717842,
sonspa,XC156283.ogg,3962.109375,289.7992730140686,0.0,-1.3,3940.576171875,3962.0801176712866,3962.050860256149,
sonspa,XC157591.ogg,4017.73681640625,529.366672039032,-0.6385855777386593,-1.3180244019393683,4026.708984375,4017.6817944072377,4017.626649954548,
sonspa,XC163211.ogg,3798.046875,86931.23482888745,3.485982201865284,18.51080111540818,3628.3447265625,3788.2845450587324,3779.6836635218638,
sonspa,XC163634.ogg,4487.51953125,1056.6996649691932,-0.7807085475372122,-0.5558139410845442,4500.439453125,4487.407264032142,4487.294580471835,
sonspa,XC163648.ogg,4857.63729319853,48486.82777846561,1.2711933816266185,0.4399955574275287,4780.37109375,4853.102702219257,4848.727169521626,
sonspa,XC163649.ogg,4318.603515625,224514.50502171236,0.06811244804524,-1.6692983450207208,3822.1435546875,4294.059746464665,4269.690307271759,
sonspa,XC163650.ogg,3068.4814453125,637.5584006309509,-1.1701586322559543,-0.169421487603306,3079.248046875,3068.3978522152447,3068.3137758721796,
sonspa,XC163651.ogg,7390.810546875,5382.376144914066,0.8625867524086204,-0.7851983622810992,7342.822265625,7390.458785664584,7390.108990761533,
sonspa,XC165235.ogg,3288.427734375,458.15885066986084,-0.36750259831637205,-1.7785600232254317,3305.3466796875,3288.367934891391,3288.3080478543875,
sonspa,XC165236.ogg,3.5888671875,38.63990306854248,0.7071067811865475,-1.5,0.0,0.0,0.0,
sonspa,XC172442.ogg,3706.402587890625,5477.206259965897,0.69086326342608,-1.390012206790996,3649.8779296875,3705.706794901791,3705.01726482926,
sonspa,XC175509.ogg,4137.451171875,27.59993076324463,0.9486832980505138,-1.1,4134.375,4137.448315102015,4137.4454604530265,
sonspa,XC178120.ogg,5935.564108455882,695915.3990503302,-1.4468537487624673,1.832932992202883,6513.7939453125,5867.564341144352,5785.347178077407,
sonspa,XC178122.ogg,3929.8095703125,5922.443324869329,0.017160505832813103,-1.7645293246032852,3994.4091796875,3929.1188953069222,3928.428433056544,
sonspa,XC178318.ogg,8734.339867568597,61302.86592390479,0.5969403826150987,-1.0717512957411575,8494.8486328125,8730.952442231393,8727.602070277322,
sonspa,XC179182.ogg,4298.02734375,81.14379644393921,-0.3436215967445456,-1.153061224489796,4295.8740234375,4298.019788764619,4298.012230527059,
sonspa,XC179640.ogg,4970.5810546875,3459218.0022597313,-0.3359807586938276,-0.9144916620055743,5383.30078125,4593.474379256899,4162.16082534452,
sonspa,XC179969.ogg,7268.353271484375,1089380.9344687245,-1.1543210290215107,-0.6668910138228701,7859.619140625,7190.946072997361,7105.043540307893,
sonspa,XC181738.ogg,3939.2303466796875,710.0082188844681,0.6356603673516282,-0.9174918613842871,3919.04296875,3939.151700487635,3939.0732639109738,
sonspa,XC182170.ogg,4009.7900390625,65411.83590888977,0.8155373537113466,-1.1435370613683704,3789.84375,4003.007572175875,3996.441082053092,
sonspa,XC183355.ogg,4115.778142755682,790.3616536747325,-1.0192021350056317,1.2858133333333601,4112.841796875,4115.69046207597,4115.6023846537455,
sonspa,XC184631.ogg,14.511506453804348,69.64346165713586,-0.07584303044076109,-0.48195117728532066,10.7666015625,0.0,0.0,
sonspa,XC184980.ogg,3635.0738525390625,4866.557791829109,-2.042490261289607,2.582600849869581,3639.111328125,3634.473322621652,3633.857668773101,
sonspa,XC185278.ogg,5699.12109375,38.63990306854248,0.7071067811865475,-1.5,5695.5322265625,5699.118834705953,5699.116576610683,
sonspa,XC185279.ogg,2932.948931525735,247.18173286494084,0.36554329321830437,-0.7698216409036704,2928.515625,2932.9093208417967,2932.8697596400725,
sonspa,XC185605.ogg,3772.796630859375,452.91486382484436,0.14804678654264536,-0.47102192781634233,3757.5439453125,3772.7383046304967,3772.6800085725836,
sonspa,XC188370.ogg,5558.258056640625,1164951.677620411,-0.7091862625884185,-1.328633216884424,6309.228515625,5456.475292820383,5346.193976827235,
sonspa,XC188448.ogg,3549.3896484375,39567.2607421875,0.7071067811865475,-1.5,3434.5458984375,3545.75019697609,3542.1908237558155,
sonspa,XC189286.ogg,6472.265625,103841.97950363159,2.0389851524820135,2.1617436085127872,6352.294921875,6465.789036842326,6459.694877715309,
sonspa,XC191346.ogg,5154.1259765625,27848.33014011383,-0.12600510934052506,-1.8273524208781031,4984.9365234375,5151.803822182749,5149.476527975691,
sonspa,XC191348.ogg,7663.373357599432,1020222.104534538,-2.3968918737421885,3.8261487810526225,8053.41796875,7579.897006544862,7473.821828839537,
sonspa,XC191448.ogg,2619.873046875,38.63990306854248,0.7071067811865475,-1.5,2616.2841796875,2619.8681350990996,2619.863227812927,
sonspa,XC192171.ogg,3962.109375,2252.1543502807617,1.3522170912465064,2.214465289792388,3983.642578125,3961.8377878953834,3961.5689761851527,
sonspa,XC192182.ogg,3119.481136924342,923465.8897236774,-0.4772691538361489,-1.640355254470038,3736.0107421875,2958.7910509196167,2788.259539562511,
sonspa,XC193141.ogg,3181.53076171875,1576659.844815731,-0.3795533420810022,-1.8417279311399912,4198.974609375,2905.466626633026,2624.6909844708084,
sonspa,XC193144.ogg,2830.928981050532,116203.98593930378,6.414884718728545,40.04278943776685,2745.4833984375,2817.3386084292856,2808.000000903234,
sonspa,XC193145.ogg,4236.65771484375,64285.75873374939,0.0,-1.9897183290373592,3983.642578125,4230.0139059791345,4223.380301174784,
sonspa,XC193772.ogg,4105.011541193182,2853.732477534901,0.9937545086877051,0.20214463845838715,4091.30859375,4104.698081777534,4104.3871383052665,
sonspa,XC193773.ogg,4052.548828125,112421.5099811554,2.663099531846138,5.100031911597652,3951.3427734375,4041.5574483820296,4031.8976311131246,
sonspa,XC193953.ogg,2645.271183894231,161.99036286427426,0.9376364783221607,0.066703139466322,2637.8173828125,2645.2430012328837,2645.214899302513,
sonspa,XC193954.ogg,4127.523526278409,8149.287284097887,-0.9662692216978697,-0.7102796629058798,4166.6748046875,4126.552563118,4125.567957184965,
sonspa,XC195046.ogg,3415.31982421875,306.3592314720154,0.20020563606339134,-1.2414970543868675,3402.24609375,3415.278203917924,3415.236610807221,
sonspa,XC195565.ogg,3940.576171875,77.27980613708496,0.0,-1.3749999999999998,3940.576171875,3940.567120484172,3940.558069088157,
sonspa,XC196037.ogg,4462.75634765625,193.1995153427124,0.0,-1.3599999999999999,4446.6064453125,4462.740113268117,4462.723878863441,
sonspa,XC196038.ogg,3856.5966796875,81.14379644393921,-0.3436215967445456,-1.153061224489796,3854.443359375,3856.588259530959,3856.5798353338078,
sonspa,XC201405.ogg,4087.001953125,27850.53813457489,0.12839874471456109,-0.909557111544903,4306.640625,4083.828653687429,4080.663005897702,
sonspa,XC201421.ogg,2819.266285615809,867192.7616860778,0.1816448963209549,-1.8748074570245932,2024.12109375,2671.228963478553,2535.040475391788,
sonspa,XC202204.ogg,4550.545560396635,4043251.1013480336,0.39165171345705063,-1.7280487530364639,3283.8134765625,4143.776764397841,3797.154543869418,
sonspa,XC205806.ogg,3621.42333984375,997.890830039978,1.6839762761409272,3.0861971592619772,3617.578125,3621.2917352325467,3621.161364708526,
sonspa,XC205810.ogg,3645.648193359375,2590032.752866095,-1.8469632938523093,1.4124813392564235,4349.70703125,0.0,0.0,
sonspa,XC206688.ogg,3465.948486328125,53523.825730966484,-0.3311061420954188,-1.8366873254526308,3660.64453125,3458.4311981417445,3450.8183051687824,
sonspa,XC210946.ogg,5574.891075721154,638486.8533625777,0.24486885231792704,-1.4424040297692047,5189.501953125,5519.81226970057,5465.960384506612,
sonspa,XC211453.ogg,8549.948299632353,867.6931174362406,-0.24001696140163092,-0.949658600978065,8527.1484375,8549.900515940411,8549.852706411843,
sonspa,XC211454.ogg,3635.88134765625,722.5661873817444,-0.8597534011477073,-0.5675693709666656,3660.64453125,3635.7915544291563,3635.701397537454,
sonspa,XC215342.ogg,4116.287109375,556595.4389333725,-0.08064251380576758,-1.972046636046262,3348.4130859375,4050.197422797647,3984.4940618106816,
sonspa,XC215344.ogg,3820.1248168945312,2059.0238347649574,-0.560145656333771,-0.5671678946033021,3789.84375,3819.871045681345,3819.6161573992345,
sonspa,XC219344.ogg,7125.3369140625,81.14379644393921,0.3436215967445456,-1.153061224489796,7116.7236328125,7125.33236001274,7125.3278071409095,
sonspa,XC232635.ogg,9165.503717237903,54506.943006669324,-0.6093294911666259,-0.9644118408202655,9237.744140625,9162.59543564043,9159.656845905012,
sonspa,XC232963.ogg,7006.904296875,245019.48934793472,1.49610429549064,0.24486211132532043,6761.42578125,6993.728400123642,6981.345142519823,
sonspa,XC235955.ogg,26.91650390625,38.63990306854248,0.0,-2.0,21.533203125,26.37268009197709,25.83984375,
sonspa,XC237518.ogg,3739.85595703125,1259.193764283107,-0.16709084676086883,-1.6367820220855467,3703.7109375,3739.699469122374,3739.5428238124314,
sonspa,XC246812.ogg,3385.7373046875,1421.9484329223633,0.6695267131264161,-1.4540056807221944,3359.1796875,3385.542242660914,3385.348120846447,
sonspa,XC249307.ogg,3117.5489081711066,1946645.567691717,-1.7901375133247204,1.2527170338295166,0.0,0.0,0.0,
sonspa,XC253352.ogg,4107.45849609375,10606.65339231491,-1.7782463680724456,1.1812523515184088,4145.1416015625,4106.352266413287,4105.215260147927,
sonspa,XC253526.ogg,3503.060635653409,97239.7749749097,2.763783061268243,5.8261287918695555,3423.779296875,3492.1021721687566,3482.597409208535,
sonspa,XC253702.ogg,3932.8857421875,143.51963996887207,0.19201160638565623,-1.143491124260355,3919.04296875,3932.8701082362645,3932.8544798867365,
sonspa,XC277033.ogg,3311.328125,780.3745129529168,-0.5538533201020479,-0.8594891130172493,3326.8798828125,3311.2164942036534,3311.104521682013,
sonspa,XC282512.ogg,1571.923828125,4517738.826870918,0.5669672162223238,-1.67844403406314,32.2998046875,215.85389634219436,60.42089952809422,
sonspa,XC282625.ogg,7152.6123046875,38.63990306854248,0.7071067811865475,-1.5,7149.0234375,7152.610504553225,7152.608705021314,
sonspa,XC283691.ogg,5096.19140625,38.63990306854248,0.7071067811865475,-1.5,5092.6025390625,5096.188880064053,5096.186355064655,
sonspa,XC286977.ogg,8106.879714439655,2140.231872427052,-0.7841308080839917,0.334902912289595,8139.55078125,8106.75188591307,8106.623676327798,
sonspa,XC286980.ogg,8099.420720880682,886288.3744890041,-3.703643946991224,16.660297492037156,8225.68359375,8017.15453090051,7884.688543237529,
sonspa,XC287881.ogg,3557.763671875,17999.75484609604,0.6950003747639105,-1.4862733734211038,3456.0791015625,3555.55074511829,3553.3748015929045,
sonspa,XC287998.ogg,4358.3203125,91762.04180717468,3.4165529822315923,9.817753469102616,4274.3408203125,4349.76910706154,4342.327858316308,
sonspa,XC288000.ogg,4359.576416015625,7449.597675691952,2.4596925445669613,5.155411738108249,4306.640625,4358.816534827353,4358.079236144909,
sonspa,XC288002.ogg,7131.0791015625,2202.4744749069214,-0.7481395803464772,-0.9375,7159.7900390625,7130.941403399763,7130.803277436608,
sonspa,XC288255.ogg,3789.84375,347.7591276168823,-0.7071067811865475,-1.5,3800.6103515625,3789.8131048861414,3789.7824018429483,
sonspa,XC289006.ogg,4721.15478515625,38.63990306854248,0.0,-2.0,4715.771484375,4721.151715998597,4721.14864684293,
sonspa,XC289015.ogg,3921.0005326704545,853.5905859687113,1.4684420212897158,0.5296844993141363,3908.2763671875,3920.9022601641936,3920.80466587068,
sonspa,XC289225.ogg,3957.623291015625,9683.686616745863,-0.9134756437732029,-0.05151544027866528,3875.9765625,3956.4847517383196,3955.3289693403535,
sonspa,XC290096.ogg,3823.5327935987902,23212.85944600259,0.9053588093971535,-0.5453872477756008,3671.4111328125,3820.6604851666602,3817.8536354043285,
sonspa,XC290132.ogg,3324.8291015625,2844120.425283909,-1.322999756500509,0.007129492351646949,4328.173828125,1860.7357411190394,325.00837959461074,
sonspa,XC290138.ogg,5286.1253004807695,5695370.124991122,-1.0843613469574858,0.690669665363131,10.7666015625,0.0,0.0,
sonspa,XC290140.ogg,7947.2900390625,54228.34396362305,-0.9459507946438942,-1.099369723501708,8074.951171875,7944.314097060445,7941.287255203762,
sonspa,XC293818.ogg,27.9931640625,92.73576736450195,0.84375,-0.921875,21.533203125,26.824577361838035,25.83984375,
sonspa,XC294781.ogg,5679.871715198864,986091.0288528964,-0.08585859564610061,-1.8729962684022294,4651.171875,5599.500577590275,5519.273606716725,
sonspa,XC295945.ogg,6988.266938308189,249516.6030320628,1.0321337883563364,0.22579531019831967,6729.1259765625,6971.758382165343,6955.956786806904,
sonspa,XC297670.ogg,4027.47802734375,134154.1342322643,1.3859895725913642,-0.04467763582456552,3865.2099609375,4013.135378955606,3999.8911587431594,
sonspa,XC298454.ogg,7105.673699629934,3633258.8313250765,-1.2226853342042332,-0.45350837896787777,3908.2763671875,6774.96619363686,6365.129139241769,
sonspa,XC301678.ogg,3801.5891335227275,17815.805489366707,1.1570533124606204,0.05811324023249176,3649.8779296875,3799.5110321827437,3797.4844082329237,
sonspa,XC301851.ogg,3629.541015625,9552.972958638118,1.4788042714811946,3.3882918888233604,3649.8779296875,3628.304291513297,3627.096562514007,
sonspa,XC302550.ogg,3669.0185546875,356852.3848056793,0.8834005894085082,1.7962800309063667,3606.8115234375,3627.7420982087997,3587.4801728920743,
sonspa,XC306140.ogg,7126.2939453125,766.3580775260925,0.1298014258397089,-1.737218416778476,7095.1904296875,7126.246164883244,7126.19839975368,
sonspa,XC306141.ogg,3674.6012369791665,658.1993744923518,1.0314747336417496,1.5317141102740939,3660.64453125,3674.515391638139,3674.429940554211,
sonspa,XC306748.ogg,3744.085693359375,1316.5166974067688,-0.942683960381945,-0.7597009611961552,3757.5439453125,3743.930969600027,3743.7753599822963,
sonspa,XC306941.ogg,4903.1103515625,775782.9938828945,-1.1819098579600713,-0.5484949367162026,3369.9462890625,4813.644929000077,4710.942586176423,
sonspa,XC307230.ogg,4430.45654296875,1203.5193338113672,-0.21712030181127004,-1.391889831392596,4382.0068359375,4430.328119896661,4430.19955473519,
sonspa,XC307660.ogg,7376.526409646739,123278.54892717522,-0.31923699852249793,-1.7949557363374558,7676.5869140625,7368.448090053611,7360.295742368296,
sonspa,XC309650.ogg,5337.542724609375,322.91918992996216,0.02463510058539802,-1.7080867850098618,5318.701171875,5337.5162573003145,5337.489791415036,
sonspa,XC310049.ogg,5354.0771484375,66.23983383178711,-0.4592793267718459,-0.8958333333333335,5351.0009765625,5354.071843923294,5354.06653711794,
sonspa,XC31091.ogg,30.76171875,16.559958457946777,-2.041241452319315,2.166666666666667,32.2998046875,30.482038134452253,30.146484375,
sonspa,XC310927.ogg,3334.775390625,1034.4454050064087,-0.448665980345549,-0.36288468043860345,3369.9462890625,3334.6302138432584,3334.4846189232694,
sonspa,XC311716.ogg,4426.4190673828125,1604.245975613594,-0.5142041859832363,-1.6747987513007285,4457.373046875,4426.260041548788,4426.1005576468215,
sonspa,XC31272.ogg,10.7666015625,51.51987075805664,0.0,-0.5,10.7666015625,0.0,0.0,
sonspa,XC312736.ogg,4400.4638671875,781.2403931337244,-0.7449597627179715,0.18651625300837704,4403.5400390625,4400.377362769516,4400.290584462876,
sonspa,XC31274.ogg,3326.8798828125,6186255.506710573,-0.6081754891136596,-1.5930114028665432,10.7666015625,0.0,0.0,
sonspa,XC315071.ogg,4610.00545726103,1442218.4714850257,0.12066004308461677,-1.980143788621421,3531.4453125,4463.394248721715,4324.194156245815,
sonspa,XC317085.ogg,203.6865234375,1989.1664385795593,1.4461661454098587,1.243185249994843,183.0322265625,199.59179304115835,196.0839263844487,
sonspa,XC318892.ogg,2523.69140625,34.77591276168823,0.40824829046386296,-1.8333333333333333,2519.384765625,2523.685897465253,2523.680391823849,
sonspa,XC319719.ogg,6021.6705322265625,523084.95779724227,0.9757489150725162,-0.9514884897208509,5609.3994140625,5982.839512529261,5946.9094558598,
sonspa,XC320469.ogg,3886.329064002404,2439789.762043036,0.47439364264633327,-1.7746229172879853,2670.1171875,3608.457681499382,3377.7482334496012,
sonspa,XC320719.ogg,4123.6083984375,173.87956380844116,0.0,-0.75,4123.6083984375,4123.5896574676235,4123.570916369984,
sonspa,XC321340.ogg,3371.0796155427633,410.80317999187264,-0.0014219925485969068,-0.8715893866614373,3369.9462890625,3371.021889974385,3370.964162842469,
sonspa,XC321882.ogg,5596.4794921875,142163.9313697815,2.620578890401519,4.96512944513701,5437.1337890625,5586.172820667983,5576.890450047425,
sonspa,XC322688.ogg,2843.649471507353,519.9339898193583,-0.23978728606638583,-1.3011287288363247,2863.916015625,2843.563318838892,2843.4770581304656,
sonspa,XC322692.ogg,3894.638671875,2044.602870941162,0.09764568066398391,-1.5105011685458252,3843.6767578125,3894.393845426908,3894.1491982373145,
sonspa,XC322698.ogg,3721.8184037642045,32759.863273663945,-4.0706218117989605,15.425539161035811,3746.77734375,3716.973383731479,3711.376671176021,
sonspa,XC322699.ogg,7880.738243689904,503262.92078403325,-4.652805994656651,20.137895067805193,8107.2509765625,7837.4469563071925,7775.865576191109,
sonspa,XC325280.ogg,3757.2813452743903,2295899.9662864497,1.5720916122219881,1.5243743000023038,2519.384765625,3524.4096263285096,3346.4288244891286,
sonspa,XC325340.ogg,3887.5713641826924,40503.53531654065,-1.9107267541395567,1.6656529288929303,3972.8759765625,3882.430866913913,3876.943693784849,
sonspa,XC325342.ogg,4563.24462890625,343.8951373100281,1.0480877914669628,0.07650549173084187,4554.2724609375,4563.2133089231465,4563.182069657717,
sonspa,XC325378.ogg,5160.5149489182695,5803.416210871476,-0.2950351372456656,-1.2268854894001369,5178.7353515625,5159.994396926446,5159.472368686632,
sonspa,XC325702.ogg,7027.36083984375,516.4867043495178,0.1912822434559064,-1.1984129451931267,6998.291015625,7027.32777913814,7027.294731278415,
sonspa,XC325927.ogg,4052.548828125,42465.253472328186,0.3865050248469535,-1.4858867996466307,3919.04296875,4047.5773946290374,4042.6700854602586,
sonspa,XC325932.ogg,4428.662109375,1593.8960015773773,0.4853991363432107,-1.3452892561983472,4403.5400390625,4428.502585069385,4428.343498923926,
sonspa,XC327795.ogg,4897.975510817308,664866.4090495843,1.915682551123283,1.6755663671875656,4543.505859375,4845.509784981476,4802.050884405619,
sonspa,XC327922.ogg,6291.2841796875,96522.47786521912,-0.0009624871622581285,-1.997447334969657,6578.3935546875,6284.888120790794,6278.498345567865,
sonspa,XC328277.ogg,3634.326171875,235.05941033363342,0.5702544684479329,-1.0676487145805964,3628.3447265625,3634.2974694255313,3634.2688102452807,
sonspa,XC328665.ogg,5034.314385775862,1151443.0342666034,0.9975805028547345,-0.996395542623135,4403.5400390625,4936.332658026454,4851.582829906133,
sonspa,XC329532.ogg,4671.005088404605,14522.211990858379,0.7865716137113511,-0.71019880277496,4586.572265625,4669.497468972672,4668.009582121476,
sonspa,XC329584.ogg,3792.535400390625,333387.7182142301,1.571701254366457,0.7451479465515112,3456.0791015625,3757.2732730306398,3726.6660499927225,
sonspa,XC330068.ogg,2787.5710227272725,1622051.8451278862,1.023211739068455,-0.9483437536153825,2034.8876953125,2575.569036553926,2421.5245394806657,
sonspa,XC330445.ogg,3323.291015625,38.63990306854248,-0.7071067811865475,-1.5,3326.8798828125,3323.28713716371,3323.283255912162,
sonspa,XC331562.ogg,7192.08984375,115.91970920562744,0.0,-1.5,7181.3232421875,7192.08447119031,7192.079098630634,
sonspa,XC331563.ogg,4448.6769456129805,7027488.808489764,0.310820670821528,-1.902235778157642,2250.2197265625,3714.495235424025,3162.45502220824,
sonspa,XC332641.ogg,6781.7626953125,105499.81534481049,-1.8402208677519272,2.1359318872482893,6944.4580078125,6774.429791262429,6766.655753474115,
sonspa,XC333536.ogg,4794.563432173295,1693900.3361626104,-0.005024652215593854,-1.9908197442842508,3423.779296875,4622.645247604833,4456.609343270363,
sonspa,XC333640.ogg,3591.259765625,567256.3169896603,2.469883354259529,4.110607102429923,3337.646484375,3537.5403775404516,3496.8981386070104,
sonspa,XC334610.ogg,3654.7718394886365,55108.53084650905,0.07302393411282826,-1.687546223844762,3951.3427734375,3647.585780762793,3640.4269484591355,
sonspa,XC336819.ogg,4011.6357421875,212245.67556381226,-0.7212981409038747,-0.7903437094167813,3143.84765625,3985.3217488604073,3957.4028273127506,
sonspa,XC339643.ogg,8105.594576322115,80773.74506455201,-3.048253205772265,7.594951132846882,8150.3173828125,8100.651435936657,8095.339349444426,
sonspa,XC339659.ogg,958.2275390625,21734.945476055145,1.1433046838004295,-0.3878879999999998,818.26171875,949.0710159448722,940.8293222624985,
sonspa,XC348978.ogg,7143.759765625,851670.651148666,-0.9123003229475547,0.11244658748858205,8107.2509765625,7079.349759662997,7008.112444366749,
sonspa,XC349554.ogg,5554.721966911765,2594625.4870218392,0.38241153911369186,-1.6387352319431376,4134.375,5335.863091858917,5137.513286487894,
sonspa,XC349555.ogg,7455.87158203125,695.5182552337646,0.0,-1.238095238095238,7418.1884765625,7455.830769721751,7455.789957295242,
sonspa,XC355001.ogg,16.564002403846153,50.5291040127094,0.7597071784226314,-0.4446366782006925,10.7666015625,15.295407221775516,14.233812235169493,
sonspa,XC355002.ogg,13.458251953125,124.19968843460083,0.30983866769659335,-0.8800000000000003,10.7666015625,0.0,0.0,
sonspa,XC355003.ogg,3.5888671875,38.63990306854248,0.7071067811865475,-1.5,0.0,0.0,0.0,
sonspa,XC355004.ogg,38.1317138671875,150.98962122979373,-0.28372263902894757,-0.03789454136772408,43.06640625,35.76605016548809,32.70866297468355,
sonspa,XC355005.ogg,19.51446533203125,49.748875200748444,0.17793324828986282,-0.618908473937223,21.533203125,18.24098015670857,16.944159836065573,
sonspa,XC356714.ogg,4161.29150390625,38.63990306854248,0.0,-2.0,4155.908203125,4161.288021821499,4161.28453973965,
sonspa,XC357989.ogg,930.234375,150.69562196731567,0.27154541788363945,-1.044378698224852,925.927734375,930.169707927122,930.1051752228416,
sonspa,XC358837.ogg,6033.9111328125,110.39972305297852,0.2134537420613656,-0.7324999999999999,6029.296875,6033.903293217262,6033.895455405324,
sonspa,XC362469.ogg,4239.349365234375,309987.4762685622,5.178032073145911,24.90046013141201,4112.841796875,4214.15256729822,4196.367399624805,
sonspa,XC362470.ogg,5826.8463134765625,3122815.5059719626,-0.3622966333148644,-1.8673477542351489,7299.755859375,5535.064549569674,5236.082435959788,
sonspa,XC363213.ogg,5.38330078125,57.95985460281372,0.0,-2.0,0.0,0.0,0.0,
sonspa,XC363608.ogg,429.42176231971155,1349903.89654809,3.1875536586111726,9.527514126600709,10.7666015625,0.0,0.0,
sonspa,XC363609.ogg,3129.6553178267045,10735637.654201552,0.1598930915808681,-1.8164818036779422,0.0,0.0,0.0,
sonspa,XC364400.ogg,1866.537198153409,4801240.893409333,0.30774289292682216,-1.9036703197467413,21.533203125,0.0,0.0,
sonspa,XC364403.ogg,3807.7880859375,1807914.6966934204,-0.00015415267842177016,-1.9997255428425653,5038.76953125,3604.521437968119,3412.091137964938,
sonspa,XC364415.ogg,4011.9049072265625,726.5681773424149,1.2728135302455643,0.7402050308033221,3994.4091796875,4011.826092168772,4011.747692738291,
sonspa,XC366392.ogg,19.73876953125,65.68783521652222,0.2282688235636075,-0.8927335640138407,21.533203125,18.285795076614857,16.852072010869566,
sonspa,XC366393.ogg,4270.15380859375,2170.274555683136,-2.2285598761743133,4.185759363825617,4285.107421875,4269.909932046667,4269.662116087118,
sonspa,XC366394.ogg,3897.509765625,193.1995153427124,0.0,-0.6200000000000001,3897.509765625,3897.488521126395,3897.467276423979,
sonspa,XC366396.ogg,4279.72412109375,34.77591276168823,0.0,-2.0,4274.3408203125,4279.720735368647,4279.7173496462265,
sonspa,XC366597.ogg,3425.57373046875,375.86087530309504,0.03433269774180861,-0.5790898768451398,3423.779296875,3425.523446027423,3425.4731664621218,
sonspa,XC366598.ogg,3886.329064002404,2439789.762043036,0.47439364264633327,-1.7746229172879853,2670.1171875,3608.457681499382,3377.7482334496012,
sonspa,XC366606.ogg,5869.755415482955,7716.037370941856,-0.5205017489013065,-1.6412343622707217,5760.1318359375,5869.154885351124,5868.551414402327,
sonspa,XC366748.ogg,7225.46630859375,3083733.456194401,-1.3610954010068526,0.06656786389138336,3951.3427734375,6973.268573034348,6657.022956771601,
sonspa,XC367252.ogg,3048.486328125,1941323.9300251007,-0.5141224414517108,-0.22605248695853142,2874.6826171875,2589.7093445338282,1883.504269087644,
sonspa,XC368065.ogg,5006.4697265625,685431.5605370895,-0.5603205422876678,-1.307594065107813,5372.5341796875,4933.603066311086,4856.2660489611335,
sonspa,XC368073.ogg,2381.3189338235293,5063318.347650415,-0.1178979308450602,-1.9859455403856172,4435.83984375,602.5742756065368,128.51508902886053,
sonspa,XC369683.ogg,4337.40234375,102274.3034362793,0.06177250344690598,-1.5838182882893008,4672.705078125,4326.460541373245,4315.552663548984,
sonspa,XC373505.ogg,5707.0166015625,768207.6408863068,1.6519332434678797,1.79347690297136,5501.7333984375,5652.080103672224,5603.972061738757,
sonspa,XC374048.ogg,5329.4677734375,57.95985460281372,0.0,-0.5,5329.4677734375,5329.463423288344,5329.459073132105,
sonspa,XC375515.ogg,3500.4913330078125,180.0895482301712,-0.2439980251699809,-0.5969084423305584,3499.1455078125,3500.4688115685194,3500.446276737529,
sonspa,XC375516.ogg,6306.15234375,66.23983383178711,0.4592793267718459,-0.8958333333333335,6298.4619140625,6306.147843676876,6306.143345246859,
sonspa,XC375662.ogg,4360.4736328125,173.87956380844116,0.9128709291752769,-0.5,4349.70703125,4360.457708431361,4360.441810190001,
sonspa,XC375748.ogg,4002.484130859375,389.15902376174927,0.8379478234985431,-0.7270258035310091,3994.4091796875,4002.4417017680325,4002.3993815392387,
sonspa,XC375750.ogg,4033.88671875,12345.449030399323,0.6684610981322116,-1.490263175295907,3972.8759765625,4032.5418138385,4031.212636517262,
sonspa,XC376028.ogg,4439.181202855603,2468635.263771847,1.002716380051753,-0.9941472776030911,3488.37890625,4215.532526986156,4041.06431579496,
sonspa,XC379143.ogg,4558.3099365234375,2051.364853978157,0.9749067107982671,-0.8210544751400342,4521.97265625,4558.114224715697,4557.919690813991,
sonspa,XC381508.ogg,3189.990234375,364.3190860748291,0.66840882338329,-0.3449557435571422,3186.9140625,3189.9373440627664,3189.884587970297,
sonspa,XC381568.ogg,3580.6640625,33.119916915893555,-0.28867513459481287,-1.9166666666666667,3585.2783203125,3580.660097223218,3580.6561308148907,
sonspa,XC381570.ogg,4075.15869140625,127.51168012619019,0.0,-0.9421487603305785,4069.775390625,4075.1456538448792,4075.132616236979,
sonspa,XC382858.ogg,6471.010870682566,427571.33144106326,-0.39619225338398467,-1.6677684589041368,5620.166015625,6437.854127143312,6403.913065144609,
sonspa,XC382881.ogg,4277.277166193182,106625.05615841257,-2.826745416853098,6.034089688307745,4392.7734375,4264.079424071675,4248.736156732114,
sonspa,XC383481.ogg,102.28271484375,1796.7554926872253,-0.6462425902206216,-1.4432466181061394,129.19921875,92.8681360706884,82.34506736554746,
sonspa,XC383940.ogg,5806.134588068182,326.68281685222274,0.08244607271325498,-1.1675546305931348,5781.6650390625,5806.109017039263,5806.083450107912,
sonspa,XC383971.ogg,5330.185546875,75736.41800880432,-2.103548267242734,2.527969392235992,5394.0673828125,5323.04493173789,5315.365059873598,
sonspa,XC384033.ogg,3008.7757457386365,3705289.1995148226,1.3730653007387212,0.09959268805024113,1927.2216796875,2617.6530071522416,2379.3583015847726,
sonspa,XC386586.ogg,3402.24609375,0.0,0.0,-3.0,3402.24609375,3402.2460937499986,3402.24609375,
sonspa,XC388586.ogg,8556.281594669117,2126.615253441474,-0.5784791444320825,-0.30389090806867003,8559.4482421875,8556.164393249152,8556.046952110637,
sonspa,XC388772.ogg,3892.4853515625,2349.306106567383,0.6480894343531642,-1.4631166438181922,3854.443359375,3892.2051383378175,3891.926387482974,
sonspa,XC388773.ogg,3483.59375,1358.3412078710703,-0.5153362533684936,-1.18658217180834,3509.912109375,3483.4053251441774,3483.216224164868,
sonspa,XC390281.ogg,4373.03466796875,270574.16487823834,1.7813674692655002,1.1867791622670412,4123.6083984375,4347.941836314955,4325.875928553763,
sonspa,XC393303.ogg,1160.101318359375,1188.1770193576813,-1.0776051731391267,-0.7174301011302795,1173.5595703125,1159.7099089517253,1159.3111957312485,
sonspa,XC393854.ogg,4586.572265625,463.67883682250977,0.13501543121683043,-0.8125,4575.8056640625,4586.528955520856,4586.485661804024,
sonspa,XC393994.ogg,4636.81640625,1337.2766453286877,-3.556641439443843,12.884295851114869,4640.4052734375,4636.675617736049,4636.532176207734,
sonspa,XC393996.ogg,3985.1806640625,15608.067512512207,1.327481092741421,0.2045615070856992,3908.2763671875,3983.3414790745837,3981.550871931497,
sonspa,XC394309.ogg,5420.5352783203125,3400237.3402176993,0.32625984377005535,-1.875816493904509,3725.244140625,5132.529282382881,4877.008962818166,
sonspa,XC394760.ogg,3602.197265625,496.7987537384033,1.59506182394985,1.2048148148148146,3596.044921875,3602.1385154914747,3602.0801202331113,
sonspa,XC399259.ogg,2801.62353515625,948.3760824570289,0.9022418053149417,-0.37748503577387105,2788.5498046875,2801.4673529018437,2801.3121525158717,
sonspa,XC407930.ogg,5215.880126953125,1448477.4718457146,1.4964356468264217,0.24541911920021198,4575.8056640625,5106.675807372335,5018.439960165501,
sonspa,XC413798.ogg,6253.0029296875,7337943.370973363,-1.5681236573509667,0.7609213873002578,7601.220703125,3902.517762480008,406.18912274947894,
sonspa,XC413799.ogg,55.37109375,518.878698348999,-0.20017642450242978,-1.081145314622001,53.8330078125,50.56551472246148,45.18744981263384,
sonspa,XC415426.ogg,3589.193448153409,29.50683507052335,0.5669467095138886,-1.6785714285713929,3585.2783203125,3589.1897133605357,3589.185980607119,
sonspa,XC417352.ogg,3985.0975242820946,14948.246825385739,1.2340582958923714,1.826046652458281,3929.8095703125,3983.3146811425263,3981.572073378295,
sonspa,XC418071.ogg,53.8330078125,77.27980613708496,0.0,-1.0,53.8330078125,53.28640902571622,52.734375,
sonspa,XC420381.ogg,71.0595703125,391.55101776123047,-0.16753385828705497,-1.1783240997229916,75.3662109375,68.37379378780946,65.55166933438028,
sonspa,XC420819.ogg,2911.415728400735,502454.8319025951,1.697383699879527,0.8866001793597094,2583.984375,2846.3395090866347,2795.448745035234,
sonspa,XC420846.ogg,3114.6240234375,1434765.840768814,-2.0408181156087335,2.165745176493564,3552.978515625,2608.1504585332113,1669.7627271665044,
sonspa,XC421266.ogg,6484.185791015625,33145.30885219574,3.48706248516111,10.498221931305999,6416.89453125,6481.930462910116,6479.807511333919,
sonspa,XC421296.ogg,4114.3798828125,1003301.6431331635,1.1693819595203665,-0.36757659877057636,3552.978515625,4023.9549959890073,3947.57968066768,
sonspa,XC422841.ogg,3461.9517933238635,315497.3176392642,-0.1825733550219192,-0.5113266552753792,3671.4111328125,3416.531780801954,3369.353086065105,
sonspa,XC423504.ogg,3529.13818359375,56756.61762123522,0.4090313647968422,-1.0098231096000263,3456.0791015625,3521.3308678262315,3513.6509134075195,
sonspa,XC425786.ogg,3631.036376953125,1434245.582073927,0.7482482599697405,-1.075145283656086,2659.3505859375,3468.6161601763433,3329.5256382894345,
sonspa,XC425799.ogg,444.122314453125,1730411.2875383152,2.6665265819845727,5.11071462354529,21.533203125,0.0,0.0,
sonspa,XC426314.ogg,3128.354254001524,627265.0131844893,-0.5538565566115845,1.8083483380774892,2960.8154296875,3001.780685217643,2829.5230151162195,
sonspa,XC428329.ogg,3806.9905598958335,17862.863907447227,-1.4079213424713772,0.8352552287686246,3822.1435546875,3804.6536010197196,3802.23685482142,
sonspa,XC428717.ogg,4337.40234375,81872.43461608887,-1.3676726422079464,-0.08796728680925225,4500.439453125,4328.083616030709,4318.202272642292,
sonspa,XC429249.ogg,5950.8544921875,1434772.634597925,-0.9567267186061508,-0.6643601480103976,3692.9443359375,5819.654208152064,5669.015571585539,
sonspa,XC429250.ogg,7194.2431640625,1704.0197253227234,1.4366055002620486,0.16583368041094015,7170.556640625,7194.148882931208,7194.0550633606945,
sonspa,XC429251.ogg,3841.5656594669117,2921.2675894007966,-0.8383062608987901,0.3561437727790353,3875.9765625,3841.1898890541333,3840.8110786923526,
sonspa,XC433075.ogg,4133.976236979167,444939.8048565938,2.321033042766644,4.83829542536326,3822.1435546875,4091.5096135347785,4056.69613868968,
sonspa,XC433807.ogg,470.50048828125,284.64728593826294,0.3396845421266447,-1.2724145697262546,452.197265625,470.23015126830217,469.96184346760555,
sonspa,XC434169.ogg,2647.0458984375,10819691.737890244,0.3810329288098137,-1.725015750885796,43.06640625,382.5020897627361,83.24374763975489,
sonspa,XC434349.ogg,3938.6761833639707,25983.914228923182,-0.729895425815488,-0.6721498418398997,3854.443359375,3935.5069660706117,3932.2733556247113,
sonspa,XC445424.ogg,3916.351318359375,32056.839582712753,-0.11727452203289189,3.3748712836447865,3875.9765625,3912.3924090708974,3908.3817468050497,
sonspa,XC445425.ogg,4005.17578125,927.3576736450195,-1.4082017705437315,0.14453124999999867,4015.9423828125,4005.0825683045528,4004.9887569447396,
sonspa,XC446663.ogg,7788.09814453125,72059.3853867971,-1.011001649412432,0.24882872868947414,7838.0859375,7783.699336180163,7779.195495779649,
sonspa,XC448297.ogg,5346.38671875,342.2391414642334,1.1471564452032719,0.3608220603537986,5329.4677734375,5346.359351348402,5346.332050639582,
sonspa,XC448755.ogg,3941.2490844726562,10316.371120512486,2.0009452027295214,2.513768857423261,3897.509765625,3940.0611276184854,3938.91112556626,
sonspa,XC448960.ogg,5935.986328125,8870.617747306824,0.8987294006196956,-0.9412013557673355,5900.09765625,5935.2952300877705,5934.61044634689,
sonspa,XC448961.ogg,4184.619140625,83324.19097423553,-0.17221613875135253,-1.8803886855041183,4478.90625,4175.2426181908095,4165.810864325309,
sonspa,XC449270.ogg,7251.30615234375,193.1995153427124,0.0,-1.3599999999999999,7235.15625,7251.296161049699,7251.286169751783,
sonspa,XC452114.ogg,3937.2993800951085,60282.830593614235,2.0069190425948245,2.359275059677236,3800.6103515625,3930.51511689187,3924.236892492465,
sonspa,XC452115.ogg,5409.09054778343,1840187.513966893,0.4253420819584803,-0.5103357286915822,5243.3349609375,5245.236533115372,5084.421130626651,
sonspa,XC452162.ogg,3450.69580078125,5862.225294113159,-2.2167187944490205,3.014650962367136,3477.6123046875,3449.9288338633264,3449.137543869375,
sonspa,XC459059.ogg,4769.6044921875,2782.0730209350586,-0.45075623785944147,-0.2599480968858128,4791.1376953125,4769.32021280906,4769.03496298673,
sonspa,XC460826.ogg,5325.112743591994,4760811.178880735,-1.8319436233572763,1.583967401673628,6158.49609375,3562.372707238193,720.129670978304,
sonspa,XC460827.ogg,4018.095703125,5481.714248657227,0.8530646815851214,-1.1198043275481941,3983.642578125,4017.4877637424306,4016.885857114636,
sonspa,XC461612.ogg,5414.467259457237,4184.633713019521,0.4797959658357139,-1.3462450817036835,5340.234375,5414.102500541691,5413.739095848834,
sonspa,XC462123.ogg,3028.4912109375,9444.082975387573,-0.4357630136145192,-1.5919154478998518,3090.0146484375,3026.973233721454,3025.441632494795,
sonspa,XC462899.ogg,3268.560791015625,410.10988029566676,2.0905760327086096,3.9748634731692105,3262.2802734375,3268.503752414046,3268.447178383567,
sonspa,XC464086.ogg,25.1220703125,38.63990306854248,0.7071067811865475,-1.5,21.533203125,24.64936430498142,24.224853515625,
sonspa,XC464836.ogg,4150.231267755682,68044.24482042142,-4.876385813332115,22.042124470297185,4209.7412109375,4140.038433215616,4127.079382784339,
sonspa,XC464859.ogg,4170.9814453125,846.2138772010803,-0.8978957037987335,-0.4947457309063612,4123.6083984375,4170.899986599548,4170.818221655271,
sonspa,XC466633.ogg,7004.7509765625,498.454749584198,0.9704949588309457,-0.5173066522444567,6987.5244140625,7004.722565024261,7004.694205759801,
sonspa,XC466716.ogg,3886.2537730823865,535399.7659954157,1.084749842927244,-0.5853386296275778,3380.712890625,3827.5158556829015,3775.885410766228,
sonspa,XC466717.ogg,4656.55517578125,924458.8869442679,2.755975015194207,5.63584419524269,4295.8740234375,4584.229087785193,4531.290903893038,
sonspa,XC467022.ogg,3721.6552734375,38.63990306854248,-0.7071067811865475,-1.5,3725.244140625,3721.6518103924254,3721.6483451224663,
sonspa,XC469658.ogg,5542.646484375,175.16756057739258,1.90666074070201,2.780276816608997,5534.033203125,5542.632303515773,5542.618163296962,
sonspa,XC469877.ogg,5868.734077785326,160389.8085577215,-4.42964008101001,17.778589058726865,5932.3974609375,5852.300795355089,5831.584413377798,
sonspa,XC473371.ogg,5787.04833984375,18740.352988243103,0.0,-1.991769582314805,5663.232421875,5785.833837802646,5784.619586447238,
sonspa,XC473423.ogg,3718.7841796875,20320.72502374649,1.4733269630877615,0.2145400485322364,3639.111328125,3716.6687288782573,3714.6226980178317,
sonspa,XC473424.ogg,4169.0673828125,869200.831301072,-0.296811227395509,-1.422952845776477,4877.2705078125,4063.2611477553337,3952.1710855709903,
sonspa,XC473434.ogg,4738.709026834239,8128.12506445783,2.1684860099172387,3.952809751019686,4726.5380859375,4737.909872359184,4737.131321882996,
sonspa,XC477042.ogg,3556.5673828125,56163.099110126495,2.4699496212507563,4.111077297140137,3477.6123046875,3550.194414919124,3544.415666818626,
sonspa,XC477785.ogg,2967.9931640625,2084174.5476722717,-1.7877331796781604,1.197969777244806,3563.7451171875,1518.5948869159504,125.40353536071753,
sonspa,XC478217.ogg,5817.879971590909,375029.7661152753,-0.5564588542931617,-1.6740217848297028,5049.5361328125,5787.355426139042,5755.802090477886,
sonspa,XC479950.ogg,4611.58878102022,30713.247231302415,-0.7494557350044343,-0.6348505482552116,4661.9384765625,4608.2918900230225,4604.930517281871,
sonspa,XC480032.ogg,3246.9677734375,239.6844896403226,1.836947062603259,4.3373751762740245,3240.7470703125,3246.931890328015,3246.8962109941876,
sonspa,XC480068.ogg,5652.4658203125,36698.816173216874,3.4729197815190043,11.118943486836464,5598.6328125,5649.613160388221,5646.957712667271,
sonspa,XC480080.ogg,3865.56884765625,36802.37581606569,-1.3158681940706414,0.3108388623500318,3929.8095703125,3860.7536040741343,3855.719510070258,
sonspa,XC480223.ogg,3782.666015625,30.911922454833984,0.7071067811865475,-1.5,3779.0771484375,3782.6626127783134,3782.6592120853074,
sonspa,XC480224.ogg,400.517578125,1129233.1352233887,2.6630299896490626,5.099744210330499,43.06640625,88.28150497734899,59.89467543661439,
sonspa,XC481115.ogg,4974.169921875,3957382.952570915,0.22329883198587044,-1.9496482774778634,3283.8134765625,4627.670423094791,4321.8408243954145,
sonspa,XC481865.ogg,3973.95263671875,320.7111954689026,-0.012216371094447767,-1.6500701601587073,3962.109375,3973.916318675346,3973.8799994667957,
sonspa,XC482521.ogg,3655.6201171875,2200.266480445862,0.3438196129596618,-0.11894528491466216,3628.3447265625,3655.339983822462,3655.0605886756575,
sonspa,XC482639.ogg,3271.8505859375,7791845.933496952,0.11051951606924504,-1.1865848688273473,3736.0107421875,1013.6685095510842,135.61544282072362,
sonspa,XC483220.ogg,5711.68212890625,38.63990306854248,0.0,-2.0,5706.298828125,5711.679592006173,5711.67705510721,
sonspa,XC483621.ogg,3852.587048760776,9705.27772245736,2.2520142092675286,12.95798475231956,3865.2099609375,3851.3907074521403,3850.2315052983454,
sonspa,XC483881.ogg,4634.423828125,467786.78887030657,1.4318071234570093,3.2626044524295565,3908.2763671875,4591.148067728891,4551.3467307049095,
sonspa,XC483884.ogg,7010.13427734375,372.23106622695923,0.33217993079584773,-1.314950730953892,6998.291015625,7010.110396516831,7010.0865294759005,
sonspa,XC483978.ogg,4679.47265625,1019234.8558692371,0.4200549089684816,-1.1880883068359487,3671.4111328125,4577.359531123594,4480.919073498395,
sonspa,XC484162.ogg,3897.509765625,115.91970920562744,0.0,-1.5,3886.7431640625,3897.499851602026,3897.489937579053,
sonspa,XC484165.ogg,3197.6806640625,46.36788368225098,0.0,0.0,3197.6806640625,3197.67462217001,3197.6685802432685,
sonspa,XC484797.ogg,6749.58251953125,40660.76999902725,0.8672745693975868,-1.2337799451269482,6610.693359375,6746.914718546906,6744.2907615929225,
sonspa,XC486572.ogg,5152.716064453125,3149168.785498901,0.7070083132505797,-1.4999170458979967,3940.576171875,4904.353636909733,4698.383805942002,
sonspa,XC488152.ogg,2743.0908203125,1835125.6740794461,-0.9692499331734411,0.502915394808992,3391.4794921875,1725.6770946095362,404.3587044411032,
sonspa,XC488248.ogg,3593.8916015625,312.9832148551941,0.34776706224699444,-1.4218106995884772,3585.2783203125,3593.8568017386087,3593.8220374213984,
sonspa,XC488441.ogg,4588.7255859375,548539.1974815956,-0.5097976431739166,-1.717959978336636,3703.7109375,4526.628984013175,4461.7894748942645,
sonspa,XC488445.ogg,4460.309392755682,1114.9368394504895,1.0199493720575097,-0.7579393298337478,4435.83984375,4460.196317173792,4460.083788794243,
sonspa,XC488447.ogg,3741.7529296875,411.79096698760986,0.7746558966091652,-0.6090498745768316,3736.0107421875,3741.701709282051,3741.650626595459,
sonspa,XC490351.ogg,4062.59765625,38.63990306854248,0.7071067811865475,-1.5,4059.0087890625,4062.5944877372785,4062.591321091681,
sonspa,XC490353.ogg,4112.841796875,4086465.544618409,-0.9438817231342376,0.33677255639421677,118.4326171875,2588.0817717507325,610.3135911136247,
sonspa,XC490927.ogg,4923.92578125,38.63990306854248,0.7071067811865475,-1.5,4920.3369140625,4923.923166727239,4923.920553475509,
sonspa,XC493108.ogg,8366.995239257812,3955.7600766420364,0.4147746527133341,-1.6296973565419404,8301.0498046875,8366.788795114528,8366.58275445389,
sonspa,XC493448.ogg,3546.826171875,1039240.792001166,3.03181321205417,7.805655149497042,3143.84765625,3452.115601903728,3389.1976768106574,
sonspa,XC497164.ogg,8597.414679276315,1576.101309374759,0.019130352682207287,-0.9449481789802268,8570.21484375,8597.327845819531,8597.241016366444,
sonspa,XC497165.ogg,66.7529296875,81.14379644393921,-0.3436215967445456,-1.153061224489796,64.599609375,66.24793698389634,65.72634674781976,
sonspa,XC497428.ogg,3815.68359375,21026.415824890137,-0.030926388842350435,-1.2544793858323724,3628.3447265625,3812.9789574322176,3810.2712930757034,
sonspa,XC500668.ogg,3456.0791015625,115.91970920562744,0.0,-1.5,3445.3125,3456.0679212547248,3456.0567409469404,
sonspa,XC500924.ogg,3973.47412109375,2571923.8469355246,-1.1609624388487254,-0.37648617150154706,1130.4931640625,3462.962920570126,2773.5613541461926,
sonspa,XC507777.ogg,403.448486328125,95514.43639397621,0.387782517324602,-0.8246205600280292,43.06640625,243.17898256745931,118.49081707036514,
sonspa,XC508468.ogg,924.7314453125,4910.487681627274,0.46932543394395143,-0.816121902714324,861.328125,922.41473712611,920.143998754235,
sonspa,XC509731.ogg,1652.5353064903845,591.0184364087186,-0.45544565733797887,-0.011707817205915294,1658.056640625,1652.3602554317815,1652.1843803720885,
sonspa,XC511528.ogg,3296.5376420454545,2878.857658525403,6.25033174301,46.19835920349066,3283.8134765625,3296.133209499003,3295.7531458811773,
sonspa,XC523645.ogg,5809.119873046875,56928.474242749966,0.8340118636782035,-0.4067368321035336,5577.099609375,5804.561131248759,5800.09844380705,
sonspa,XC523646.ogg,3690.5517578125,631.1184167861938,0.03272688090768642,-1.5869169096209914,3660.64453125,3690.475762924474,3690.3997789535088,
sonspa,XC524542.ogg,5745.7763671875,38.63990306854248,-0.7071067811865475,-1.5,5749.365234375,5745.774124612214,5745.771881103516,
sonspa,XC524557.ogg,4290.49072265625,7914.154692129655,-2.7227129423569534,6.0321276026106325,4328.173828125,4289.613329811262,4288.702781722939,
sonspa,XC524559.ogg,4172.630797041224,901496.5334134889,-1.2832231110311705,0.09875554401287268,2314.8193359375,4036.125791335068,3866.381055689242,
sonspa,XC531197.ogg,4612.412109375,1747685.0237846375,1.0524338302803604,-0.8864536821201714,3822.1435546875,4461.663821094134,4338.458853686347,
sonspa,XC531548.ogg,3235.9619140625,959.5575928688049,-2.332061873074839,3.7241227872618348,3240.7470703125,3235.828239960571,3235.6926591088054,
sonspa,XC533413.ogg,6691.44287109375,38.63990306854248,0.0,-2.0,6686.0595703125,6691.44070564659,6691.438540200121,
sonspa,XC539872.ogg,7202.8564453125,0.0,0.0,-3.0,7202.8564453125,7202.856445312499,7202.8564453125,
sonspa,XC541150.ogg,6450.390625,1182191.0543739796,-1.3357755603107109,-0.2148529604772227,4532.7392578125,6354.38105751152,6243.571933319554,
sonspa,XC543840.ogg,5680.850497159091,506900.0273075971,0.24307584907052854,-1.255782334859293,4834.2041015625,5640.727454275921,5601.257376920399,
sonspa,XC54422.ogg,5236.1572265625,1650464.8196697235,-0.8031912242447181,-0.37333621748705603,5652.4658203125,5068.211809031829,4872.506793220094,
sonspa,XC544296.ogg,7434.33837890625,38.63990306854248,0.0,-2.0,7428.955078125,7434.336429847064,7434.334480788378,
sonspa,XC544318.ogg,5586.209810697115,3602453.1506345817,-0.22519155387017054,-1.887169547473675,3434.5458984375,5261.96800298443,4938.061177562373,
sonspa,XC544320.ogg,5617.229669744318,2710483.1161607397,-0.034575675993379504,-1.7073217729033265,3445.3125,5388.431522839487,5160.176690850305,
sonspa,XC545781.ogg,4263.57421875,77.27980613708496,0.0,-1.0,4263.57421875,4263.567421636802,4263.560624512764,
sonspa,XC548220.ogg,5745.7763671875,1814309.6006512642,-0.48833526828316776,-0.5617093889786018,3369.9462890625,5574.656098430809,5382.849350723799,
sonspa,XC548591.ogg,6435.736083984375,667903.4350341872,-0.0010316109699391599,-1.9962483781988924,5630.9326171875,6386.244380636795,6337.126065908886,
sonspa,XC549591.ogg,3425.21484375,265709.8250306886,2.067970165144877,2.4726031189334137,3273.046875,3393.7742286542857,3367.5849818845963,
sonspa,XC549598.ogg,3711.785888671875,106.25973343849182,0.49338220021815865,-1.371900826446281,3703.7109375,3711.775161758145,3711.7644433291216,
sonspa,XC551290.ogg,2648.583984375,5476232.534408569,0.015118898796401305,-1.5,43.06640625,841.9648104504998,126.10255513445338,
sonspa,XC554248.ogg,4976.654522235577,1587.2083260462834,-1.812777037659916,1.4772703362370478,4995.703125,4976.50593764013,4976.35595847872,
sonspa,XC555054.ogg,4380.740176930147,247921.5733619297,-0.6133154037709458,-1.6190824011229459,4726.5380859375,4352.749135462993,4323.6087632581675,
sonspa,XC555062.ogg,4962.48046875,333053.4948601442,3.563089667155843,11.312444820198683,4823.4375,4936.570936392889,4915.922933798996,
sonspa,XC555063.ogg,3276.6357421875,313938.67427652533,2.791553153206443,6.261522751536399,3025.4150390625,3242.4361240517583,3215.833850267982,
sonspa,XC555832.ogg,5645.80078125,1246316.273510456,0.09559204683067193,-1.9900534727638288,4608.10546875,5540.991437727512,5439.363872812478,
sonspa,XC555834.ogg,5612.98828125,766853.0362844467,-1.9225013700801092,2.947904195154365,6093.896484375,5530.710445604995,5423.740845553208,
sonspa,XC555836.ogg,4108.131408691406,1505781.0836210847,0.9639016747212494,-0.532971724711186,3746.77734375,3957.754937360819,3830.0537224431255,
sonspa,XC555837.ogg,4715.771484375,2193664.5770072937,0.4327275096282408,-1.6795226010010877,3789.84375,4523.013564210036,4349.411654004747,
sonspa,XC556402.ogg,3675.5521334134614,454.7619361143846,-0.08996010928633671,-0.7045367166474454,3682.177734375,3675.495008351232,3675.437862791634,
sonspa,XC556403.ogg,3746.77734375,77.27980613708496,0.0,-1.0,3746.77734375,3746.769609098491,3746.761874431014,
sonspa,XC556404.ogg,3702.1728515625,441.59889221191406,-0.22234764798058917,-1.3526562499999997,3725.244140625,3702.121690498795,3702.0704894029045,
sonspa,XC556405.ogg,5235.994096235795,1407711.1340923745,-0.747113086773369,-1.3968738700801837,5813.96484375,5089.06002310602,4927.776337033437,
sonspa,XC556904.ogg,3830.218505859375,160152.73824334145,-1.1541417193289252,-0.6670916828780311,4026.708984375,3813.314046738856,3795.201681786051,
sonspa,XC557836.ogg,43.06640625,77.27980613708496,0.0,-1.0,43.06640625,42.37712133926049,41.67716733870968,
sonspa,XC558357.ogg,4383.544921875,77092.97583653376,0.500126470985455,-1.5082096472562752,4091.30859375,4375.531252375149,4367.683805268505,
sonspa,XC559479.ogg,6090.3076171875,176900.50168470902,0.1721893233837311,-1.3359446299589735,6255.3955078125,6077.062579151588,6063.909895711593,
sonspa,XC559521.ogg,4151.22707201087,1325782.4196174683,1.7199027975373768,0.9593699308703982,3628.3447265625,4032.4591931322398,3942.9115181374405,
sonspa,XC559523.ogg,5832.806396484375,3646.8950619823054,-0.3067367750004573,-0.8084614670132195,5824.7314453125,5832.50876966199,5832.210508984727,
sonspa,XC560024.ogg,7317.520751953125,71141.45079882522,0.8391229623230865,-0.9826523292822973,7181.3232421875,7312.99029395302,7308.548719153475,
sonspa,XC561356.ogg,4825.665072737069,29761.38603070686,-2.1683104038983863,3.5334401062522964,4844.970703125,4822.524570461656,4819.212337216923,
sonspa,XC562168.ogg,4026.708984375,695.5182552337646,0.8819171036881969,-0.9907407407407405,4015.9423828125,4026.6352207142245,4026.5617195810564,
sonspa,XC564939.ogg,6778.9215087890625,1355.8465987443924,0.43344444710578,-1.6346786317813644,6750.6591796875,6778.834132269228,6778.746884526244,
sonspa,XC565240.ogg,3305.3466796875,213.2922649383545,0.39224838863797157,1.6937618147448,3305.3466796875,3305.3156898390444,3305.284733296579,
sonspa,XC565242.ogg,3999.0778830199115,2840483.9342859993,1.3665628725682557,0.029089735807380723,3014.6484375,3731.501274400117,3542.7360204383313,
sonspa,XC565508.ogg,4105.1513671875,143.51963996887207,0.19201160638565623,-1.143491124260355,4091.30859375,4105.136389067814,4105.121416091276,
sonspa,XC565794.ogg,4053.919122869318,767950.2757137471,4.945958275069781,22.489569731117907,3886.7431640625,3997.7934229097323,3963.549556466717,
sonspa,XC566606.ogg,6399.9755859375,36045.509576797485,-0.26226305956584556,-1.8934281640396895,6201.5625,6397.549665290775,6395.112882262319,
sonspa,XC569602.ogg,6858.3251953125,154513.24439048767,3.4437482097052916,10.311404124448302,6729.1259765625,6848.9312156953465,6840.571845107217,
sonspa,XC569603.ogg,6821.71875,266.6153311729431,0.7500308204401289,-0.6361058601134211,6815.2587890625,6821.703133345662,6821.687533364881,
sonspa,XC569830.ogg,4096.69189453125,141480.0050854683,-0.45722124859282964,-1.387890427231494,4123.6083984375,4080.668373508836,4064.2183967878273,
sonspa,XC569831.ogg,3653.466796875,77.27980613708496,-0.6260990336999411,-0.9600000000000004,3660.64453125,3653.4579752371437,3653.449145495691,
sonspa,XC570224.ogg,5488.8134765625,81.14379644393921,0.3436215967445456,-1.153061224489796,5480.2001953125,5488.807565148055,5488.801655717684,
sonspa,XC570565.ogg,3701.388729319853,295286.04833238263,2.367676352061285,3.625876559502757,3488.37890625,3669.3117275809986,3643.1842522727843,
sonspa,XC570789.ogg,3892.12646484375,748.2090321454135,-0.20845177651091104,-1.5080341202142429,3908.2763671875,3892.038272047181,3891.9499968975783,
sonspa,XC572852.ogg,4021.6845703125,524401.9964933395,-1.041473022820757,-0.8950090373747956,2863.916015625,3951.6125468271407,3872.954978272927,
sonspa,XC572964.ogg,3768.310546875,588458.1238031387,3.2797015999896098,9.178717770213648,3509.912109375,3716.1876592975996,3678.8653033292303,
sonspa,XC573145.ogg,5199.903585143008,1031649.3013485493,-0.22106901970805962,-1.9012615306359324,6223.095703125,5098.399073833521,4995.754834004018,
sonspa,XC574080.ogg,3692.9443359375,77.27980613708496,0.0,-1.2500000000000002,3692.9443359375,3692.9353674791487,3692.926399009914,
sonspa,XC574498.ogg,4283.492431640625,116496.65535152968,1.252557456709343,-0.2593238018099857,4091.30859375,4270.918722211655,4259.134331584301,
sonspa,XC574499.ogg,4188.880920410156,50656.429924070835,1.9552719673609924,2.269882153121652,4080.5419921875,4183.56346478618,4178.579251356058,
sonspa,XC575025.ogg,5002.701416015625,532611.7121091015,-0.6185278557413085,-0.9943365435125986,5598.6328125,4948.201726710192,4889.898350893034,
sonspa,XC575028.ogg,4327.521306818182,20162.34533014623,0.7488213465125586,-1.0481852572662884,4274.3408203125,4325.297127116256,4323.108347438558,
sonspa,XC575029.ogg,4254.9609375,72.1278190612793,-0.3436215967445456,-1.153061224489796,4252.8076171875,4254.95330601363,4254.945671208822,
sonspa,XC575030.ogg,4505.607421875,488071.43483161926,2.4751554554360418,5.292921142991405,4048.2421875,4463.234361499609,4428.584957380058,
sonspa,XC575033.ogg,4602.72216796875,2202.4744749069214,-1.1153956691074054,-0.6999076638965831,4629.638671875,4602.541533629575,4602.359709756312,
sonspa,XC575035.ogg,4123.6083984375,8925.817608833313,-1.3009593144857807,1.0393932366334955,4102.0751953125,4122.627520165076,4121.627413414414,
sonspa,XC575041.ogg,4457.373046875,405.71898221969604,0.7683612488578245,-0.5,4457.373046875,4457.336712865638,4457.300453645074,
sonspa,XC575046.ogg,4640.4052734375,77.27980613708496,0.0,-1.0,4640.4052734375,4640.39902829638,4640.392783146847,
sonspa,XC575671.ogg,5686.1114501953125,693.5862600803375,0.02028791485452853,-0.6493276743662757,5695.5322265625,5686.054274939075,5685.997102178127,
sonspa,XC576141.ogg,3168.072509765625,956.3376009464264,-1.0659491980021947,-0.7450260177532901,3186.9140625,3167.9586223043298,3167.844048647824,
sonspa,XC576142.ogg,3085.1207386363635,124.35023351149125,-0.12638397296566692,-1.0119218615340475,3090.0146484375,3085.102412045384,3085.0840800281467,
sonspa,XC576143.ogg,3961.810302734375,3050.2523481845856,0.11672919501367675,0.8420190465074717,3983.642578125,3961.4363217715068,3961.062576827643,
sonspa,XC576181.ogg,6112.401580810547,13650.363740781622,-3.0222014738069456,8.437251968937591,6147.7294921875,6111.276646513835,6110.106594741238,
sonspa,XC576204.ogg,3680.38330078125,993.0455088615417,0.7029086253128515,0.03969780011809432,3671.4111328125,3680.2712784002797,3680.1596573290394,
sonspa,XC576206.ogg,3019.647216796875,304.67256903648376,0.3837552800307639,0.46613455503044543,3025.4150390625,3019.598638491251,3019.5501277952303,
sonspa,XC576243.ogg,6987.5244140625,402782.3495864868,-0.28769892090336746,-1.9151453524071318,6298.4619140625,6962.36837454658,6936.890396765454,
sonspa,XC578119.ogg,8023.271484375,81.14379644393921,-0.3436215967445456,-1.153061224489796,8021.1181640625,8023.26743801967,8023.263390732311,
sonspa,XC578294.ogg,4021.923828125,230410.49964287702,-0.2520129796259441,-1.4381887759788132,3897.509765625,3994.1360560299768,3965.789261411846,
sonspa,XC580552.ogg,3642.489085477941,1553140.9047561535,1.8860634285464035,3.70569248256899,3369.9462890625,3478.9613743016444,3344.877932293465,
sonspa,XC582148.ogg,3943.109489889706,86744.59357033757,-1.1078196493683068,0.3223402493023251,4048.2421875,3932.1187484498146,3920.4641655730616,
sonspa,XC582152.ogg,4446.86904535061,555252.4384194759,1.2020827930508242,0.3420790577772763,3682.177734375,4392.125935517567,4343.1560065854355,
sonspa,XC582154.ogg,11.255992542613637,10.417027159544366,1.255453346459117,7.611681990265007,10.7666015625,0.0,0.0,
sonspa,XC582243.ogg,4616.338752297794,1414593.2137264924,0.673229795328153,-1.3072608619597361,3983.642578125,4479.847251400904,4358.7105961269435,
sonspa,XC582701.ogg,3919.04296875,225997.06506729126,0.7067803712047964,-1.5000000000000002,3606.8115234375,3896.1353433262266,3874.4754286867396,
sonspa,XC582723.ogg,4248.7237338362065,58807.83868247063,-0.9075490676776797,-0.9868956493076522,4328.173828125,4241.798011808461,4234.6342615342965,
sonspa,XC582731.ogg,9216.844267003677,6237.503176226335,0.17612140735239595,-1.5165250490335551,9108.544921875,9216.526096268597,9216.208236737939,
sonspa,XC583977.ogg,9240.435791015625,10255.030274391174,-0.37794809707102245,-1.025207717062982,9076.2451171875,9239.914138218714,9239.391066547314,
sonspa,XC583978.ogg,9240.435791015625,10255.030274391174,-0.37794809707102245,-1.025207717062982,9076.2451171875,9239.914138218714,9239.391066547314,
sonspa,XC585148.ogg,4636.81640625,438902.9309749603,-0.6848554121803232,-1.497542630165513,3779.0771484375,4594.644552385299,4550.150168290778,
sonspa,XC585149.ogg,3713.87939453125,1347634.4287570785,2.189337333827068,3.28438918152609,3229.98046875,3590.181012163991,3501.6579827044197,
sonspa,XC587178.ogg,6135.6708984375,2707916.478163004,-1.214974223897998,-0.5194888787047209,7019.82421875,5856.327810126729,5513.019959621619,
sonspa,XC589294.ogg,3457.87353515625,1178.5170435905457,0.0780986580572358,-1.804611663531309,3423.779296875,3457.7315892329602,3457.5897138798236,
sonspa,XC591818.ogg,6482.0068359375,1060949.0665197372,-2.7501122060507286,5.580591093478631,6804.4921875,6369.6936648597075,6210.0207343047105,
sonspa,XC591827.ogg,4508.1298828125,298.079252243042,0.2352167763365142,-1.5133744855967075,4489.6728515625,4508.101561087641,4508.073255123227,
sonspa,XC598439.ogg,4905.38330078125,2211.1873942262987,2.0142513012946677,2.8625310601651535,4888.037109375,4905.173052605804,4904.965388677848,
sonspa,XC599851.ogg,5338.43994140625,205869.89083073355,-1.1386151883550606,-0.6454158427055838,5534.033203125,5319.551943002539,5299.463200171327,
sonspa,XC599855.ogg,5521.728515625,171.1195707321167,0.8849041107110048,-0.7736732570239329,5512.5,5521.71525123317,5521.702003980309,
sonspa,XC599856.ogg,4734.964121942935,2168456.8511520918,0.06190008438846147,-1.9667260361463135,3283.8134765625,4513.14642890662,4303.56613376772,
sonspa,XC600176.ogg,4118.22509765625,38.63990306854248,0.0,-2.0,4112.841796875,4118.221579157511,4118.218060661765,
sonspa,XC60067.ogg,3692.9443359375,115.91970920562744,0.0,-1.5,3682.177734375,3692.933872738216,3692.9234095389234,
sonspa,XC602561.ogg,4327.40478515625,1684.6573123565088,-0.33212969909900714,-0.87832762175664,4295.8740234375,4327.223660772118,4327.042161094482,
sonspa,XC602562.ogg,4502.924053485577,60.932154838855446,-0.3474552893575279,-0.9229625223081115,4500.439453125,4502.917805668879,4502.911555432706,
sonspa,XC602563.ogg,5221.465301513672,11423.583520396101,-0.6694478215081632,-0.7860280522470466,5243.3349609375,5220.395674940213,5219.316202843011,
sonspa,XC602564.ogg,3537.725830078125,93.96521882577376,0.13190983869221204,-0.7300200890907504,3531.4453125,3537.713659061881,3537.7014907896023,
sonspa,XC602565.ogg,4072.467041015625,190.43952226638794,-0.4895555808296538,-0.6767485822306236,4080.5419921875,4072.4465609852164,4072.426059620174,
sonspa,XC607834.ogg,5520.8740234375,1005654.9972295761,-1.3359462746251054,-0.2145879000516402,6018.5302734375,5423.992933756294,5310.920046452069,
sonspa,XC608838.ogg,4730.126953125,38.63990306854248,0.7071067811865475,-1.5,4726.5380859375,4730.1242315362715,4730.121511324867,
sonspa,XC611076.ogg,3838.4389516469596,14023.848063236956,0.6060848532928269,0.1671091173670467,3811.376953125,3836.681270037875,3834.942785645168,
sonspa,XC611830.ogg,2673.3939792798915,2548183.244030937,-1.0861021504583606,-0.8156604566486365,3563.7451171875,1156.915859086719,170.6808767668386,
sonspa,XC613797.ogg,4414.306640625,1327048.830986023,1.3276385726013253,-0.22272090092773889,3875.9765625,4302.877225947887,4212.721654779028,
sonspa,XC613893.ogg,3908.2763671875,5517.778158187866,0.4202916279021766,-1.3999011369253584,3822.1435546875,3907.6908724562268,3907.108219072156,
sonspa,XC617990.ogg,58.447265625,899.20574426651,1.1095431014479558,2.5919385855132617,53.8330078125,0.0,0.0,
sonspa,XC618132.ogg,3850.010052849265,204483.19356071757,-1.6774896987976065,1.017708651094229,4080.5419921875,3820.1391205498808,3785.7978885909733,
sonspa,XC618133.ogg,4050.3955078125,892.5817608833313,1.2621071358631282,-0.05675493337831039,4037.4755859375,4050.307844866277,4050.2206657499505,
sonspa,XC618134.ogg,4080.5419921875,77.27980613708496,0.0,-1.0,4080.5419921875,4080.534890189037,4080.527788178212,
sonspa,XC618135.ogg,4088.07861328125,2113.6026978492737,0.3985817811092424,-1.5880337824062778,4048.2421875,4087.846603583534,4087.615255777657,
sonspa,XC618136.ogg,3180.4541015625,597.630500793457,-0.5834995755649603,-0.600921521997622,3176.1474609375,3180.3692991203848,3180.2842527155976,
sonspa,XC618137.ogg,3609.8876953125,520313.89474868774,-0.28852520947304394,-1.9163483936585064,2842.3828125,3545.228505251498,3479.374700141285,
sonspa,XC62782.ogg,3713.580322265625,536.567744883624,0.9700091017200546,0.6603486008019908,3703.7109375,3713.5143506622057,3713.4486297844146,
sonspa,XC71568.ogg,1825.7671649639424,3469747.435291914,0.002605370626088095,-1.9964567617096076,0.0,0.0,0.0,
sonspa,XC71569.ogg,3104.696377840909,8968969.247492876,-0.14253770004522476,-1.9380840993733512,0.0,0.0,0.0,
sonspa,XC78059.ogg,3370.5796185661766,93.75858832808103,0.41739100576130017,-0.6021487603305977,3369.9462890625,3370.5665383838264,3370.553468262369,
sonspa,XC78060.ogg,2984.501953125,197.06350564956665,0.3631734744194305,-1.3719723183391002,2971.58203125,2984.4755681879847,2984.4492100944017,
sonspa,XC80524.ogg,3649.8779296875,3786.710500717163,0.2429771612202175,-1.8010204081632653,3585.2783203125,3649.434377874864,3648.991982639414,
