primary_label,filename,mean,variance,skewness,kurtosis,mode,gmean,hmean
soulap1,XC113781.ogg,2534.765625,86203.5006743211,2.0233622628781593,2.1697993000625635,2433.251953125,2520.9729584101524,2508.984893499911,
soulap1,XC114069.ogg,,
soulap1,XC116245.ogg,3632.0716271033652,668921.102139583,0.6612253487842638,-0.11511288884811766,2659.3505859375,3547.8267508321437,3467.8386100908174,
soulap1,XC118896.ogg,,
soulap1,XC123935.ogg,2527.998046875,731.9501638412476,-0.21360520985047357,-1.558291189779079,2497.8515625,2527.8627236290536,2527.7272023003547,
soulap1,XC128035.ogg,4556.2164306640625,954826.0286544169,-0.14893785191861525,-0.6747365679654433,4177.44140625,4444.2435743834385,4322.609971790336,
soulap1,XC130484.ogg,,
soulap1,XC130858.ogg,2500.927734375,414480.58024048805,-3.6535430994910243,11.367540346856517,2659.3505859375,0.0,0.0,
soulap1,XC131138.ogg,2052.1142578125,1514489.7805640572,-1.0413023709978422,-0.7230630504960782,2605.517578125,0.0,0.0,
soulap1,XC131341.ogg,1245.234375,2173835.0982806263,0.7434409742343895,-0.3877043538035836,10.7666015625,0.0,0.0,
soulap1,XC131751.ogg,4279.72412109375,4343817.110440948,-1.4659962984459816,0.6685177530454984,0.0,0.0,0.0,
soulap1,XC131754.ogg,,
soulap1,XC134178.ogg,26.91650390625,66.23983383178711,-1.0606601717798212,-0.24999999999999956,32.2998046875,25.44116089950999,23.49076704545455,
soulap1,XC144740.ogg,3915.0054931640625,814449.8068839312,-1.121118282504781,-0.694896005533836,4468.1396484375,3804.0487818775237,3674.295598318883,
soulap1,XC144878.ogg,2583.984375,77.27980613708496,0.0,-1.2500000000000002,2583.984375,2583.9715575377154,2583.958740043639,
soulap1,XC146730.ogg,29.608154296875,57.95985460281372,0.32396954829362334,-0.7755102040816326,32.2998046875,28.759611571408122,27.934966216216214,
soulap1,XC147195.ogg,,
soulap1,XC148064.ogg,3214.780560661765,673552.3226901012,-2.919106462007038,8.903404591454544,3294.580078125,2891.707501742879,1857.0650327334629,
soulap1,XC154203.ogg,,
soulap1,XC157884.ogg,77.51953125,81.14379644393921,-0.3436215967445456,-1.153061224489796,75.3662109375,77.0875250178003,76.64360434322035,
soulap1,XC16002.ogg,,
soulap1,XC16003.ogg,2836.3265991210938,431236.29120737314,0.7708374575906689,0.32892869780517664,2185.6201171875,2769.5647119690925,2707.450149528263,
soulap1,XC163737.ogg,3836.7861328125,298434.1321527958,0.09193081465964024,-1.5676247759074573,3359.1796875,3799.421930735352,3762.3957391940203,
soulap1,XC170034.ogg,2831.97509765625,228733.43640976938,1.7180389178726763,1.0943270376007126,2659.3505859375,2798.8412777248714,2771.0242672286267,
soulap1,XC171689.ogg,1849.9554802389705,493067.8925093483,0.3585970525027409,-1.8693376045802443,1291.9921875,1730.9838951228728,1628.3060457598278,
soulap1,XC17218.ogg,3304.449462890625,75821.14979624748,-1.7751529112176136,4.280422072661202,3326.8798828125,3292.667714306778,3279.392733363375,
soulap1,XC1882.ogg,2638.6673776726975,379191.4245842361,5.898194824017,32.87301237499639,2540.91796875,2600.5066975675336,2579.2152402400266,
soulap1,XC1883.ogg,2743.142832880435,260976.95986272793,1.3714495221186247,-0.08851842206971083,2487.0849609375,2703.7684564509063,2670.2738028840504,
soulap1,XC189822.ogg,,
soulap1,XC199139.ogg,4506.181640625,3177.3040294647217,0.1843241888912144,-1.0917639315001881,4446.6064453125,4505.853049314286,4505.524927007984,
soulap1,XC216146.ogg,3407.03125,373905.46202659607,0.14054672160264792,0.5548309446722004,3337.646484375,3353.440540436518,3296.9251161386705,
soulap1,XC232487.ogg,3838.29345703125,47990.75961112976,-0.5025631576017452,-1.7221872155709586,3563.7451171875,3832.7191629904464,3827.05076229299,
soulap1,XC244850.ogg,3280.58349609375,226018.96101236343,-0.5953186254280718,0.9694707343072921,3229.98046875,3246.6396163806494,3209.0120932316095,
soulap1,XC244975.ogg,3835.8709716796875,342468.35888922215,0.5079657486400315,-1.682692743278407,3380.712890625,3794.203042732831,3754.9077899792537,
soulap1,XC254096.ogg,3371.9038529829545,211654.33450178668,0.7442225994638393,-1.3720628371505328,3036.181640625,3343.6605099698836,3317.328274900169,
soulap1,XC262867.ogg,2213.134765625,649762.1700167656,-2.470404566899119,4.112362998101919,64.599609375,1654.5227928133834,481.1835079656417,
soulap1,XC269293.ogg,2635.5639080668607,654.4392885163774,-0.6639932536720913,-0.761395133223246,2648.583984375,2635.4421151917995,2635.319798999711,
soulap1,XC270226.ogg,4385.921963778409,496977.30019959545,-2.7896720415680587,5.91419404869171,4543.505859375,4311.475125509186,4205.052666945415,
soulap1,XC276629.ogg,64.599609375,115.91970920562744,0.0,-1.5,53.8330078125,63.995839383997506,63.392140040887845,
soulap1,XC287588.ogg,3319.2046816986385,352892.8327900349,-0.4823484953661095,1.6891645026491995,3520.6787109375,3258.6728602853445,3185.1095774323785,
soulap1,XC288203.ogg,3655.6201171875,289051.86688899994,-1.4717094841922458,0.24432899611982117,3908.2763671875,3612.2711512191745,3562.1141721416934,
soulap1,XC293763.ogg,22.8790283203125,47.609880566596985,-0.05439506453662819,-0.3137996219281658,21.533203125,21.852579177434357,20.671875,
soulap1,XC294690.ogg,4758.348499644886,7722.209719094365,-0.39981890566434997,-1.3296513879879863,4834.2041015625,4757.570070457475,4756.787871412932,
soulap1,XC296138.ogg,2894.2582563920455,2546.2190671400585,-0.8627522083491637,-0.17424793388943094,2906.982421875,2893.8341179331273,2893.4056989673745,
soulap1,XC304263.ogg,2205.615234375,86.62132116464468,0.2723801058145729,-1.5069204152249136,2196.38671875,2205.5970137553254,2205.5788066013333,
soulap1,XC318715.ogg,3860.1433249080883,946377.1844356454,0.06166896750339487,-0.7440368585400212,3251.513671875,3735.2079158664333,3604.607961588594,
soulap1,XC328927.ogg,2651.3624621975805,973.476267630054,-0.09409411961302552,-0.3591995225924296,2648.583984375,2651.1846491947526,2651.006679871854,
soulap1,XC338057.ogg,3155.810546875,693239.2585978789,-3.265298906232413,9.465829302220037,3434.5458984375,2568.8221639693265,498.49139810378944,
soulap1,XC338712.ogg,2625.435791015625,658034.2419435412,1.6133706413051674,0.8168840877681944,2207.1533203125,2530.059801905985,2458.8024493437883,
soulap1,XC343265.ogg,2789.74609375,3332212.807921802,-0.1259353233852452,-1.4112509899274288,581.396484375,1854.7234071754365,854.3029874887206,
soulap1,XC346204.ogg,2578.60107421875,1906749.9213723035,-1.308609404149939,-0.18458254512013905,3348.4130859375,1356.3927696811586,212.06976160224926,
soulap1,XC347764.ogg,2556.529541015625,415.8248030222379,-0.4835354056152882,0.1639044737868005,2573.2177734375,2556.4500401955665,2556.370329702682,
soulap1,XC348490.ogg,2183.6013793945312,255657.98983057128,-0.9262570474644435,5.89847246337864,2013.3544921875,0.0,0.0,
soulap1,XC353317.ogg,,
soulap1,XC355326.ogg,450.0439453125,1165758.147597313,2.371063332995257,3.9800999915432183,53.8330078125,86.642187484884,56.66104709234448,
soulap1,XC358450.ogg,0.0,0.0,0.0,-3.0,0.0,0.0,0.0,
soulap1,XC359463.ogg,52.03857421875,65.68783521652222,0.2282688235636075,-0.8927335640138407,53.8330078125,51.51600569149791,50.9996916118421,
soulap1,XC361137.ogg,2369.6311257102275,1930.991519581188,1.6406411081735828,4.23005443873424,2390.185546875,2369.2494969572563,2368.8748918057104,
soulap1,XC361429.ogg,31.73314144736842,96.26081115321111,0.5553636703308558,-0.5932354691529471,21.533203125,30.360107926932127,29.08513218305687,
soulap1,XC364097.ogg,25.67420372596154,222.92251770312973,0.6385493977237257,-0.9976000000000003,21.533203125,21.906008585765186,18.78735843120805,
soulap1,XC374154.ogg,2934.9755859375,2632.6653957366943,0.5734413070978531,-0.39933976968531804,2928.515625,2934.574381158262,2934.175615240404,
soulap1,XC375517.ogg,21.0205078125,40.29589891433716,-0.0011337066967155726,-0.0002814787014453479,21.533203125,19.995187663093,18.841552734375007,
soulap1,XC375518.ogg,19.048602764423077,141.957059273353,0.2864022556918101,-0.47776571298704607,21.533203125,0.0,0.0,
soulap1,XC375519.ogg,23.6865234375,36.85652292691744,0.903820229554093,1.6742976066597297,21.533203125,22.950974956826766,22.180123390557938,
soulap1,XC384415.ogg,0.0,0.0,0.0,-3.0,0.0,0.0,0.0,
soulap1,XC384669.ogg,3425.3173828125,587549.8737738683,-0.6820744925940386,-1.0475085615887971,2917.7490234375,3334.085890748448,3231.947890899517,
soulap1,XC384670.ogg,3205.0215287642045,161519.0602703528,0.005774784744648263,-1.9869542580329276,2810.0830078125,3180.8873294684313,3156.9417661756543,
soulap1,XC385646.ogg,113.04931640625,2592.9408638100876,0.6982608618727568,-0.736387543252595,75.3662109375,102.90482173509776,93.84606171107976,
soulap1,XC385647.ogg,78.8115234375,1465.6115233898163,0.5882558195697978,-0.7954856202355356,43.06640625,70.26628224310527,62.76871920191556,
soulap1,XC386695.ogg,3342.079790900735,123767.94876899311,2.633572547618779,5.579192506652873,3133.0810546875,3326.7556499842594,3313.6905894858946,
soulap1,XC393117.ogg,3243.8232421875,21479.539962915274,0.5156403279741552,-1.2386470560289018,3197.6806640625,3240.7913573777755,3237.8040594582894,
soulap1,XC393398.ogg,96.8994140625,0.0,0.0,-3.0,96.8994140625,96.89941406249991,96.89941406249999,
soulap1,XC395335.ogg,3288.7073863636365,1006698.9437016575,0.11079974901431155,-1.6605026517881274,2099.4873046875,3140.187117145242,2996.892982458557,
soulap1,XC396548.ogg,3283.8134765625,811.4379644393921,-0.5951700641394974,-1.5,3251.513671875,3283.7308755635318,3283.648043092879,
soulap1,XC396559.ogg,3273.046875,1230.5322977212759,0.48469069574937423,-0.24322621298046654,3273.046875,3272.872884192465,3272.699452908882,
soulap1,XC396560.ogg,3053.6773681640625,627.2084265947342,-0.1695015117892919,-0.8700454203836228,3057.71484375,3053.5874258682593,3053.4974023341447,
soulap1,XC412737.ogg,479.11376953125,452.086865901947,0.5973694420887082,-1.5266272189349113,462.9638671875,478.7266463262368,478.3458792624282,
soulap1,XC413530.ogg,2424.79248046875,1603.2867097273106,-0.3119277986758598,-0.9847281325624957,2454.78515625,2424.468588293901,2424.143555716519,
soulap1,XC415812.ogg,3256.298828125,408.9389741420746,-0.4486061976893291,-0.6942463884927768,3240.7470703125,3256.242913549206,3256.1868996804783,
soulap1,XC415814.ogg,2369.1009521484375,268817.59564837685,1.1834614924226678,-0.1820775673096091,2228.6865234375,2321.63919227687,2280.837115667761,
soulap1,XC415863.ogg,3209.8365045362902,369225.4634441868,0.3204922564005024,0.0715680951372204,2239.453125,3153.9693912629436,3097.417244409897,
soulap1,XC419261.ogg,2467.705078125,4290.249448073538,-0.9622020745052567,-0.6484525154631968,2497.8515625,2466.8650289850198,2466.0107853591867,
soulap1,XC420127.ogg,,
soulap1,XC420448.ogg,2687.164306640625,534821.0456290029,2.226063033870366,3.486109768862513,2411.71875,2619.40783297479,2569.7762657141684,
soulap1,XC421164.ogg,2929.1489545036766,851596.472521915,-1.862085147185255,3.9566950724031598,2583.984375,0.0,0.0,
soulap1,XC421860.ogg,,
soulap1,XC428133.ogg,3415.704345703125,106.25973343849182,-0.49338220021815865,-1.371900826446281,3423.779296875,3415.6926696898904,3415.6809836376287,
soulap1,XC433638.ogg,3148.7415660511365,680.764837698503,-0.4724991137677261,-1.5191413700888443,3165.380859375,3148.6430447255593,3148.5442789453136,
soulap1,XC435797.ogg,4895.47119140625,2638205.285254048,-0.01252477746775749,-1.9080319429308616,6578.3935546875,4622.595280350212,4361.290276474827,
soulap1,XC435956.ogg,,
soulap1,XC437635.ogg,,
soulap1,XC438169.ogg,,
soulap1,XC438580.ogg,2122.3663330078125,430.83491921424866,-0.18197650909890106,-1.45440286352028,2099.4873046875,2122.2710641737654,2122.175685635954,
soulap1,XC439642.ogg,2762.6517630912163,353506.5521179019,1.5871795643104858,3.011780910240872,2993.115234375,2709.2422615326345,2662.9273277748844,
soulap1,XC440385.ogg,9594.11865234375,2098.1467366218567,-1.3321802267545895,1.1692063847370466,9571.5087890625,9594.019841822894,9593.92062998082,
soulap1,XC440386.ogg,3839.761629971591,253616.26560037784,-0.5382877698587505,-1.6336296793732605,4188.2080078125,3806.538390659647,3771.9575283174618,
soulap1,XC442652.ogg,3942.7294921875,301356.46802186966,-1.4992788114865903,0.24903850778974768,4188.2080078125,3907.54769191486,3867.5432864031372,
soulap1,XC446953.ogg,4774.98779296875,903.491851161508,0.46732790774990396,0.08518333926664257,4758.837890625,4774.8986081777975,4774.809588433083,
soulap1,XC446954.ogg,4686.748471467391,2029.2109095531955,-1.9929077401929967,6.028615320002773,4715.771484375,4686.533934637456,4686.316571620626,
soulap1,XC456659.ogg,3326.8798828125,46.36788368225098,0.0,0.0,3326.8798828125,3326.874075558703,3326.868268274488,
soulap1,XC457796.ogg,,
soulap1,XC459676.ogg,1902.6123046875,54393.943548202515,0.33716276393584127,-1.8268093194535073,1711.8896484375,1890.6225543131616,1878.9946638535057,
soulap1,XC460550.ogg,3268.4326171875,805.9179782867432,-0.08657838285741165,-1.4323981985363106,3229.98046875,3268.3268889361866,3268.2211111751435,
soulap1,XC462571.ogg,,
soulap1,XC470214.ogg,2698.187255859375,149908.56394171715,0.20025008100710312,-1.3442965359864079,2293.2861328125,2671.624525335531,2645.545335652432,
soulap1,XC47139.ogg,3507.7587890625,1224401.9284844398,0.16610878290263584,-1.8045881439258664,2444.0185546875,3340.6382560407756,3184.4281289235237,
soulap1,XC47141.ogg,3706.244255514706,169018.60717903165,1.144855383242503,-0.474886527928565,3509.912109375,3686.3247188550235,3667.9425003487354,
soulap1,XC475609.ogg,52.86883453824627,125304.74921741513,7.9998597797319615,62.003756057948934,10.7666015625,0.0,0.0,
soulap1,XC475624.ogg,1665.1791616586538,3189988.235799166,0.2108297073954965,-1.8224867697587759,10.7666015625,0.0,0.0,
soulap1,XC475626.ogg,3256.5380859375,170283.84482860565,-0.04702887483190638,-1.740952976698417,2799.31640625,3231.9015344434183,3207.264201241544,
soulap1,XC481876.ogg,120.5859375,1106.4336382109543,0.3231239634354788,-0.8315179257576264,118.4326171875,116.14874070427268,111.76919286741493,
soulap1,XC48574.ogg,3323.943536931818,15767.188083041798,-2.7153420729012416,5.675538240519865,3359.1796875,3321.6342753329145,3319.161718178194,
soulap1,XC486635.ogg,,
soulap1,XC489125.ogg,3216.522216796875,3423.4954118728638,1.0032098237051361,0.6776391217280091,3219.2138671875,3216.0289411505664,3215.541216778893,
soulap1,XC491818.ogg,,
soulap1,XC492892.ogg,234.52466881793478,261451.1768549327,4.434075771563384,17.800259180456194,183.0322265625,139.26211765126945,120.6879931027904,
soulap1,XC492895.ogg,,
soulap1,XC501089.ogg,2683.87451171875,1313694.9562500506,-1.651480646910499,0.9499318612121943,3316.11328125,2035.6559474837127,934.946523038313,
soulap1,XC506875.ogg,1314.4482421875,1338888.8116373736,2.0264005367817814,2.140803803816608,861.328125,1060.401979231307,950.7395392165598,
soulap1,XC507688.ogg,,
soulap1,XC510860.ogg,2975.665914601293,349608.9891832451,0.9975984973635909,-0.9690023906332668,2627.05078125,2924.9578693103845,2880.6105523281967,
soulap1,XC51499.ogg,2555.2734375,220297.67936468124,1.89143313420876,1.8667941634538465,2293.2861328125,2521.326107006319,2493.5263927536603,
soulap1,XC521724.ogg,2966.067430449695,6248.779153678475,-0.2464811012047026,0.44418566545722493,2928.515625,2965.034228771365,2963.995142329756,
soulap1,XC524131.ogg,308.343505859375,271140.5238211155,5.700182072998177,30.66383017800812,215.33203125,236.94567539865406,224.15352072543325,
soulap1,XC528238.ogg,3616.925603693182,137864.3200648102,2.6246846817401086,5.367920074072597,3423.779296875,3601.1145270642246,3587.598984362774,
soulap1,XC530225.ogg,,
soulap1,XC530724.ogg,,
soulap1,XC531935.ogg,2473.626708984375,269883.9619206755,-0.19210896265111135,-1.9459146824407256,2950.048828125,2419.783886899557,2365.6566800001383,
soulap1,XC534168.ogg,2498.62060546875,95365.61615191973,0.21170993642831484,-1.8540224352321204,2185.6201171875,2481.118965343787,2463.9992850395124,
soulap1,XC534308.ogg,4306.640625,500541.3043498993,-0.8821358003382979,-1.1329088684705624,4769.6044921875,4251.425747648725,4191.3128357190535,
soulap1,XC539586.ogg,3791.0860501802886,741156.5581000767,0.1239780132489499,-0.38995113326850506,3413.0126953125,3693.527305725996,3591.671212276295,
soulap1,XC540445.ogg,3148.7415660511365,146600.4947857423,2.401525720837314,4.693116840088888,3025.4150390625,3130.6987372197455,3115.300635417223,
soulap1,XC546406.ogg,3003.8818359375,77.27980613708496,0.0,-1.0,3003.8818359375,3003.8721883985836,3003.862540828681,
soulap1,XC549501.ogg,,
soulap1,XC549503.ogg,,
soulap1,XC550002.ogg,4336.0693359375,18621.121287345886,-0.05267676740256426,-1.1162021386552534,4220.5078125,4334.061804420907,4332.051360690994,
soulap1,XC560824.ogg,2146.468838778409,2896121.1537447846,-0.5668539565112474,-1.678547947829785,0.0,0.0,0.0,
soulap1,XC562682.ogg,3869.7432668585525,798085.5053035836,-0.14811373469298228,-0.9638248577789068,2691.650390625,3766.0391587722775,3658.369938289005,
soulap1,XC562683.ogg,3684.3310546875,253421.0922718048,-1.4989734223926283,0.2489565422522939,3919.04296875,3648.479939224257,3607.493704238277,
soulap1,XC562823.ogg,,
soulap1,XC563293.ogg,,
soulap1,XC568152.ogg,,
soulap1,XC571087.ogg,,
soulap1,XC572276.ogg,2146.468838778409,2896121.1537447846,-0.5668539565112474,-1.678547947829785,0.0,0.0,0.0,
soulap1,XC577147.ogg,4017.6246643066406,1309562.3198524113,-0.6522859872515295,-1.5633118580098564,2454.78515625,3829.2623895993265,3623.83646280616,
soulap1,XC580177.ogg,2565.6269320481115,23806.301718732135,5.281584423385683,30.69337738176347,2605.517578125,2561.7808012489954,2558.539635138154,
soulap1,XC591188.ogg,1031.9373497596155,2013271.2172315673,0.8326232130392686,-1.3056764347964658,3079.248046875,326.7146897862446,167.21815668258324,
soulap1,XC591189.ogg,142.28478064903845,1450.779745211968,0.45871172404628147,-0.3972997490866521,139.9658203125,137.3551482153244,132.562343854213,
soulap1,XC591190.ogg,,
soulap1,XC592819.ogg,3862.90283203125,248945.21857683474,-0.9441818131123428,-1.0992551783996087,4166.6748046875,3830.259575394181,3795.0810861833256,
soulap1,XC595941.ogg,3204.8583984375,262.75134086608887,-0.9273420957271555,-0.33217993079584796,3208.447265625,3204.8241395840237,3204.789782363666,
soulap1,XC596702.ogg,2004.9284561820652,1685029.511143096,-0.7194092368650978,-1.370339715750573,139.9658203125,1108.0628501144745,392.9649003563545,
soulap1,XC600438.ogg,2384.08447265625,836.8870040466046,-0.7767505397283768,-0.0251265362078259,2390.185546875,2383.913729295557,2383.741901374015,
soulap1,XC608627.ogg,,
soulap1,XC615607.ogg,3652.7490234375,802552.9947280884,0.006027359104151849,-1.1223595583333719,3628.3447265625,3546.0904993647455,3437.3346477290634,
soulap1,XC66032.ogg,4068.013583096591,992967.2142700717,0.35897680586308955,-1.5467933074430233,2971.58203125,3952.1145987113573,3843.633771283973,
soulap1,XC66050.ogg,4338.9404296875,115.91970920562744,0.0,-1.5,4328.173828125,4338.9315242915845,4338.922618895672,
soulap1,XC70818.ogg,2444.0185546875,71986.13941669464,-0.22047338529132082,-1.9460941328852481,2164.0869140625,2430.688094487673,2417.2243577554377,
soulap1,XC85478.ogg,2953.0493564293033,1046152.6983917734,1.2851603571317085,-0.34490460416723945,2411.71875,2814.8307326715,2711.234868776604,
soulap1,XC85479.ogg,3410.70556640625,82787.69078163001,-3.3200890580912343,9.043983050970054,3488.37890625,3396.8486863387716,3379.8287386067163,
soulap1,XC9046.ogg,3386.09619140625,38.63990306854248,0.0,-2.0,3380.712890625,3386.09191215014,3386.0876328994436,
