primary_label,filename,mean,variance,skewness,kurtosis,mode,gmean,hmean
spvear1,XC117511.ogg,439.27734375,72.1278190612793,0.3436215967445456,-1.153061224489796,430.6640625,439.2037492486666,439.1304569072714,
spvear1,XC117695.ogg,507.1440598060345,4341.564281233426,0.9412104620036142,-0.10583856144479054,452.197265625,503.2768763985864,499.675509189624,
spvear1,XC117924.ogg,,
spvear1,XC117925.ogg,1835.0326538085938,3070705.150747972,6.125634660725875e-05,-1.999673698615572,118.4326171875,624.3106371075257,210.75367320709012,
spvear1,XC117928.ogg,86.1328125,77.27980613708496,0.0,-1.2500000000000002,86.1328125,85.74612588425725,85.3585849719101,
spvear1,XC117929.ogg,115.26596966911765,25.570524089476642,-0.903696114115067,-1.1833333333333296,118.4326171875,115.15876732764512,115.048828125,
spvear1,XC117930.ogg,,
spvear1,XC117932.ogg,,
spvear1,XC120299.ogg,7.0751953125,26.885579614078296,-0.6621221919717306,-1.5615942028985506,10.7666015625,0.0,0.0,
spvear1,XC120587.ogg,,
spvear1,XC120589.ogg,5911.060014204545,228823.32028042185,0.29851119602602094,-1.6852876056312538,5437.1337890625,5892.311875513337,5873.889693358146,
spvear1,XC148356.ogg,52.63671875,157.77960419654846,0.7215375318230076,-1.023948354852145,43.06640625,51.409340261865864,50.30624710290482,
spvear1,XC148359.ogg,281.4697265625,55.19986152648926,-0.13416407864998736,-0.6100000000000003,279.931640625,281.385446336601,281.3009361873937,
spvear1,XC148362.ogg,273.4716796875,34.77591276168823,0.40824829046386296,-1.8333333333333333,269.1650390625,273.42107463601945,273.3707427978516,
spvear1,XC148363.ogg,544.7900390625,20334.24898982048,-0.3753132751597994,-0.5654099220834912,656.7626953125,523.9884439409645,499.5895921838006,
spvear1,XC154659.ogg,19.3798828125,81.14379644393921,0.3436215967445456,-1.153061224489796,10.7666015625,17.697621016042397,16.14990234375,
spvear1,XC154660.ogg,8764.910888671875,124380.96979802306,-0.3391684897944726,-1.8795060857792898,9054.7119140625,8758.347059053072,8751.730339637035,
spvear1,XC154681.ogg,1.79443359375,19.31995153427124,1.788854381999832,1.2000000000000002,0.0,0.0,0.0,
spvear1,XC165900.ogg,86.9610126201923,12119.851442483756,4.734849728573813,20.64211772253942,75.3662109375,70.56175015307939,66.15381029903958,
spvear1,XC178585.ogg,1549.0986328125,2464146.9896793365,0.24040113009072828,-1.9401725920072643,3273.046875,646.6650176970035,299.0119854664683,
spvear1,XC178588.ogg,5622.974694293478,4839.304223833347,-0.5022932139931306,-1.0178587416720255,5523.2666015625,5622.5613755927625,5622.146359855788,
spvear1,XC179811.ogg,8018.96484375,277382.6161623001,-0.129102869080008,-1.5649139487777113,7472.021484375,8002.703682927143,7986.359491595196,
spvear1,XC180609.ogg,1455.64453125,5589076.507329941,1.494434830784927,0.4754780853089233,75.3662109375,358.60790918588975,133.8677872471754,
spvear1,XC180886.ogg,4810.87646484375,5537.098109722137,0.4011341211967241,-0.7365737045584368,4726.5380859375,4810.398628085246,4809.922530794755,
spvear1,XC180897.ogg,199.7802734375,6465.743780136108,-0.6728994416590587,-1.4861497734162952,96.8994140625,181.2509963936053,160.70444101978035,
spvear1,XC186579.ogg,,
spvear1,XC188185.ogg,,
spvear1,XC201028.ogg,,
spvear1,XC2089.ogg,5795.185887536337,9870.248728020248,-1.0119842149835259,0.8951052241027657,5813.96484375,5794.344177333622,5793.492363826447,
spvear1,XC2114.ogg,6378.097639412716,71202.92751574906,-2.83423416814616,12.794533807151838,6363.0615234375,6372.09843755451,6365.501104018635,
spvear1,XC214941.ogg,5464.8193359375,434019.6501341733,3.856073757144193,16.00995230304434,5081.8359375,5434.228895654628,5409.812179732665,
spvear1,XC214942.ogg,3365.33203125,574.0785598754883,1.270076771405122,0.22919748520710082,3348.4130859375,3365.25932669846,3365.1870247549673,
spvear1,XC238186.ogg,77.16064453125,98.87269314597634,0.5891024521478887,-0.30677764565992893,75.3662109375,76.57589914069084,76.01136916342412,
spvear1,XC238188.ogg,89.208984375,66.23983383178711,-0.4592793267718459,-0.8958333333333335,86.1328125,88.8805174328437,88.54212194055944,
spvear1,XC238189.ogg,86.1328125,115.91970920562744,0.0,-1.75,75.3662109375,85.59193775511237,85.05277723354232,
spvear1,XC238190.ogg,1638.6767578125,744853.6834716797,-0.699013597591154,-0.5146768465318101,150.732421875,1190.9355889991848,602.9391244532675,
spvear1,XC238191.ogg,40.673828125,80.4997980594635,0.4129503602129438,-1.2696,32.2998046875,39.82409028869254,39.01989828020134,
spvear1,XC238192.ogg,200.5279541015625,139.2296507306721,0.18030107781731083,-0.6340165025286129,204.5654296875,200.19656088379872,199.86657460525765,
spvear1,XC241454.ogg,157.91015625,38.63990306854248,-0.7071067811865475,-1.5,161.4990234375,157.82731179572815,157.74323219476744,
spvear1,XC250696.ogg,1676.35986328125,6735039.432585239,0.8728590414942159,-1.2380624547937669,64.599609375,242.8425969893052,90.34999650432044,
spvear1,XC257806.ogg,6232.989336993243,26367.730611079445,0.7417116999764295,-0.5669453040609338,6136.962890625,6230.95619862898,6228.947984262392,
spvear1,XC257807.ogg,5283.364633413462,1685856.6243276908,1.137357183704777,-0.20602977512574805,7708.88671875,5148.385638992404,5033.178890356086,
spvear1,XC257808.ogg,7029.873046875,1338466.370344162,-0.1324002784570381,-1.9793803734310318,5824.7314453125,6939.158745885192,6848.3341537345505,
spvear1,XC257809.ogg,4281.67127244016,15800.896532330436,0.4769767054890901,-0.8683011439399531,4155.908203125,4279.880819385449,4278.1061281110915,
spvear1,XC260474.ogg,6227.6290090460525,2013.34231778195,-0.008138852598042328,-1.2807135326327244,6244.62890625,6227.475860337591,6227.32270415683,
spvear1,XC277420.ogg,,
spvear1,XC296389.ogg,6941.713579963235,206322.44468156027,-3.5255870322823757,11.102380979388958,7030.5908203125,6924.402993661124,6903.8069889614635,
spvear1,XC301081.ogg,,
spvear1,XC312330.ogg,5245.5322265625,11769023.687839508,-0.8398009020264029,-1.2922334193371827,96.8994140625,2170.477624624354,397.5158295502256,
spvear1,XC318705.ogg,4582.647990289135,161061.45221485788,-0.6684677562029715,0.3224223596349467,3994.4091796875,4564.342136762931,4545.034098670616,
spvear1,XC318706.ogg,5713.4765625,38.63990306854248,-0.7071067811865475,-1.5,5717.0654296875,5713.474307241538,5713.472051039047,
spvear1,XC327111.ogg,,
spvear1,XC336002.ogg,6382.69473805147,4943268.998804337,0.013505275780459455,-1.7628680468307298,3789.84375,6002.786309574402,5636.363092553986,
spvear1,XC338150.ogg,,
spvear1,XC344350.ogg,6881.125057444853,2954.2478831375342,-1.8196519124171857,2.439710430797734,6890.625,6880.9211136772365,6880.715244120542,
spvear1,XC354234.ogg,,
spvear1,XC37673.ogg,,
spvear1,XC378532.ogg,,
spvear1,XC389731.ogg,,
spvear1,XC423499.ogg,,
spvear1,XC423500.ogg,,
spvear1,XC425849.ogg,5085.8734130859375,1722070.356041193,-3.5385939129880617,10.74834637829395,5340.234375,4393.890764268564,2016.7934078793023,
spvear1,XC428592.ogg,6.4599609375,53.68912847418534,0.6578429336242115,-0.6280991735537191,0.0,0.0,0.0,
spvear1,XC428593.ogg,5.38330078125,38.63990306854248,0.0,-2.0,0.0,0.0,0.0,
spvear1,XC437224.ogg,,
spvear1,XC445674.ogg,,
spvear1,XC457601.ogg,,
spvear1,XC463196.ogg,6341.912841796875,64652.99114584923,-1.1638762439745383,4.796215452803608,6180.029296875,6336.816860899492,6331.5150123346075,
spvear1,XC463197.ogg,6727.9296875,59460.866222014796,-0.022237660356192977,-1.5660742762322417,6427.6611328125,6723.669652184516,6719.40778997818,
spvear1,XC464842.ogg,,
spvear1,XC471262.ogg,5715.16544117647,146329.10629007267,1.0678447677469263,-0.5922956664183983,5458.6669921875,5703.276034393963,5691.925246698349,
spvear1,XC471341.ogg,6342.893100792254,75705.27284749795,-0.8536293366496774,3.942481766229224,6212.3291015625,6336.826554900612,6330.546592868053,
spvear1,XC471342.ogg,5888.916954627404,512205.8343644595,2.093761490918045,3.6153393555908204,5426.3671875,5851.9463049854685,5819.868849036988,
spvear1,XC471343.ogg,6409.601026965725,416507.4816074479,0.7272040738893633,-0.09540401699054124,7009.0576171875,6378.682362039601,6348.972231723004,
spvear1,XC47225.ogg,,
spvear1,XC47226.ogg,4240.591665414663,9145.407110252338,0.05510144025093936,-0.7093838314795797,4198.974609375,4239.524114374617,4238.457014637293,
spvear1,XC48794.ogg,6362.70263671875,528978.8321984017,-0.082754628875742,-1.4017146187386753,6136.962890625,6321.27546292724,6279.541996943667,
spvear1,XC498655.ogg,4920.3369140625,198.71950149536133,0.0,-1.0000000000000002,4909.5703125,4920.319244489918,4920.301574853884,
spvear1,XC499753.ogg,,
spvear1,XC511472.ogg,3907.340140964674,5426253.3623309955,0.2666087963409415,-1.919436422690798,1862.6220703125,3253.205618762877,2754.667754032923,
spvear1,XC511502.ogg,5525.269690225291,373257.3557454486,1.002542226910421,0.25982067595286296,4963.4033203125,5494.212752252808,5464.994742291762,
spvear1,XC511503.ogg,2392.057999320652,347576.31353003235,2.1659506866465548,2.748562710355144,2164.0869140625,2339.5214819409275,2300.5246446672177,
spvear1,XC511546.ogg,6782.2412109375,7124118.416547775,-0.7865213673004872,-0.687315996687698,2196.38671875,6064.730062730209,5133.6138964157535,
spvear1,XC518198.ogg,297.4858823029891,39409.397138201675,-0.12373155299847441,-1.640265966461616,506.0302734375,200.59226378502288,111.71000545242224,
spvear1,XC518199.ogg,46.00275213068182,349.8667586933483,1.2417908449436048,0.16065466686021113,32.2998046875,43.21345899036003,41.057944051795296,
spvear1,XC518245.ogg,137.24323141163794,33202.15010174581,1.4314924893816712,0.2657484605315261,32.2998046875,68.45405138713635,47.741788278836665,
spvear1,XC54312.ogg,52.85422585227273,265.56151563471013,0.8849168217279529,-0.30668934240362766,43.06640625,50.800688208617885,48.982470919497786,
spvear1,XC548315.ogg,5164.9541015625,3187063.554239273,-0.3383241846383492,-1.5179599043436858,5512.5,4816.430000843296,4448.595077231144,
spvear1,XC562336.ogg,6505.48828125,1024928.5592331606,-1.2684022730628906,0.21244009593453317,7342.822265625,6415.845641359072,6312.051691073309,
spvear1,XC571698.ogg,5.38330078125,57.95985460281372,0.0,-2.0,0.0,0.0,0.0,
spvear1,XC571700.ogg,0.0,0.0,0.0,-3.0,0.0,0.0,0.0,
spvear1,XC571702.ogg,0.0,0.0,0.0,-3.0,0.0,0.0,0.0,
spvear1,XC571703.ogg,4.4045188210227275,51.43623460422863,1.3287210504884652,0.5070791195716828,0.0,0.0,0.0,
spvear1,XC571704.ogg,8177.723277698864,7356667.303724723,-2.84576625104667,6.09904325910504,8968.5791015625,0.0,0.0,
spvear1,XC573174.ogg,,
spvear1,XC594863.ogg,,
spvear1,XC597458.ogg,80.74951171875,38.63990306854248,0.0,-2.0,75.3662109375,80.56986853355994,80.390625,
spvear1,XC598436.ogg,124.892578125,34.77591276168823,-0.40824829046386296,-1.8333333333333333,129.19921875,124.77985114068109,124.66591282894736,
spvear1,XC7139.ogg,5102.126840444712,1737.1905959569492,-0.7968482297753896,0.6701644663302755,5114.1357421875,5101.962433057217,5101.797306124445,
spvear1,XC74786.ogg,,
spvear1,XC9303.ogg,,
spvear1,XC9304.ogg,,
spvear1,XC9305.ogg,,
spvear1,XC9306.ogg,138.49094338613014,2302.3836574797747,6.117766386616183,41.09211813972246,129.19921875,134.6199865876295,132.6529802939526,
spvear1,XC9307.ogg,,
spvear1,XC9309.ogg,,
spvear1,XC9310.ogg,894.3300993546196,4295414.62458994,2.4992362173107416,4.277678095422119,75.3662109375,220.70929645749905,137.01559228147443,
