primary_label,filename,mean,variance,skewness,kurtosis,mode,gmean,hmean
squcuc1,XC114020.ogg,6.625600961538462,49.04295389468854,0.5035560994609064,-0.6460055096418738,0.0,0.0,0.0,
squcuc1,XC118588.ogg,,
squcuc1,XC118878.ogg,22.511985085227273,56.90603906458074,-0.10584214937952031,-0.7716049382716039,21.533203125,21.203170201271686,19.73876953125,
squcuc1,XC119298.ogg,,
squcuc1,XC120149.ogg,3645.8404541015625,1157671.505883336,0.17970798143437844,-1.6737485571386301,4866.50390625,3507.196460750098,3374.937412542334,
squcuc1,XC120161.ogg,10.048828125,40.84789752960205,-0.0031418280741572777,-0.001095690284880213,10.7666015625,0.0,0.0,
squcuc1,XC120688.ogg,4314.392578125,1325942.9569602013,0.48423460004951335,-1.361126966107711,2906.982421875,4174.037023955809,4044.311673491481,
squcuc1,XC121444.ogg,5223.068416819853,8811098.86190909,0.19440142169166053,-1.7918683415124506,2939.2822265625,4383.766834068897,3645.6932962861533,
squcuc1,XC123090.ogg,3.076171875,27.59993076324463,0.9486832980505138,-1.1,0.0,0.0,0.0,
squcuc1,XC124599.ogg,7.8955078125,40.84789752960205,0.08168752992808923,-0.494156318480643,10.7666015625,0.0,0.0,
squcuc1,XC124601.ogg,0.0,0.0,0.0,-3.0,0.0,0.0,0.0,
squcuc1,XC124818.ogg,2591.76025390625,1961.1644920180825,0.5593458576778391,-1.4475784391139708,2562.451171875,2591.4050885234897,2591.052130528554,
squcuc1,XC124826.ogg,245.14723557692307,360010.94918984635,3.1606675782027955,8.025909847518593,53.8330078125,95.99009547711319,75.36536633728554,
squcuc1,XC126265.ogg,,
squcuc1,XC129830.ogg,0.0,0.0,0.0,-3.0,0.0,0.0,0.0,
squcuc1,XC129893.ogg,2817.913263494318,277745.63052437524,0.02126004868181816,-1.9719978777157219,2293.2861328125,2770.5764302764137,2724.118186284885,
squcuc1,XC130156.ogg,280.56497012867646,25074.45592214079,0.12337020757279259,-1.6331214784301331,118.4326171875,235.16766020193214,196.4701096948766,
squcuc1,XC131809.ogg,,
squcuc1,XC132047.ogg,2819.05517578125,5908.041179180145,0.00026761395384568444,-1.9791671033231086,2745.4833984375,2818.1818086469957,2817.308704723159,
squcuc1,XC142024.ogg,2067.1875,10278.2142162323,-0.271676526951981,-1.8732686980609419,1948.7548828125,2065.0376796475152,2062.872020542378,
squcuc1,XC144475.ogg,,
squcuc1,XC144836.ogg,2479.1270380434785,855.8814893126957,-0.6151215100128983,-1.1880341855847645,2487.0849609375,2478.9611296241965,2478.794432864491,
squcuc1,XC146415.ogg,,
squcuc1,XC147955.ogg,,
squcuc1,XC150531.ogg,2877.91259765625,513.7073429007279,0.2528305155728307,-0.7658837402181211,2874.6826171875,2877.8279155475843,2877.743339488301,
squcuc1,XC152548.ogg,,
squcuc1,XC156272.ogg,4015.474269701087,1978445.2449031498,0.22894702960309943,-1.8435073943190918,2594.7509765625,3778.52007639171,3564.171059859779,
squcuc1,XC156273.ogg,2610.6668223505435,232112.035909189,-0.5815053064921182,-1.1525586536705812,1862.6220703125,2564.0579979346007,2513.937538123064,
squcuc1,XC158406.ogg,4785.081481933594,2273558.9646499963,-0.3806408320552158,-1.8525654256373592,3003.8818359375,4527.6176049025225,4263.0428251036765,
squcuc1,XC164516.ogg,5459.495192307692,10982.649372174192,-1.9867275627157623,3.398854722671354,5426.3671875,5458.543081366943,5457.566646372275,
squcuc1,XC164517.ogg,4355.09033203125,2037717.2882142274,-0.11049920273002427,-1.9283855056409906,2863.916015625,4118.222050766172,3887.702727722755,
squcuc1,XC167677.ogg,5108.75244140625,368.83543838154185,0.0,-1.2685714285714287,5081.8359375,5108.719350954863,5108.686260404269,
squcuc1,XC169834.ogg,2874.6826171875,85780.5848121643,-1.4301065781911806,0.6139915266617972,2304.052734375,2860.950394068128,2845.8415019725503,
squcuc1,XC170027.ogg,3223.699951171875,2264975.396299904,-1.1225210862051487,-0.6884037018986451,742.8955078125,2646.662527421801,1910.0512472718472,
squcuc1,XC181493.ogg,0.0,0.0,0.0,-3.0,0.0,0.0,0.0,
squcuc1,XC187456.ogg,12.56103515625,17.047016059651096,1.788854381999832,1.2000000000000002,10.7666015625,12.085101643174642,11.74538352272727,
squcuc1,XC190829.ogg,24.224853515625,124.19968843460083,0.30983866769659335,-0.8800000000000003,21.533203125,21.852579177434357,19.50176886792453,
squcuc1,XC195308.ogg,2636.62109375,380.3378694197711,0.2914559016694637,-0.9600799987301794,2616.2841796875,2636.553067191565,2636.4851338875287,
squcuc1,XC195310.ogg,2587.5732421875,14312.220096588135,-0.701955865358387,-1.5,2433.251953125,2585.2209454147232,2582.823174577331,
squcuc1,XC196389.ogg,,
squcuc1,XC197665.ogg,2506.82373046875,2430.904490106246,-0.13530428913321207,-1.8105313266544574,2454.78515625,2506.3649620774167,2505.9054564472353,
squcuc1,XC198347.ogg,0.0,0.0,0.0,-3.0,0.0,0.0,0.0,
squcuc1,XC198770.ogg,2229.5690317622953,2798.669176023515,-0.6064802030984596,-0.08797540691398398,2250.2197265625,2228.945399475869,2228.3153938383484,
squcuc1,XC211706.ogg,16.14990234375,34.77591276168823,0.0,-2.0,10.7666015625,15.226273950354855,14.35546875,
squcuc1,XC211707.ogg,32.2998046875,173.87956380844116,-0.9128709291752769,-0.5,32.2998046875,29.0904969232222,24.84600360576923,
squcuc1,XC216157.ogg,2259.7900390625,39.397548226749194,-0.01508585654909108,-0.008875739644971237,2260.986328125,2259.78180596509,2259.773572554946,
squcuc1,XC217952.ogg,6105.26123046875,669926.8959024373,-2.3576398683792497,6.980297262410259,6018.5302734375,6036.184356479292,5941.643999059349,
squcuc1,XC229939.ogg,,
squcuc1,XC2375.ogg,,
squcuc1,XC238838.ogg,1187.9150390625,38.63990306854248,0.7071067811865475,-1.5,1184.326171875,1187.90421830274,1187.8934193806476,
squcuc1,XC238839.ogg,80.74951171875,127.51168012619019,0.0,-0.9421487603305785,75.3662109375,80.08298952610238,79.41025152439025,
squcuc1,XC238842.ogg,3359.86328125,1507438.120399752,2.1504074802369275,4.9707530216652716,2982.3486328125,3183.6895927465935,3003.8895303652635,
squcuc1,XC238843.ogg,1851.85546875,837.1978998184204,0.17644648955913622,-0.9920710059171598,1841.0888671875,1851.6416687176531,1851.4282269709945,
squcuc1,XC238844.ogg,187.92613636363637,170.71811719374222,-0.5936205076627832,-0.3289894833104694,193.798828125,187.50024695103633,187.06110102027995,
squcuc1,XC244789.ogg,2887.1492084703946,260320.41643795217,-0.28781525424715293,-1.8750308707585428,2314.8193359375,2842.595543604907,2797.1754538488553,
squcuc1,XC245231.ogg,,
squcuc1,XC245289.ogg,3044.64111328125,63402.348642165845,-0.5383143260602906,-1.2307711940249828,2680.8837890625,3034.654731758762,3024.3749581740085,
squcuc1,XC245331.ogg,3517.987060546875,720.3581929206848,0.06654491595544934,-1.7384066587395957,3488.37890625,3517.8975027884467,3517.807974482205,
squcuc1,XC246933.ogg,,
squcuc1,XC246934.ogg,1180.7373046875,1403942.2380924225,0.001532985290122911,-1.9975503332453197,32.2998046875,323.0730327565037,85.49173592499628,
squcuc1,XC247099.ogg,5286.4013671875,115.91970920562744,0.0,-1.5,5275.634765625,5286.39405787558,5286.386748563672,
squcuc1,XC256638.ogg,17.862770774147727,64.39303085365458,0.634822696385728,0.9318061453864335,21.533203125,0.0,0.0,
squcuc1,XC257706.ogg,3111.5478515625,2955.9525847434998,0.40373619781974934,-1.7918108419838523,3068.4814453125,3111.169419795839,3110.792613234695,
squcuc1,XC257707.ogg,2342.5048828125,342.2391414642334,0.7213180678172089,-1.1688345473465136,2336.3525390625,2342.4424866138593,2342.380309459618,
squcuc1,XC257708.ogg,2845.074462890625,569.9385702610016,-0.9929662701927244,-0.764722780810112,2853.1494140625,2844.9989762962705,2844.9231253893527,
squcuc1,XC257709.ogg,2820.849609375,66.23983383178711,0.0,-1.0,2820.849609375,2820.839335844102,2820.829062275789,
squcuc1,XC257710.ogg,4197.5390625,1731630.4676450533,0.9136696709128643,-0.8422386031465816,3251.513671875,4023.944908421569,3879.211329135823,
squcuc1,XC257711.ogg,3692.9443359375,1683664.2243862152,1.7886992899711922,1.1997222447229419,3154.6142578125,3552.001797504325,3451.5191537776013,
squcuc1,XC260413.ogg,2983.88671875,13579.165935516357,0.27002440385192056,-1.894780388657545,3111.5478515625,2981.948296661452,2980.0235550850434,
squcuc1,XC260414.ogg,2539.7216796875,5374.166518449783,-2.337483901398677,3.7351551446907827,2562.451171875,2538.739025164946,2537.7125431947425,
squcuc1,XC260415.ogg,2603.125,9412.036389112473,-0.6057808444315391,-0.6421192755698226,2616.2841796875,2601.4933364678445,2599.8371140802183,
squcuc1,XC261626.ogg,2975.382008272059,3679.5984164756887,-0.5246767417044127,-0.4659022147358267,3014.6484375,2974.7957783079614,2974.2052783511635,
squcuc1,XC261627.ogg,5732.4462890625,2196.9544887542725,0.6812740224012273,-1.1647748794222368,5684.765625,5732.28259795435,5732.119468423928,
squcuc1,XC263065.ogg,26.1474609375,33.119916915893555,0.28867513459481287,-1.9166666666666667,21.533203125,25.619834480596403,25.1220703125,
squcuc1,XC265398.ogg,5237.95166015625,127.51168012619019,0.0,-0.9421487603305785,5232.568359375,5237.941516873061,5237.931373567963,
squcuc1,XC265400.ogg,2492.7849264705883,407.42368382566116,0.0700299001370746,-0.6243500638994419,2487.0849609375,2492.708036735332,2492.6311710454343,
squcuc1,XC265401.ogg,2606.11572265625,111862.14056085137,-1.7279038541142466,1.1416023245489626,2799.31640625,2582.2024729061072,2554.274276102751,
squcuc1,XC265405.ogg,5666.30859375,375.35905838012695,0.28372927689018007,-1.2208044982698962,5652.4658203125,5666.280220273511,5666.251863717215,
squcuc1,XC265408.ogg,4810.748291015625,769037.5708043575,-1.1849807577990332,0.9891969986118934,2734.716796875,4716.388528881834,4600.378699240121,
squcuc1,XC274856.ogg,2420.5853630514707,597.497912890771,-0.6674858707540349,0.6442223357298951,2411.71875,2420.468678728335,2420.3514634402354,
squcuc1,XC274947.ogg,2827.701083096591,2069.6937170895662,0.19922180379146906,-1.258619509625397,2810.0830078125,2827.369014677521,2827.0376050436516,
squcuc1,XC277058.ogg,2407.1044921875,14461.81172132492,-0.8931355798929365,-1.1248217324659973,2487.0849609375,2404.1555614359795,2401.1209801924197,
squcuc1,XC277108.ogg,9.228515625,55.19986152648926,0.13416407864998736,-0.6100000000000003,10.7666015625,0.0,0.0,
squcuc1,XC284445.ogg,2952.2021484375,81.14379644393921,-0.3436215967445456,-1.153061224489796,2950.048828125,2952.1911471671324,2952.180138994577,
squcuc1,XC28762.ogg,,
squcuc1,XC29086.ogg,,
squcuc1,XC293776.ogg,,
squcuc1,XC294719.ogg,3383.3447265625,43918.58219016682,-2.0017385696677183,3.019458025490464,3520.6787109375,3376.4039093177,3368.8133254342374,
squcuc1,XC294724.ogg,2424.5040893554688,1796.2724938988686,-1.2143756564679933,0.1648771911076894,2433.251953125,2424.151906153418,2423.794793929686,
squcuc1,XC295939.ogg,,
squcuc1,XC296724.ogg,2772.39990234375,193.1995153427124,0.0,-1.3599999999999999,2756.25,2772.3737695348705,2772.34763665702,
squcuc1,XC298028.ogg,14.166581003289474,26.43782841531854,0.7925939239012169,-1.371794871794872,10.7666015625,13.401109178555526,12.785339355468748,
squcuc1,XC299007.ogg,13.330078125,22.079944610595703,1.2298373876248843,-0.4874999999999998,10.7666015625,12.698500780364695,12.221547719594593,
squcuc1,XC301213.ogg,,
squcuc1,XC305413.ogg,51.2490234375,389.1038239002228,0.15454146576295727,-0.998700753119425,43.06640625,47.309897216183366,43.214570491685784,
squcuc1,XC305651.ogg,4168.828125,1459089.1077518463,-0.8709562047168531,-1.2385866344437109,2422.4853515625,3975.3858783086807,3754.5752179047167,
squcuc1,XC308828.ogg,1060.7666015625,4284075.053036213,1.5757621699593878,0.484395629807969,43.06640625,167.87216201285474,84.41185824496245,
squcuc1,XC327930.ogg,830.224609375,57567.01558828354,2.3911469138440054,3.882495988616385,742.8955078125,808.1573900314316,792.6087349493877,
squcuc1,XC327931.ogg,1431.9580078125,984568.2501274607,1.2465222128764335,1.0537674331847269,678.2958984375,1171.3171930480596,1003.3849258107467,
squcuc1,XC327944.ogg,,
squcuc1,XC328906.ogg,,
squcuc1,XC332456.ogg,2248.681640625,3080.1522731781006,-2.7813246982250663,7.0058580953482075,2250.2197265625,2247.9895705854947,2247.2641979399073,
squcuc1,XC332457.ogg,2248.681640625,3080.1522731781006,-2.7813246982250663,7.0058580953482075,2250.2197265625,2247.9895705854947,2247.2641979399073,
squcuc1,XC335516.ogg,2579.3701171875,110.39972305297852,-0.2134537420613656,-0.7324999999999999,2583.984375,2579.3517638095286,2579.333400386619,
squcuc1,XC346504.ogg,0.0,0.0,0.0,-3.0,0.0,0.0,0.0,
squcuc1,XC34657.ogg,2878.271484375,38.63990306854248,0.7071067811865475,-1.5,2874.6826171875,2878.267013191095,2878.262545726961,
squcuc1,XC347779.ogg,4587.551047585227,2059277.8043096722,-0.5665498791309673,-1.677908459241169,2767.0166015625,4350.383009057647,4096.439836634684,
squcuc1,XC347986.ogg,4945.785245028409,7471.552166071805,0.12573008446252837,-1.8497910603344858,5038.76953125,4945.099464684154,4944.414709724675,
squcuc1,XC348276.ogg,5407.525634765625,32628.763602538544,-0.23109160585710034,-1.7831407202215166,5211.03515625,5404.745422982328,5401.952410926641,
squcuc1,XC349309.ogg,2067.1875,10278.2142162323,-0.271676526951981,-1.8732686980609419,1948.7548828125,2065.0376796475152,2062.872020542378,
squcuc1,XC360827.ogg,2493.3182565789475,332448.9133922678,-0.44272691668233255,0.13654597655644984,2088.720703125,2418.8188880239113,2326.4376912928615,
squcuc1,XC364806.ogg,,
squcuc1,XC365860.ogg,2387.249200994318,233.94704948772082,-0.3754846038629473,-0.3875091307523917,2390.185546875,2387.2045863009516,2387.1599016284163,
squcuc1,XC375506.ogg,3156.767578125,81.14379644393921,-0.3436215967445456,-1.153061224489796,3154.6142578125,3156.757290184014,3156.7469962080368,
squcuc1,XC376252.ogg,5571.71630859375,289.7992730140686,0.0,-1.051851851851852,5555.56640625,5571.692902795796,5571.669496909705,
squcuc1,XC377007.ogg,,
squcuc1,XC379257.ogg,506.927490234375,2907697.4930681963,3.01506339489194,7.090727920394242,10.7666015625,22.95015012978028,14.352569241062413,
squcuc1,XC384404.ogg,2579.5798561789775,526.1550437320362,-1.504561994515667,2.3905709020926285,2583.984375,2579.4816405653983,2579.3825471993196,
squcuc1,XC384725.ogg,2880.6640625,589.4479330848245,0.32115619327820116,-1.1524507503915515,2863.916015625,2880.567600426735,2880.471305550694,
squcuc1,XC384754.ogg,6817.216352982955,691.5037198500199,0.04528507265924038,-1.442118633892331,6836.7919921875,6817.167946012107,6817.11954451025,
squcuc1,XC391951.ogg,4343.153447690217,479546.54974428547,-0.27443675393737543,-1.7985387287540595,3423.779296875,4288.344174159422,4232.441514102206,
squcuc1,XC400273.ogg,5047.3828125,25119.190881126804,-0.6211909185899698,-0.3047157515345411,5081.8359375,5044.986412142355,5042.557246900787,
squcuc1,XC400274.ogg,2727.9876708984375,3908.426195383072,0.7618197010861449,-0.9545369134830808,2670.1171875,2727.3234051984723,2726.6665332149732,
squcuc1,XC400276.ogg,5448.299153645833,20672.91518427291,-0.40916617280525563,-0.21356678292417275,5340.234375,5446.422317814318,5444.530465012642,
squcuc1,XC401255.ogg,2413.51318359375,18741.489455980412,0.3290237272710647,-1.5589302700343373,2260.986328125,2409.8855145797475,2406.3028701508315,
squcuc1,XC403835.ogg,2191.417518028846,62404.03791574332,0.2840728135292167,0.7881158656370126,2336.3525390625,2177.7605838614813,2164.068856460137,
squcuc1,XC408499.ogg,,
squcuc1,XC411740.ogg,2750.86669921875,38.63990306854248,0.0,-2.0,2745.4833984375,2750.861431796114,2750.8561643835615,
squcuc1,XC411742.ogg,2530.7846966911766,412.53778864355644,-0.5474632141343042,-0.3718922887780769,2540.91796875,2530.7077641391706,2530.6306082839014,
squcuc1,XC418645.ogg,0.0,nan,0.0,-3.0,0.0,0.0,0.0,
squcuc1,XC419554.ogg,2679.6875,27340.951412916183,0.15716697952806596,-1.4931342574049564,2659.3505859375,2675.1728019484895,2670.6856054881546,
squcuc1,XC422162.ogg,2329.6875,1964.5630717277527,-1.486712301080418,1.7355028993451302,2357.8857421875,2329.2782471523933,2328.8611318125177,
squcuc1,XC425724.ogg,5161.9873046875,827351.1645197868,-2.439922568682656,4.02395053414517,2745.4833984375,5061.320009632502,4921.646108525403,
squcuc1,XC429381.ogg,,
squcuc1,XC433346.ogg,0.0,0.0,0.0,-3.0,0.0,0.0,0.0,
squcuc1,XC433574.ogg,,
squcuc1,XC440697.ogg,3730.62744140625,38.63990306854248,0.0,-2.0,3725.244140625,3730.6235573488293,3730.6196732954545,
squcuc1,XC440699.ogg,2857.9345703125,1713.0357027053833,0.4657899700241522,-1.4412028661880265,2831.6162109375,2857.669275334225,2857.4051068674244,
squcuc1,XC440700.ogg,,
squcuc1,XC443357.ogg,2889.364346590909,46142.367157069115,0.18318590072011443,-1.9656071690400039,2702.4169921875,2882.158674171749,2875.032455109898,
squcuc1,XC444441.ogg,123.046875,30.572230999286358,0.28867513459481287,-1.9166666666666667,118.4326171875,122.9324180535781,122.81901041666666,
squcuc1,XC450263.ogg,2910.5712890625,5803.010897202926,2.6536515188240557,5.762752903517052,2885.44921875,2909.6957556519533,2908.856892632711,
squcuc1,XC459610.ogg,,
squcuc1,XC48730.ogg,2853.1494140625,4215.262152931907,0.698882500854042,-1.1565,2788.5498046875,2852.478931562443,2851.8152147906053,
squcuc1,XC489715.ogg,2504.67041015625,1674.7066954086567,0.832434142674236,-0.4479919804410897,2487.0849609375,2504.3500344209488,2504.0324544715045,
squcuc1,XC489716.ogg,2871.6064453125,66.23983383178711,0.4592793267718459,-0.8958333333333335,2863.916015625,2871.596567270721,2871.586697130715,
squcuc1,XC490716.ogg,,
squcuc1,XC490717.ogg,,
squcuc1,XC496463.ogg,,
squcuc1,XC497499.ogg,2783.16650390625,1796.7554926872253,0.0,-1.8028720083246619,2734.716796875,2782.897494283445,2782.6285004100205,
squcuc1,XC497985.ogg,2760.556640625,28941.287398338318,-1.0472182942618444,-0.23829826060916126,2874.6826171875,2755.289453876733,2749.7838083846095,
squcuc1,XC500052.ogg,2581.8310546875,20580.944784756364,-0.39050381274433527,-0.2747404670203073,2540.91796875,2577.910045748456,2573.919187090533,
squcuc1,XC502530.ogg,,
squcuc1,XC505877.ogg,,
squcuc1,XC505878.ogg,,
squcuc1,XC50839.ogg,2855.302734375,3549.7190952301025,0.5090838387961787,-1.3057690727816968,2820.849609375,2854.746923110087,2854.19482930527,
squcuc1,XC50843.ogg,,
squcuc1,XC50844.ogg,2876.1375633445946,548.4429485089071,-0.5203112828064997,-0.3636027653288658,2874.6826171875,2876.044531652733,2875.951234619706,
squcuc1,XC50845.ogg,,
squcuc1,XC511864.ogg,2623.82080078125,15095.186553503338,-0.205771306088524,-1.9309296742316036,2723.9501953125,2621.069304054738,2618.3031954139583,
squcuc1,XC512517.ogg,100.48828125,30.911922454833984,0.7071067811865475,-1.5,96.8994140625,100.3630030609608,100.24077316810344,
squcuc1,XC516269.ogg,,
squcuc1,XC518098.ogg,40.673828125,109.47972536087036,-0.4137372427090386,-0.6046712802768162,43.06640625,39.30630776231149,37.75301846590909,
squcuc1,XC524036.ogg,209.8174304496951,41.27872571712587,0.7618509001928704,-0.40087258397447334,204.5654296875,209.72284832692134,209.62965360740003,
squcuc1,XC529548.ogg,480.908203125,38.63990306854248,-0.7071067811865475,-1.5,484.4970703125,480.8812857807412,480.8542351973684,
squcuc1,XC531570.ogg,,
squcuc1,XC532371.ogg,219.0589317908654,27.285716166863075,0.6467616667635535,-1.58169934640523,215.33203125,218.99963677452482,218.94094797486034,
squcuc1,XC532372.ogg,118.4326171875,0.0,0.0,-3.0,118.4326171875,118.43261718750006,118.4326171875,
squcuc1,XC532373.ogg,479.8828125,1125000.1645088196,4.9329083211487905,22.57728967577082,226.0986328125,296.8209779090786,263.63355898640003,
squcuc1,XC532824.ogg,2465.5517578125,77.27980613708496,0.0,-1.0,2465.5517578125,2465.540003796609,2465.5282497246876,
squcuc1,XC532825.ogg,224.90234375,25.75993537902832,-0.4137372427090386,1.2871972318339093,226.0986328125,224.84787978852003,224.79301680579965,
squcuc1,XC532826.ogg,291.16635529891306,9204.849636130653,1.7048945251062904,0.9341556252215928,247.6318359375,279.8053163199663,271.6077506886742,
squcuc1,XC536122.ogg,2307.6416015625,492.6587641239166,0.5245839074947328,-1.48961937716263,2293.2861328125,2307.5470140480484,2307.4527273550034,
squcuc1,XC537637.ogg,3339.1845703125,1322699.0818977356,0.2884833228690742,-1.916439314063337,4565.0390625,3175.3225908996687,3028.246942579646,
squcuc1,XC538049.ogg,,
squcuc1,XC540106.ogg,,
squcuc1,XC543331.ogg,17.128684303977273,84.55615152012217,-0.5237212055421998,-0.370259489825568,21.533203125,0.0,0.0,
squcuc1,XC549930.ogg,,
squcuc1,XC549936.ogg,,
squcuc1,XC550377.ogg,2209.306640625,3807.3184490203857,-0.7998253513634803,-0.5974426912717146,2207.1533203125,2208.519661287353,2207.7212140352026,
squcuc1,XC557141.ogg,1843.1727255544354,1538250.0539441265,-0.7545899340218079,-1.4237200010342488,86.1328125,843.7046188921468,210.7278543794796,
squcuc1,XC565157.ogg,2247.528076171875,16617.91831254959,0.24723981159201636,-1.5664173896593612,2131.787109375,2244.317683386185,2241.1367499779103,
squcuc1,XC569119.ogg,36.70432350852273,117.67606843601573,1.1117614358476073,0.5241565550256642,32.2998046875,35.357776864630765,34.16325495793269,
squcuc1,XC572934.ogg,2917.7490234375,18952.872455120087,0.4050988480220732,-1.831537749347698,2820.849609375,2915.1788436727475,2912.6397568233474,
squcuc1,XC583770.ogg,2267.0425415039062,9705.860652029514,1.620219124910945,2.2309394050814007,2196.38671875,2265.119221606741,2263.2754884065666,
squcuc1,XC584576.ogg,2745.4833984375,309.11922454833984,-0.7441175562369161,-0.26562500000000044,2745.4833984375,2745.435000930569,2745.386459386201,
squcuc1,XC584577.ogg,4123.6083984375,368455.2541604409,0.247891458642738,0.12281018402845412,3875.9765625,4080.2296423197245,4035.7320238051825,
squcuc1,XC584579.ogg,7775.28076171875,11398.771405220032,-2.3223015049798335,4.489099883428573,7816.552734375,7774.594737365866,7773.894310013725,
squcuc1,XC588081.ogg,2730.615234375,248.95137548446655,-0.19128794533562768,-0.788897301389865,2734.716796875,2730.5717874793663,2730.528308378949,
squcuc1,XC599771.ogg,2824.9906099759614,184.28261463458725,-0.5085126052870289,-0.9330775234131288,2831.6162109375,2824.960454809736,2824.9302521546992,
squcuc1,XC604440.ogg,5038.76953125,519841.93593263626,-3.132041910431833,7.913023976910381,5275.634765625,4969.935760097413,4870.960975988798,
squcuc1,XC613793.ogg,667.529296875,1215215.2915298939,1.2172980748965312,-0.5170136307670647,53.8330078125,145.77576179889368,74.26972414308807,
squcuc1,XC614343.ogg,5595.40283203125,3350.079596042633,-0.3864576972657575,-1.1077728510948899,5652.4658203125,5595.13270864599,5594.861893718556,
squcuc1,XC614344.ogg,4961.25,1519440.7723546028,-1.499856956219108,0.2498092785964907,5512.5,4798.906318886537,4593.744158729957,
squcuc1,XC619313.ogg,28.7109375,38.63990306854248,-0.7071067811865475,-1.5,32.2998046875,28.216478389797928,27.685546875000004,
squcuc1,XC63870.ogg,2891.19140625,31080.83403110504,-2.1920084337023926,5.35483167658205,2863.916015625,2885.662225322783,2879.5502246637298,
squcuc1,XC65608.ogg,5377.91748046875,405.71898221969604,0.0,-1.2685714285714287,5351.0009765625,5377.886046220581,5377.854611887368,
squcuc1,XC74910.ogg,2044.21875,1751720.552419794,0.16822102965560698,-1.2233391398935616,570.6298828125,1557.7173596396021,1152.3283665208737,
squcuc1,XC85303.ogg,5989.8193359375,38.63990306854248,0.7071067811865475,-1.5,5986.23046875,5989.8171864857695,5989.815037892965,
squcuc1,XC85304.ogg,3144.315769361413,875188.3063344617,2.7611019026739383,6.017825726065558,3014.6484375,3054.2949626353247,2993.6508227301424,
squcuc1,XC85306.ogg,3043.6097610828488,3017.169873035232,0.12846257010250986,-0.5494264219897893,3036.181640625,3043.1185494947704,3042.6279445566356,
squcuc1,XC85307.ogg,2932.822265625,10235.710322856903,-1.3347070948997928,-0.003843199019096577,2993.115234375,2931.3861807358794,2929.90968353101,
squcuc1,XC85309.ogg,2975.5486739309213,6159.336127732929,-0.8127413103271799,-0.8399264779736413,3014.6484375,2974.5539626685018,2973.5451657762433,
squcuc1,XC85310.ogg,2224.3798828125,8546.333087118048,0.6904414812530371,-0.6531165514949278,2239.453125,2222.5862446417455,2220.8242344762507,
squcuc1,XC85311.ogg,5299.859619140625,106.25973343849182,-0.49338220021815865,-1.371900826446281,5307.9345703125,5299.852096386451,5299.844569463933,
