primary_label,filename,mean,variance,skewness,kurtosis,mode,gmean,hmean
stejay,XC109653.ogg,4198.974609375,597528.9191614906,-1.425486277095096,0.8723003695472271,4543.505859375,4111.389542563878,4003.03712898384,
stejay,XC110261.ogg,3607.2421875,326106.0987353325,3.1503817980078654,10.041675425556644,3434.5458984375,3573.542040191003,3546.930976095366,
stejay,XC110262.ogg,2731.432070974576,1051272.8617997423,0.9422108554167398,0.37778711892875716,2131.787109375,2554.4642664328358,2377.3548180756584,
stejay,XC11575.ogg,258.3984375,9891.815185546875,0.9440925071364424,-1.0922393798828127,204.5654296875,244.61178392028944,233.8033913221684,
stejay,XC122660.ogg,3654.0456464213707,27099.535115303534,-0.4151927594287482,-1.6282264152798664,3746.77734375,3650.4099250514564,3646.731138138088,
stejay,XC125473.ogg,3494.0185546875,617305.571436882,-0.7297254596608428,0.1036388147883951,3100.78125,3388.72677164022,3259.1867801140847,
stejay,XC131541.ogg,77.11214632601352,198412.76929185202,5.8320874985682005,32.018357584017934,0.0,0.0,0.0,
stejay,XC131548.ogg,9.228515625,55.19986152648926,0.13416407864998736,-0.6100000000000003,10.7666015625,0.0,0.0,
stejay,XC135683.ogg,,
stejay,XC136028.ogg,2823.720703125,28275.577068328857,-2.0017840644471905,2.29193190460147,2863.916015625,2818.6472566990683,2813.147168065421,
stejay,XC136132.ogg,,
stejay,XC136136.ogg,2147.16796875,805.9179782867432,1.5006919695284686,1.0502439482079193,2131.787109375,2147.009036778877,2146.852014848501,
stejay,XC139850.ogg,,
stejay,XC146610.ogg,3684.68994140625,115885.19977495588,-1.2875084731787914,0.17989642868399836,3929.8095703125,3668.1070605302502,3650.082539260435,
stejay,XC154720.ogg,,
stejay,XC156778.ogg,,
stejay,XC156785.ogg,,
stejay,XC158111.ogg,88.525390625,306.1469243122981,0.07237906070796417,-0.9697898011122628,75.3662109375,86.82302742789625,85.0904982358951,
stejay,XC161454.ogg,3283.8134765625,60729.047656059265,1.033848935784606,-0.8624541157763459,3133.0810546875,3275.4591955788355,3267.517819700761,
stejay,XC161655.ogg,,
stejay,XC163635.ogg,2857.6953125,92348.43160889366,-0.33703970417685714,2.1758554608280534,2906.982421875,2841.1112428863657,2823.521470390192,
stejay,XC165661.ogg,0.0,0.0,0.0,-3.0,0.0,0.0,0.0,
stejay,XC167134.ogg,15.611572265625,56.68277306071783,0.029242383274963996,-0.2294002625184346,10.7666015625,0.0,0.0,
stejay,XC170836.ogg,2126.40380859375,34.77591276168823,0.0,-2.0,2121.0205078125,2126.3969942780454,2126.3901799841774,
stejay,XC172197.ogg,4657.121839021382,50113.013689836764,-2.5389118522606426,11.013051010329148,4694.23828125,4651.366072832233,4644.992468165745,
stejay,XC172421.ogg,6.2115009014423075,29.425772336813115,-0.3113995776646092,-1.9030303030303026,10.7666015625,0.0,0.0,
stejay,XC172422.ogg,7.177734375,26.648209012787916,-0.7071067811865475,-1.5000000000000002,10.7666015625,0.0,0.0,
stejay,XC185160.ogg,43.06640625,115.91970920562744,0.0,-1.75,32.2998046875,41.968857173926736,40.885828718354425,
stejay,XC187070.ogg,26.91650390625,34.77591276168823,0.0,-2.0,21.533203125,26.37268009197709,25.83984375,
stejay,XC207202.ogg,3346.540633491848,229917.8086863205,-0.5753234047420004,-1.0583183673372096,2605.517578125,3311.393030534984,3274.179809378721,
stejay,XC210108.ogg,23.189603365384617,16.34765129822951,1.9188064472004926,1.681818181818178,21.533203125,22.919207688324313,22.697160050675674,
stejay,XC212635.ogg,2797.9705810546875,4717.518165707588,0.8105194793636354,-1.0825325611623462,2745.4833984375,2797.241817857629,2796.5220489647004,
stejay,XC233018.ogg,1613.19580078125,536263.8947367668,-1.788645744556195,1.1996261855177233,1916.455078125,1202.758714684681,542.569086655266,
stejay,XC235064.ogg,68.81262737771739,397.7008205157494,0.5486442850086345,-1.1117856611947579,53.8330078125,66.20480415406674,63.82002726145429,
stejay,XC237496.ogg,2761.9921875,1057.6293468475342,0.4811642281806479,-1.1923915080565373,2734.716796875,2761.814127352113,2761.6367123064033,
stejay,XC253551.ogg,212.10205078125,25.624356771770277,-0.8728715609439694,-1.2380952380952377,215.33203125,212.0438684577882,211.98490123056993,
stejay,XC263152.ogg,3233.5693359375,269257.3345452547,0.14509912353879162,-1.7419071225257925,2648.583984375,3193.4401884143513,3154.1717973173163,
stejay,XC265367.ogg,,
stejay,XC265520.ogg,2900.072513409515,88547.5583865814,0.9149458083832444,0.7806280700650441,2551.6845703125,2885.759737243419,2872.133285811985,
stejay,XC265521.ogg,3531.4453125,335877.3574233055,0.4362843424249953,-1.7465424583538365,3079.248046875,3494.7448426339315,3459.8532249635778,
stejay,XC265522.ogg,3252.3866395692567,623972.4714691576,-0.24251112956703832,-0.5648502385069829,3273.046875,3148.9124354970445,3034.563973008502,
stejay,XC265523.ogg,4231.2744140625,73095.65663337708,-1.2110873762315617,0.7826760796731747,4198.974609375,4223.3026086459995,4214.894742104921,
stejay,XC270233.ogg,3358.82080078125,4074117.963731289,-0.8441328059590055,-0.8818579267161648,150.732421875,1835.0797786517826,533.6015163095955,
stejay,XC277099.ogg,4067.98095703125,36500.657525929535,1.8096511442741292,3.0688278661379798,3908.2763671875,4064.070480078369,4060.3497582217624,
stejay,XC282607.ogg,2078.671875,1726433.077096939,-0.3357477044715073,-1.8030849122061134,538.330078125,1542.2096170521818,1074.3143308439553,
stejay,XC288457.ogg,,
stejay,XC288627.ogg,3035.643310546875,24824.81583011778,-0.2579825229993745,-0.05883865547747025,3003.8818359375,3031.712370475584,3027.731987826583,
stejay,XC292470.ogg,121.4075991981908,23.488993707456086,1.0004328067720467,-0.9991341991342026,118.4326171875,121.31455309930408,121.22395833333334,
stejay,XC293739.ogg,2549.53125,81.14379644393921,0.3436215967445456,-1.153061224489796,2540.91796875,2549.518528352,2549.5058158764855,
stejay,XC293740.ogg,2663.9998002485795,334675.82390468416,-0.16550238655771293,-1.3622914829562325,3036.181640625,2599.442843778922,2533.2150464504193,
stejay,XC293741.ogg,2734.716796875,2925.5926609039307,0.12454965996977031,-1.2912210751156998,2670.1171875,2734.206916875643,2733.697818562339,
stejay,XC295327.ogg,2531.22802734375,417313.6883244086,0.4115557564445935,-1.3955459453094483,1927.2216796875,2452.904294769365,2380.0843208584183,
stejay,XC295329.ogg,4013.0712890625,13404.734373092651,0.2890455700932314,-1.433839561347315,4155.908203125,4011.520228821214,4009.977454517121,
stejay,XC295851.ogg,2433.251953125,538099.2901325226,0.0004308178325260348,-1.9994255968474468,1798.0224609375,2348.864533577061,2267.4073912573067,
stejay,XC295855.ogg,3810.7177734375,79445.61213254929,-0.7008603966065526,1.0087774093942903,3811.376953125,3800.053713548088,3788.88817678051,
stejay,XC295856.ogg,,
stejay,XC297436.ogg,2956.5494177476417,426470.1243581897,0.4124594264402443,-1.7164797397589586,2444.0185546875,2888.8591408947677,2826.055352843403,
stejay,XC301384.ogg,2965.1220703125,78706.17055892944,-2.343168589719245,5.162717349708313,2777.783203125,2950.4452700366214,2932.98281493634,
stejay,XC302307.ogg,4437.434895833333,323190.4241213432,0.07979483225533135,-1.653135893546481,4995.703125,4402.3677292129005,4367.619728328329,
stejay,XC302311.ogg,1563.5124206542969,72152.42343504103,0.504003567847995,-1.7232269496505557,1356.591796875,1542.2077466989006,1522.2904433764386,
stejay,XC302312.ogg,4638.780126031839,188558.5489298159,-0.33144940403510215,-0.7590948571838534,4392.7734375,4618.269852558174,4597.204769561676,
stejay,XC302314.ogg,2776.2451171875,193.62412966214694,0.271676526951981,-0.8760387811634343,2767.0166015625,2776.2127641444113,2776.1804389572067,
stejay,XC302315.ogg,4220.5078125,1333.0766558647156,1.4191014536126718,0.1427221172022688,4198.974609375,4220.382384712484,4220.257869511957,
stejay,XC303684.ogg,3815.9912109375,560725.2887579111,0.006821961476666943,-1.943228242753089,4478.90625,3747.1374759951022,3679.4482117699686,
stejay,XC304672.ogg,125.2840909090909,1026.4163342389195,0.20350331135466354,-1.100441035717147,139.9658203125,121.54390652179318,117.88185837922818,
stejay,XC305018.ogg,,
stejay,XC312026.ogg,2145.5193616672905,41881.462269621945,0.25916659784495627,-1.3959984177757898,2034.8876953125,2135.9290957524045,2126.486901314379,
stejay,XC321746.ogg,2634.4895241477275,191284.14705666632,-0.5867827723831661,-1.511834492677636,2024.12109375,2595.9956684801496,2555.258721579033,
stejay,XC321747.ogg,2587.3489379882812,541742.5499930978,-0.027077585054352236,-1.6937617315376787,1808.7890625,2485.710130417806,2385.8116198978028,
stejay,XC326865.ogg,,
stejay,XC327700.ogg,28.874067826704547,59.46530537171797,0.5295227250446708,-0.8557389307269134,21.533203125,27.93801301148811,27.070312499999996,
stejay,XC328129.ogg,,
stejay,XC329096.ogg,3863.8641357421875,13738.417536020279,-0.14447488213045068,-0.7804006544197666,3811.376953125,3862.191479736226,3860.5130625945044,
stejay,XC329104.ogg,21.533203125,38.63990306854248,0.0,0.49999999999999956,21.533203125,20.666181831875875,19.660750679347824,
stejay,XC329618.ogg,186.62109375,618.2384490966797,0.7071067811865475,-1.5,172.265625,185.56751920001182,184.5703125,
stejay,XC330649.ogg,,
stejay,XC332713.ogg,3438.345875459559,36397.962168576254,-0.6790411003756417,-0.9716994565294876,3563.7451171875,3433.0688786903265,3427.6554854557535,
stejay,XC337558.ogg,4890.1904296875,81.14379644393921,-0.3436215967445456,-1.153061224489796,4888.037109375,4890.183789899356,4890.177147599843,
stejay,XC337559.ogg,3657.9970062756147,22869.628400099078,-2.719756245867772,11.135470270954235,3671.4111328125,3654.6525886040467,3650.9974331540247,
stejay,XC346414.ogg,102.28271484375,38.63990306854248,0.0,-2.0,96.8994140625,102.14095079108318,101.9993832236842,
stejay,XC355085.ogg,,
stejay,XC355086.ogg,32.2998046875,0.0,0.0,-3.0,32.2998046875,32.29980468750001,32.2998046875,
stejay,XC355087.ogg,2491.3916015625,3370759.672164917,-0.5817209605108778,-1.4338175596169591,0.0,0.0,0.0,
stejay,XC356716.ogg,2833.76953125,23.18394184112549,1.5,0.25,2831.6162109375,2833.7662636897962,2833.7630010898406,
stejay,XC356717.ogg,3942.96875,22339.80857408964,-0.0286370170544159,1.4191567657261102,3897.509765625,3940.231359962466,3937.4807072936546,
stejay,XC356718.ogg,3012.163837139423,640.5307008669926,-0.07301987213919901,-1.2268856218474302,2982.3486328125,3012.0656492493054,3011.967421033239,
stejay,XC356719.ogg,3331.365966796875,47821.020036935806,-0.1507869235966193,-0.5902923310797008,3305.3466796875,3324.3137152988475,3317.18773138935,
stejay,XC356720.ogg,4128.99169921875,7735.4113642986,-0.7327858822201353,-1.1886214485628153,4209.7412109375,4128.112921466491,4127.225306468905,
stejay,XC357025.ogg,4145.664252123786,481374.50011848105,-2.16979579642347,3.3173312992508324,4500.439453125,4067.0303783714867,3960.610416292697,
stejay,XC357805.ogg,,
stejay,XC365167.ogg,,
stejay,XC368857.ogg,2767.0166015625,289.7992730140686,0.0,-1.3,2745.4833984375,2766.9747074100455,2766.9328130038703,
stejay,XC371060.ogg,2951.921280570652,534038.4348649753,1.1667818000184336,0.4293416326734243,2465.5517578125,2876.6787803142934,2812.449429545495,
stejay,XC375749.ogg,3641.2646484375,344714.3032550812,-2.4000244611771566,4.367704473912708,3746.77734375,3582.947856229922,3503.744841082348,
stejay,XC381627.ogg,,
stejay,XC383427.ogg,155.0390625,962.1335864067078,0.39555623177563715,-1.7123675424589926,129.19921875,152.64553159273663,150.38462435261584,
stejay,XC387558.ogg,3146.4111328125,243963.51599693298,-1.727445624779122,1.4003514242279502,3283.8134765625,3100.632411731537,3044.599900198927,
stejay,XC390091.ogg,4700.110973011364,799645.7685665651,0.1640374283406221,-1.9511465203903997,3886.7431640625,4623.635881710307,4549.793436057517,
stejay,XC390196.ogg,4170.463053385417,291746.53781472513,-1.1297782066339643,4.110918432277049,4145.1416015625,4130.2126710211,4081.2844420548395,
stejay,XC404506.ogg,,
stejay,XC406317.ogg,2365.0634765625,331196.84495423967,0.12186371419252962,-1.8110856592086135,1916.455078125,2296.8049295332435,2231.015215576553,
stejay,XC406906.ogg,1874.46533203125,906684.0375065804,-1.4911184111671223,0.23994710419267218,2304.052734375,1147.5528713902515,297.376577727858,
stejay,XC406987.ogg,3394.171142578125,3838.523098013618,0.21806873593328843,-1.5841154976166465,3326.8798828125,3393.654051183673,3393.1382909432823,
stejay,XC412611.ogg,5490.966796875,92.73576736450195,0.0,-1.5,5480.2001953125,5490.9597598715,5490.9527228679935,
stejay,XC412625.ogg,2793.57421875,275091.8219089508,0.05957659106200538,-1.8873769521749657,2271.7529296875,2747.4740621686637,2702.252324051486,
stejay,XC414139.ogg,3364.3773572198274,644601.5222730308,-0.06666775703544937,-1.9668938018330084,2497.8515625,3269.4793175619243,3176.1359773718036,
stejay,XC422408.ogg,2248.8739013671875,10811.582878232002,-0.08683652029898666,-1.8977680460095478,2347.119140625,2246.7641324705137,2244.650663647218,
stejay,XC425023.ogg,,
stejay,XC428812.ogg,,
stejay,XC428813.ogg,,
stejay,XC433804.ogg,1322.5392896075582,1153185.4420207266,2.3539735219383,3.6287078186773343,947.4609375,1112.3774064117217,1018.5968822870947,
stejay,XC441356.ogg,,
stejay,XC445956.ogg,,
stejay,XC445957.ogg,3772.4782636088707,340855.5480318685,-0.37592954807885254,-1.4084375514968366,2971.58203125,3726.487573599692,3678.769573539965,
stejay,XC445958.ogg,3999.254150390625,1509426.8347385682,-0.18933850164446833,-1.501411687984068,2982.3486328125,3800.5659913237473,3584.9252453334534,
stejay,XC445960.ogg,3920.6993689903848,162583.72785350087,1.5954121240253247,1.8663203377126214,4338.9404296875,3902.3013686860854,3885.5454965258054,
stejay,XC445961.ogg,2814.4478462837837,2894.5116577921685,0.32483125253470835,-1.0719358186326202,2777.783203125,2813.949437820526,2813.452997827659,
stejay,XC445962.ogg,4039.3755744485293,1713.225113994935,0.1947019008857051,-1.194277864409294,4069.775390625,4039.1762280371354,4038.9771332479036,
stejay,XC448728.ogg,2449.248046875,183905.74195104488,-0.9663659182380905,-0.36398547311792395,2508.6181640625,2407.226734523363,2359.5118342928595,
stejay,XC456267.ogg,59.70569957386363,147.53417535261673,0.10141851056742288,-1.2834693877551016,53.8330078125,58.57041946041364,57.43845175375289,
stejay,XC456269.ogg,102.28271484375,347.7591276168823,-0.8888888888888888,-0.8148148148148153,107.666015625,100.85590315277692,99.28482877994013,
stejay,XC456270.ogg,2693.8037109375,2178212.4797701836,-1.4995496913505617,0.249403967982047,3348.4130859375,1467.6924709156344,252.92546867746813,
stejay,XC456271.ogg,56.7041015625,107.08773136138916,0.4470584822733132,-0.6075565947497079,53.8330078125,55.84530028694953,55.01183280109489,
stejay,XC456272.ogg,,
stejay,XC457476.ogg,2981.5204326923076,16604.75526864712,-1.67382179879529,1.7275678422675842,3057.71484375,2978.8207246955717,2975.985888013778,
stejay,XC459467.ogg,360.68115234375,6294.44020986557,-0.7539712997291697,-0.7121272244436989,333.7646484375,352.3172895043055,342.8540483455623,
stejay,XC461544.ogg,3375.32958984375,748.2090321454135,0.4169035530218221,-0.9938504265026782,3348.4130859375,3375.228205646282,3375.127037479092,
stejay,XC465642.ogg,,
stejay,XC465643.ogg,,
stejay,XC465644.ogg,,
stejay,XC465645.ogg,87.4786376953125,213.20946514606476,1.234053173623241,0.5574512206617022,75.3662109375,86.51741818856097,85.65386771300447,
stejay,XC466061.ogg,3585.6770833333335,45765.82775666164,-0.01207874386935987,0.060458674970979676,3509.912109375,3579.5008809506107,3573.286298795008,
stejay,XC475247.ogg,2316.5082146139707,201173.4275747748,0.9280613979141126,-0.17217672106455906,1937.98828125,2277.56233030059,2242.2752439022097,
stejay,XC477832.ogg,2656.9580078125,564667.4434840679,1.1553183394921318,0.6222358071774052,2034.8876953125,2574.5583120161496,2503.295972252377,
stejay,XC489337.ogg,,
stejay,XC489338.ogg,4193.177208533654,109116.11396532792,0.6449516806981368,-0.8078326490957881,3983.642578125,4180.862241983415,4168.920995164778,
stejay,XC489342.ogg,2554.169170673077,176.85186404448288,-0.17648571968988228,-0.9578066520725814,2562.451171875,2554.1371941081966,2554.1051982988956,
stejay,XC490775.ogg,3104.736328125,456471.01633250713,0.5858812517558469,-1.0151165535389584,3994.4091796875,3036.671755992371,2973.475013183799,
stejay,XC492066.ogg,4144.06494140625,2819.4249272346497,0.5669806347583556,-1.0102896224550637,4123.6083984375,4143.760156016135,4143.456755167354,
stejay,XC492767.ogg,,
stejay,XC492768.ogg,240.4541015625,1229.4514612718062,0.8436292001852755,0.6525061224489797,247.6318359375,238.2344508698328,236.1258277286736,
stejay,XC494265.ogg,3596.044921875,33709.45143699646,-0.7027324259787421,-1.49999716193435,3359.1796875,3592.0493507514775,3587.9685978827692,
stejay,XC494453.ogg,654.331527217742,2024164.5345995503,1.8563690846323848,1.4746658281857847,43.06640625,0.0,0.0,
stejay,XC494454.ogg,66.7529296875,197.06350564956665,0.3631734744194305,-1.3719723183391002,53.8330078125,65.60463124347916,64.50745586661911,
stejay,XC494455.ogg,1481.005859375,2949725.1203656197,0.2711554673774112,-1.8747521999849532,43.06640625,301.9877703721473,79.86509307704397,
stejay,XC494456.ogg,4381.36083984375,225699.9794125557,0.7051428028345339,-0.5264358497462078,3972.8759765625,4357.1333453059315,4333.936166117503,
stejay,XC498904.ogg,0.0,0.0,0.0,-3.0,0.0,0.0,0.0,
stejay,XC502160.ogg,,
stejay,XC502310.ogg,,
stejay,XC503309.ogg,2980.3910688920455,1456.373073837974,-0.6344960033705974,-0.8081965565121942,2939.2822265625,2980.167779044192,2979.943318654427,
stejay,XC503349.ogg,3935.19287109375,656.8783521652222,-1.0272097060362337,-0.7820069204152253,3951.3427734375,3935.1300310681304,3935.0669478223185,
stejay,XC522477.ogg,4480.039576480263,39286.063382160966,-1.7464408595320093,2.9682480248799017,4478.90625,4475.528603199513,4470.75807092432,
stejay,XC538339.ogg,,
stejay,XC539039.ogg,982.9570770263672,1681931.2419835476,0.7581462872174014,-1.1605440994257967,43.06640625,190.22655627072774,67.36202774072409,
stejay,XC540290.ogg,,
stejay,XC540296.ogg,,
stejay,XC540298.ogg,,
stejay,XC545913.ogg,,
stejay,XC545914.ogg,,
stejay,XC552550.ogg,1907.841796875,81.14379644393921,-0.3436215967445456,-1.153061224489796,1905.6884765625,1907.8247675227208,1907.8077216056524,
stejay,XC553421.ogg,2170.2392578125,143121.09696865082,1.9212637740284064,1.8961064865731556,2002.587890625,2144.15017890774,2122.6824652703576,
stejay,XC558711.ogg,3589.5849609375,34.77591276168823,0.40824829046386296,-1.8333333333333333,3585.2783203125,3589.58108728296,3589.5772151809806,
stejay,XC561908.ogg,2519.000244140625,55417.90097951889,2.7572858091858263,9.279381278198812,2487.0849609375,2509.6069616884292,2501.342671524523,
stejay,XC564994.ogg,2173.77685546875,3147878.954708576,-0.27972779850406243,-1.8714483254285441,3811.376953125,868.8569853070471,259.4206001372154,
stejay,XC567738.ogg,3141.54052734375,270825.3976848067,0.2661209344472178,-0.10788138163724614,2508.6181640625,3099.4786549277333,3057.4373806715525,
stejay,XC573279.ogg,,
stejay,XC573281.ogg,3700.1220703125,3294.9299162084408,0.6260111035018621,-0.31798818881529023,3660.64453125,3699.716361506548,3699.313079517799,
stejay,XC574646.ogg,,
stejay,XC575356.ogg,4352.21923828125,139476.85921397703,1.088485052255097,-0.5243024239985212,4177.44140625,4337.578952556396,4323.788265307102,
stejay,XC576137.ogg,4951.394418569712,146571.91206583608,1.9369658537198025,2.9098731238014164,4974.169921875,4938.364822485113,4926.4323815919,
stejay,XC577311.ogg,2817.2607421875,357954.5420408249,0.48517883261162703,0.5384662245563496,1981.0546875,2758.7013909217367,2700.4618099787817,
stejay,XC577312.ogg,3842.138671875,3362963.2437229156,-0.05432014851864348,-1.660215548793938,3240.7470703125,3419.4342335489787,3001.1140210814724,
stejay,XC578548.ogg,13.8427734375,48.023879528045654,-0.3058533486163162,-0.66884661117717,10.7666015625,0.0,0.0,
stejay,XC587110.ogg,3606.1386108398438,265185.1717606187,1.0174315184524465,-0.58728344061648,3197.6806640625,3574.3635347345557,3545.321361236326,
stejay,XC587111.ogg,3290.9912109375,216.3834571838379,0.6490630160730306,-0.39795918367346994,3283.8134765625,3290.9638628973044,3290.936562727343,
stejay,XC590433.ogg,4447.739771792763,62672.56699110333,-0.8753091638490176,0.7440190631480901,4500.439453125,4440.816508670537,4433.62909949578,
stejay,XC594156.ogg,3189.990234375,34302.0431811993,-2.885348542068092,7.227355935892424,3197.6806640625,3184.370835560644,3178.042423483921,
stejay,XC603261.ogg,2892.626953125,69331.02607727051,-0.17939802390402262,-1.878448352367236,2573.2177734375,2881.2962173493584,2869.8812052907315,
stejay,XC603262.ogg,2891.4306640625,4002.4499595165253,-0.9533731119866309,0.3118493329337775,2863.916015625,2890.8069971097534,2890.174764961046,
stejay,XC603263.ogg,2807.598407451923,225911.16559046964,2.595999951412231,5.718108307584332,2573.2177734375,2778.0453602762154,2754.4809715385104,
stejay,XC603265.ogg,,
stejay,XC603267.ogg,,
stejay,XC603269.ogg,,
stejay,XC605630.ogg,3813.5302734375,81.14379644393921,-0.3436215967445456,-1.153061224489796,3811.376953125,3813.5217581450975,3813.5132387201656,
stejay,XC605631.ogg,3385.3536671605602,79887.438579285,-0.056781170725314044,-1.5007281909806611,3014.6484375,3373.682106896669,3361.975982938674,
stejay,XC605632.ogg,2648.583984375,190409.71434116364,-0.2340673935702599,-1.7641984448174854,2121.0205078125,2612.261248142004,2575.3412767698387,
stejay,XC605633.ogg,3171.41015625,82236.1465036869,0.4893839015848875,-0.6204352924392049,3143.84765625,3159.236300490322,3147.3428842643702,
stejay,XC605635.ogg,3284.41162109375,497.3940463627086,0.4143178089762109,-1.017188824160991,3262.2802734375,3284.340235417852,3284.268978603194,
stejay,XC605636.ogg,4031.2422902960525,16606.345710001493,2.601733161559328,6.104071092068139,3983.642578125,4029.3887990872718,4027.627778068111,
stejay,XC605637.ogg,3180.231344288793,346247.3176162819,0.8034311404718004,-1.330369988488077,2820.849609375,3131.9273157421453,3088.436713504302,
stejay,XC612665.ogg,3560.7083834134614,96170.33850567543,-1.5962170526345665,0.8340242450722357,3746.77734375,3546.1568513879083,3530.128462703712,
stejay,XC619060.ogg,3212.8517844460225,3770.4539664451977,-0.902097984195289,-0.6085533172038065,3262.2802734375,3212.2716298164896,3211.6847724994527,
stejay,XC65761.ogg,67.67578125,143.51963996887207,0.19201160638565623,-1.143491124260355,53.8330078125,66.77020718796989,65.87681289021852,
