primary_label,filename,mean,variance,skewness,kurtosis,mode,gmean,hmean
strsal1,XC10826.ogg,2699.374256963315,50848.3764425568,0.5638597458679006,-0.9697565571016793,2853.1494140625,2690.4017726703996,2681.686004768554,
strsal1,XC115479.ogg,1326.983642578125,30057.45368925008,-1.6908461203393723,1.932665362586202,1173.5595703125,1314.6475763941862,1299.98810126202,
strsal1,XC115481.ogg,,
strsal1,XC120312.ogg,2341.73583984375,67096.43531929363,-0.0038456296025853928,-1.9877620117414256,2099.4873046875,2328.5618954170573,2315.4565816275153,
strsal1,XC130725.ogg,,
strsal1,XC146463.ogg,3307.5,81.14379644393921,-0.3436215967445456,-1.153061224489796,3305.3466796875,3307.490181175816,3307.4803568551515,
strsal1,XC148216.ogg,3182.2998046875,264.95933532714844,0.4784159653873395,-1.087239583333333,3165.380859375,3182.2641750207476,3182.228598921534,
strsal1,XC149740.ogg,2282.51953125,73230.34429550171,3.5811935478132555,10.918447457227263,2207.1533203125,2270.612048757334,2261.1849590346505,
strsal1,XC158029.ogg,427.587890625,1279819.8294639587,2.041241452319315,2.166666666666666,0.0,0.0,0.0,
strsal1,XC197560.ogg,2505.926513671875,94529.8883183436,0.33315198340955693,-1.437715003602391,2196.38671875,2488.9717960603684,2472.467439644273,
strsal1,XC235016.ogg,,
strsal1,XC235260.ogg,2903.7923177083335,156307.9976701291,0.7799919220539991,-0.05970250637147734,2960.8154296875,2878.5055584186593,2854.5828912778725,
strsal1,XC236096.ogg,2836.99951171875,392.8390145301819,0.22528459054971867,-1.4668099973125504,2820.849609375,2836.9372608826643,2836.8750719806617,
strsal1,XC241057.ogg,68.5147372159091,52.69077691164883,-0.5091168824543155,-0.6759999999999988,64.599609375,68.14938731042959,67.76798258685287,
strsal1,XC241058.ogg,3132.4081420898438,1722.8566780686378,0.6114154446505612,-0.8724102327592695,3100.78125,3132.151638961253,3131.896458005823,
strsal1,XC243076.ogg,2597.235576923077,7016.1147071765035,-0.11420210532710838,-0.06853007879946693,2540.91796875,2595.984361588223,2594.7284171112283,
strsal1,XC243077.ogg,2822.116268382353,134639.0375407303,1.3731358474525177,1.211819014855939,2713.18359375,2801.7089559818946,2783.1475075117232,
strsal1,XC243078.ogg,2691.1376953125,13637.677788734436,4.1639640012299965,15.589561059643206,2659.3505859375,2688.9741097099,2687.033295715983,
strsal1,XC243079.ogg,2752.762227662852,6762.340669900599,-0.17766354257105466,0.7371415037855771,2713.18359375,2751.5452177630646,2750.3214403319544,
strsal1,XC243080.ogg,2964.404296875,53841.295522802015,-1.586200383149124,0.8762641543715723,3068.4814453125,2955.041556875089,2944.850288004018,
strsal1,XC243081.ogg,2550.3387451171875,1021366.4878159761,-2.212985040865219,3.0021421167309006,2993.115234375,1804.2744118825706,447.10446119609077,
strsal1,XC243082.ogg,2459.486066791373,807316.9604674191,-1.5057677976800414,1.6318941368480475,2971.58203125,2051.620431730081,1210.8259623652466,
strsal1,XC245122.ogg,2573.2177734375,77.27980613708496,0.0,-1.0,2573.2177734375,2573.2065112280366,2573.195248969284,
strsal1,XC245123.ogg,2519.384765625,77.27980613708496,0.0,-1.0,2519.384765625,2519.3732627667737,2519.3617598560304,
strsal1,XC251478.ogg,,
strsal1,XC251479.ogg,2854.6875,209.75947380065918,1.5032767824676283,1.1599722991689756,2853.1494140625,2854.6561559939114,2854.624958397137,
strsal1,XC251480.ogg,2913.833895596591,17360.858267003838,-1.704905896185717,4.042223287388805,2831.6162109375,2910.826890558215,2907.63992560173,
strsal1,XC251481.ogg,,
strsal1,XC254263.ogg,,
strsal1,XC257147.ogg,2452.7234665890956,12305.826151073252,0.2055340362955929,-0.3942433106585579,2411.71875,2450.2781824202466,2447.8426420639694,
strsal1,XC259790.ogg,2567.83447265625,43032.19411907525,2.7578709258357077,7.045805586013362,2433.251953125,2560.7170480924733,2554.449709062025,
strsal1,XC259791.ogg,2702.4169921875,8313.099145889282,0.10712701821500564,-1.8697957175282933,2616.2841796875,2701.0737814882023,2699.7341009074353,
strsal1,XC259792.ogg,2636.675470525568,184958.38060370693,0.9234764969651648,-0.9657052124796639,2368.65234375,2604.9866428229457,2576.3214280879756,
strsal1,XC259793.ogg,3068.4814453125,127410.62191816476,-0.49261714436486953,0.40468898935523834,3090.0146484375,3047.0358335227374,3024.210644112728,
strsal1,XC259794.ogg,2416.025390625,5525.506138801575,-0.52985518979756,-1.031654970903223,2390.185546875,2414.91517573348,2413.7927781207463,
strsal1,XC259795.ogg,2695.2392578125,38.63990306854248,0.7071067811865475,-1.5,2691.650390625,2695.234483261656,2695.2297129529593,
strsal1,XC259796.ogg,3209.9853515625,399777.7786621681,0.8852694757626173,-1.1253152485861844,2702.4169921875,3157.4417785355017,3110.661731375135,
strsal1,XC259797.ogg,5191.6552734375,637590.1260250494,-2.609862869338401,4.953203657983094,5447.900390625,5110.540647873761,4999.084099199408,
strsal1,XC259798.ogg,2975.7230318509614,12684.291257308081,-1.1388369477350577,0.992101107504193,2960.8154296875,2973.696480459455,2971.6083557731313,
strsal1,XC264853.ogg,2129.095458984375,9530.25609254837,2.1936898431594902,2.9493652254187612,2088.720703125,2127.2509195572266,2125.514774059032,
strsal1,XC264854.ogg,3288.782677283654,115125.63573204071,1.3137388346488241,0.6461257196720838,3003.8818359375,3273.0143185042366,3258.4668508180334,
strsal1,XC264855.ogg,2616.2841796875,17465.2361869812,0.01384969701160546,-1.9078173701934371,2476.318359375,2613.1541993036144,2610.028701433348,
strsal1,XC276468.ogg,2706.4544677734375,151204.99992026732,-4.453439189753913,22.49024692437985,2465.5517578125,2646.6395611679854,2495.2680655594836,
strsal1,XC307415.ogg,,
strsal1,XC314410.ogg,2875.28076171875,321.1486283338295,-0.23740389808429796,-0.02185371334040198,2874.6826171875,2875.2258932708382,2875.1709681600405,
strsal1,XC335019.ogg,2889.0380859375,1608.825055035678,-1.915600137680431,3.087183692149271,2896.2158203125,2888.7783903679783,2888.5141465601423,
strsal1,XC335022.ogg,2895.01953125,1635.7558965682983,-1.3640370441030027,0.25020537541075116,2906.982421875,2894.7653404170865,2894.5080635596496,
strsal1,XC341351.ogg,2881.534090909091,235300.14863881198,0.4617278894644295,-1.6456621945997962,2627.05078125,2845.8751272691575,2812.1563746435913,
strsal1,XC341370.ogg,2388.462890625,28271.657878160477,0.526252078966923,-1.5127349557410283,2271.7529296875,2382.906141738888,2377.48739175598,
strsal1,XC341371.ogg,3008.0948539402175,513184.34172468225,0.41441337117774935,-1.4706484167608866,2239.453125,2929.6946969638166,2856.440435696016,
strsal1,XC341385.ogg,2554.8512178308824,51754.74075710072,0.036476624261708175,-1.6155876663828523,2260.986328125,2545.3062965300346,2535.788074165039,
strsal1,XC341393.ogg,2931.348941200658,3192.1983078906414,0.13639424966639904,-1.7306068799817234,2993.115234375,2930.8339159495313,2930.319812030182,
strsal1,XC341394.ogg,2899.44580078125,64890.56521654129,-2.661139009402245,5.0939904988949145,2971.58203125,2887.55523986692,2873.559786383665,
strsal1,XC343327.ogg,23.92578125,80.4997980594635,0.9616652224137047,0.6744000000000003,21.533203125,22.525494439534068,21.141690340909093,
strsal1,XC344331.ogg,3319.5132606907896,22360.301802032875,-0.37778459843277695,-1.1292338649666631,3488.37890625,3316.2828959368426,3313.014740451229,
strsal1,XC352997.ogg,2572.2389914772725,35260.667909275406,0.022601844878325866,-1.4133786445424223,2756.25,2565.6854344198496,2559.1362573526035,
strsal1,XC353645.ogg,,
strsal1,XC355899.ogg,0.0,0.0,0.0,-3.0,0.0,0.0,0.0,
strsal1,XC359163.ogg,2929.28466796875,268210.8194782184,0.2710684551095032,-0.6453501607827743,2250.2197265625,2887.0234771034334,2845.2265717009977,
strsal1,XC364230.ogg,2646.78955078125,167361.01216077805,0.7558009284198494,-1.361589297857411,2379.4189453125,2622.055404435705,2599.1256751577475,
strsal1,XC367894.ogg,,
strsal1,XC386634.ogg,2636.4715576171875,52455.600410699844,1.341688917164438,0.6949312041630566,2605.517578125,2627.753437893591,2619.612702514543,
strsal1,XC386673.ogg,2399.4140625,393718.5323238373,2.0398010106647235,2.1635430705170133,2164.0869140625,2345.583873328751,2305.2518272992866,
strsal1,XC386674.ogg,2660.888671875,275011.23011112213,0.3217315552376514,-1.8550426813534695,2207.1533203125,2613.1677947000017,2568.0756678307844,
strsal1,XC386683.ogg,2309.9254261363635,251670.11920972302,2.843526780552407,6.091490548260772,2153.3203125,2273.755058327133,2247.574775928683,
strsal1,XC387078.ogg,2898.2096354166665,302372.43326810695,-0.39621286344140505,-1.625130107469625,3348.4130859375,2844.6244206867327,2788.837152652547,
strsal1,XC387079.ogg,2691.182277513587,77871.47010739139,-0.9475748678443583,-0.8286398522619218,2207.1533203125,2676.3217528455825,2660.468625242314,
strsal1,XC387080.ogg,1917.0645084021226,1564797.5467939163,-0.5929732554445623,-1.0645440391525207,0.0,0.0,0.0,
strsal1,XC388841.ogg,26.1474609375,33.119916915893555,0.28867513459481287,-1.9166666666666667,21.533203125,25.619834480596403,25.1220703125,
strsal1,XC388859.ogg,,
strsal1,XC403945.ogg,,
strsal1,XC407356.ogg,2410.4764498197114,16263.552685668566,0.27141285010675353,3.4467990770918133,2411.71875,2407.173458416187,2403.860413468773,
strsal1,XC407436.ogg,2547.229424838362,101682.42767967026,0.8688010706406035,-1.000657896379162,2422.4853515625,2529.136055700513,2512.279555203557,
strsal1,XC411383.ogg,3398.2086181640625,1450.9283602237701,-0.7058072812544859,-0.7784489743812513,3423.779296875,3398.007434022945,3397.805210530524,
strsal1,XC411384.ogg,3384.7005208333335,1312.1054264215322,0.34543674355029674,-0.4331107933497047,3391.4794921875,3384.5143010803204,3384.328511033384,
strsal1,XC414322.ogg,2958.8578657670455,46479.58812930367,0.00573643858787403,-1.6834182529180222,2691.650390625,2951.7055158801004,2944.5618676175122,
strsal1,XC423702.ogg,3012.4951171875,81.14379644393921,0.3436215967445456,-1.153061224489796,3003.8818359375,3012.4843494394354,3012.473588266006,
strsal1,XC423768.ogg,3171.9344429347825,84165.3248641802,0.4115940332888896,-1.4976591954331988,2842.3828125,3159.2270329740145,3146.8410061895893,
strsal1,XC424151.ogg,7062.890625,1298.3007431030273,0.5260609853903389,-1.3086734693877553,7030.5908203125,7062.814157432162,7062.7378146447745,
strsal1,XC424605.ogg,3703.7109375,1655.9958457946777,-1.0182337649086284,-0.7695999999999996,3639.111328125,3703.5139405260993,3703.3155635652656,
strsal1,XC425068.ogg,,
strsal1,XC428291.ogg,,
strsal1,XC430428.ogg,3576.6650390625,895213.138282299,-1.499878606008542,0.2498381426546512,3994.4091796875,3440.7489897714768,3266.275575132219,
strsal1,XC433328.ogg,1.2919921875,12.751168012619019,2.3387383286073216,3.4696969696969706,0.0,0.0,0.0,
strsal1,XC433577.ogg,17.9443359375,38.63990306854248,-0.7071067811865475,-1.5,21.533203125,17.090914646434957,16.14990234375,
strsal1,XC455157.ogg,2059.112548828125,1978.91503572464,1.875583412367086,2.1567199453791073,2034.8876953125,2058.7023279294403,2058.302133419552,
strsal1,XC457291.ogg,2676.5771484375,37819.11018020228,-0.2188952111859983,-0.25657102100234797,2497.8515625,2669.7549765555264,2662.8126830978154,
strsal1,XC459190.ogg,2430.02197265625,14277.647551737333,1.603475358376567,2.4016589435244544,2411.71875,2427.3596557539595,2424.8180745180734,
strsal1,XC459191.ogg,,
strsal1,XC466617.ogg,2651.896784855769,13164.317745428818,-0.30877782409023,-1.1518269410224027,2691.650390625,2649.583315909272,2647.248799104077,
strsal1,XC471335.ogg,,
strsal1,XC47469.ogg,,
strsal1,XC47470.ogg,,
strsal1,XC477821.ogg,,
strsal1,XC479898.ogg,2231.622869318182,83378.53388686279,2.2443973813606752,6.994602213303702,2034.8876953125,2215.7356368915825,2201.812517066628,
strsal1,XC496293.ogg,,
strsal1,XC526144.ogg,,
strsal1,XC537308.ogg,,
strsal1,XC541172.ogg,2464.95361328125,104897.03285694122,0.08924727439819242,-1.5537166912610767,2121.0205078125,2444.266063005822,2423.767074693055,
strsal1,XC544564.ogg,,
strsal1,XC554751.ogg,,
strsal1,XC558565.ogg,,
strsal1,XC562302.ogg,2731.9081182065215,66266.21194743356,-0.055913026923701356,0.026930489375142308,2336.3525390625,2720.1470722536387,2708.2116659854305,
strsal1,XC562312.ogg,2608.002178485577,16463.57100743514,-1.1675132574205314,-0.4696487879068214,2648.583984375,2604.974384112306,2601.8323016510467,
strsal1,XC562318.ogg,2424.555851862981,549635.7979306808,2.3918024279178285,3.7713020875490626,2217.919921875,2348.7668686905677,2297.274188311431,
strsal1,XC571084.ogg,,
strsal1,XC589616.ogg,2382.317645733173,43294.22800816023,4.636017315126987,20.024995750958148,2347.119140625,2375.350784531033,2369.7746495923648,
strsal1,XC589619.ogg,2331.383338341346,39366.630476254686,3.0223660849396174,7.477650189768543,2239.453125,2324.660144823051,2318.8621898273445,
strsal1,XC594861.ogg,2730.801669034091,89774.54570206729,0.08381357595380888,-1.8701932233784793,2400.9521484375,2715.894225672641,2701.132282080769,
strsal1,XC598393.ogg,,
strsal1,XC598402.ogg,2406.33544921875,38.63990306854248,0.0,-2.0,2400.9521484375,2406.3294276219767,2406.3234060402683,
strsal1,XC599777.ogg,7.6904296875,43.31066058232234,0.17120161767270564,-0.5743944636678204,10.7666015625,0.0,0.0,
strsal1,XC599778.ogg,672.314453125,1276018.3990001678,1.3362564308506095,-0.21427314123676844,107.666015625,212.08469365076556,130.6953891753249,
strsal1,XC610437.ogg,57.57791270380435,333.09734621538007,-0.9630433736577176,-0.6277167383435911,64.599609375,53.81975226100913,49.05913730837265,
strsal1,XC613424.ogg,,
