primary_label,filename,mean,variance,skewness,kurtosis,mode,gmean,hmean
subfly,XC124005.ogg,5994.060724431818,32807.38533626903,0.15509524276467265,-1.932442909823871,5813.96484375,5991.579682862002,5989.106936759721,
subfly,XC124022.ogg,4581.18896484375,127.51168012619019,0.0,-0.9421487603305785,4575.8056640625,4581.177367401103,4581.16576992571,
subfly,XC124023.ogg,5850.87890625,56057.29937553406,0.25024753674932376,-0.8337583333786189,5684.765625,5846.2840576051385,5841.71488260736,
subfly,XC124025.ogg,4830.615234375,493209.38274264336,-0.672067212786005,1.2393305417705562,4608.10546875,4780.5465570590895,4724.681286330196,
subfly,XC124027.ogg,5625.54931640625,57.95985460281372,0.0,-2.0,5620.166015625,5625.5467406636535,5625.5441649222485,
subfly,XC124029.ogg,5812.007279829545,342312.4067349867,3.6762151366958156,13.758837731734697,5824.7314453125,5789.012032029453,5770.016309579421,
subfly,XC124030.ogg,4924.901016898777,78558.49062170471,-0.06248454423733578,-0.9644956139506529,5200.2685546875,4916.974497692354,4909.017480334508,
subfly,XC124031.ogg,5743.623046875,282411.3235473633,0.06254622161527609,-1.2944752641423052,5081.8359375,5720.652313077837,5697.729877902467,
subfly,XC124032.ogg,5410.6658935546875,126392.59293351484,-0.42459641712073104,-0.6483585949387871,5813.96484375,5399.222680707425,5387.529936078626,
subfly,XC124034.ogg,5562.84969554228,1878726.3276981798,1.6950673361404667,0.8792522822263713,4974.169921875,5432.150772950787,5330.55257785827,
subfly,XC124037.ogg,5747.642578125,255793.06712150574,-0.9066814912861061,-0.3681263991754826,6093.896484375,5724.972122316862,5700.963754066175,
subfly,XC124041.ogg,4630.9306640625,1423.1076300144196,-0.14346321590337113,-1.4958448858633746,4586.572265625,4630.783040389271,4630.6353040802915,
subfly,XC124042.ogg,4630.40771484375,792.9672415439899,0.5083625997852614,-0.8655150723375429,4597.3388671875,4630.328360614252,4630.249162582106,
subfly,XC124043.ogg,5379.7119140625,688631.0789108276,-1.312981847723711,1.1919641512809624,5512.5,5304.820031629438,5215.294016923482,
subfly,XC126217.ogg,3876.5286959134614,139207.05580759628,-0.04566254899733857,-1.4620634458486856,4242.041015625,3858.8979851128975,3841.2039787260987,
subfly,XC129300.ogg,,
subfly,XC135692.ogg,,
subfly,XC137653.ogg,5384.043305495689,6432.972827862049,1.3207559175659054,1.0727469936474314,5297.16796875,5383.473714087357,5382.911250408785,
subfly,XC137691.ogg,3715.8233642578125,46283.013895154,2.168646641391216,2.874899427140134,3628.3447265625,3710.76192422276,3706.0657438966027,
subfly,XC137692.ogg,6147.2808837890625,37582.97571993392,0.7930832656322351,-0.7262160420546038,5953.9306640625,6144.396811684047,6141.5585273253,
subfly,XC139313.ogg,741.10107421875,2759601.2524798,2.5991656672924597,5.360817899275409,118.4326171875,210.37412028482575,147.0671720087641,
subfly,XC140145.ogg,3735.2682179418102,744.6270975573309,-1.2072809627113597,0.5729090704862609,3736.0107421875,3735.1714161034492,3735.0740478010675,
subfly,XC142771.ogg,,
subfly,XC146310.ogg,,
subfly,XC147385.ogg,,
subfly,XC147386.ogg,,
subfly,XC154099.ogg,22.8790283203125,13.523966073989868,2.2677868380553634,3.1428571428571423,21.533203125,22.652703707485937,22.469429347826086,
subfly,XC154100.ogg,34.17225713315217,175.48319614923045,-0.18707232998822948,-1.0684270804218443,43.06640625,31.200962144152854,27.719981634794774,
subfly,XC161592.ogg,5067.5537109375,128194.5812702179,1.1210435465097344,0.5528187726141578,4705.0048828125,5055.728244290954,5044.445469572804,
subfly,XC162038.ogg,5129.08935546875,13298.56663942337,-0.6473402445912626,-1.0234883905063457,5060.302734375,5127.85300216795,5126.604811196,
subfly,XC162039.ogg,9090.087890625,143.51963996887207,0.19201160638565623,-1.143491124260355,9076.2451171875,9090.081125137916,9090.074360704097,
subfly,XC178510.ogg,6330.0439453125,59689.818263053894,-2.613813248557067,6.726578381933464,6524.560546875,6325.3261560382,6320.26396794569,
subfly,XC181633.ogg,834.41162109375,1893211.2289016896,2.954446981934713,6.868560120983261,269.1650390625,514.125697554894,429.6114162822669,
subfly,XC185082.ogg,,
subfly,XC185669.ogg,26.91650390625,34.77591276168823,0.0,-2.0,21.533203125,26.37268009197709,25.83984375,
subfly,XC196899.ogg,4649.0185546875,1308.6047172546387,-1.9297971455666514,2.961342922685845,4640.4052734375,4648.890666701767,4648.761544324336,
subfly,XC197680.ogg,7.177734375,38.63990306854248,-0.7071067811865475,-1.5,10.7666015625,0.0,0.0,
subfly,XC200628.ogg,,
subfly,XC213525.ogg,5174.12109375,42236.174046993256,-1.1991399330247972,0.41609039607342035,5081.8359375,5170.1044037183165,5165.954957227657,
subfly,XC234352.ogg,5613.167724609375,75058.3167625101,1.268137773542293,0.6425090568705629,5351.0009765625,5607.050565192071,5601.160955031913,
subfly,XC252028.ogg,32.2998046875,77.27980613708496,0.0,-1.0,32.2998046875,31.362578807069774,30.39981617647059,
subfly,XC253887.ogg,3618.2958984375,6100925.712692327,-0.7048774903236763,-1.4998341042528454,161.4990234375,1736.5383999052076,513.3832879787034,
subfly,XC258869.ogg,,
subfly,XC269103.ogg,4163.0859375,38.63990306854248,-0.7071067811865475,-1.5,4166.6748046875,4163.082841868606,4163.0797444591235,
subfly,XC269295.ogg,4215.12451171875,1240.3408885002136,-0.4506895087557558,-1.4186391824613502,4166.6748046875,4215.001618693555,4214.878444110263,
subfly,XC269296.ogg,5454.453974184783,110279.04699206822,2.183746975468524,6.010533089442369,5135.6689453125,5445.497940764429,5437.175076584204,
subfly,XC269297.ogg,5510.107421875,225.3994345664978,0.1207363221040738,-1.1565306122448977,5490.966796875,5510.089244868852,5510.071071580829,
subfly,XC269298.ogg,5730.287571957237,960634.9827976603,-2.0748248554322686,3.1715077665424394,3046.9482421875,5617.994833627272,5466.0151617951815,
subfly,XC269299.ogg,5264.8681640625,8830.974210392345,-1.2680534525787444,0.5117708374866847,5275.634765625,5264.087930241201,5263.296124545376,
subfly,XC269301.ogg,5568.7641759072585,904596.527130373,-2.9534214855709457,7.333024470217765,5910.8642578125,5443.281413539411,5242.21451183133,
subfly,XC269302.ogg,4777.547067110656,297094.1066487891,0.72591198354462,-0.4632451257893573,4952.63671875,4748.289570918746,4720.38679641588,
subfly,XC269304.ogg,2689.6316528320312,682136.77380234,3.5500344536085,10.785606773005018,2540.91796875,2617.1549682014906,2572.933269526682,
subfly,XC269305.ogg,4200.76904296875,447608.50113630295,1.7882713477480727,1.198954743892525,3919.04296875,4162.670119932331,4130.295203240398,
subfly,XC269306.ogg,5127.294921875,1277109.9762618542,-0.6382707038185447,-1.5201891987169285,5975.4638671875,5003.9020033286915,4871.163724681837,
subfly,XC269307.ogg,5925.440579927885,144872.2170373568,1.0628030292446118,1.7772897765624984,5781.6650390625,5913.845395218008,5902.633149836285,
subfly,XC269308.ogg,5287.7471923828125,942348.0240404606,0.014166302847771945,-1.786534796505338,4252.8076171875,5203.403875250835,5120.01625035012,
subfly,XC269309.ogg,3711.164738581731,5571.576792460221,0.4140749551248261,-1.7286891334977532,3649.8779296875,3710.475427884724,3709.789871431304,
subfly,XC269310.ogg,4653.863525390625,11152.002933350477,-1.2611272661658706,1.8134772801130739,4672.705078125,4652.743998821033,4651.6025828922275,
subfly,XC269311.ogg,4618.8720703125,115.91970920562744,0.0,-1.5,4608.10546875,4618.8637046395625,4618.855338966637,
subfly,XC283526.ogg,5247.920735677083,96920.25825100124,1.413980165535553,3.4459063853212504,5221.8017578125,5239.27782676554,5231.009559887262,
subfly,XC28579.ogg,199.18212890625,57.95985460281372,0.0,-2.0,193.798828125,199.1093683087879,199.03663429054055,
subfly,XC28772.ogg,,
subfly,XC292297.ogg,2503.23486328125,319242.879152298,1.1528394212030268,-0.6678078961754954,2207.1533203125,2454.6863293179235,2413.4775722410836,
subfly,XC292318.ogg,5042.3583984375,38.63990306854248,0.7071067811865475,-1.5,5038.76953125,5042.355845294374,5042.353293363264,
subfly,XC317555.ogg,4954.1466689691315,810307.0534562371,-1.9348506131493974,1.8896488818203192,5329.4677734375,4845.003946166662,4702.05813871811,
subfly,XC31973.ogg,5398.74851392663,8007.165367895434,-0.5911424557669412,-0.7613059575252006,5404.833984375,5398.034484396343,5397.315782977813,
subfly,XC325346.ogg,,
subfly,XC326274.ogg,4964.47998046875,110146.9076871872,-1.3869699959719286,0.1272739898442672,5060.302734375,4953.241214419974,4941.286696900752,
subfly,XC327619.ogg,6201.5625,844542.1929735886,1.4181248338212182,0.1361926063028731,5620.166015625,6144.236661018713,6093.937761918862,
subfly,XC327816.ogg,23.6865234375,81.14379644393921,-0.3436215967445456,-1.153061224489796,21.533203125,22.046474057273816,20.1873779296875,
subfly,XC331199.ogg,,
subfly,XC331328.ogg,41.8701171875,70.83982229232788,0.17816579452322398,-1.146694214876033,43.06640625,41.11761783877946,40.374755859375,
subfly,XC333948.ogg,,
subfly,XC344868.ogg,6293.07861328125,127.51168012619019,0.0,-0.9421487603305785,6287.6953125,6293.070170676116,6293.061728058361,
subfly,XC352018.ogg,,
subfly,XC361028.ogg,4377.9693603515625,1355.8465987443924,0.06693155376447645,-1.806528757065439,4338.9404296875,4377.833912314793,4377.698514420015,
subfly,XC363471.ogg,,
subfly,XC364307.ogg,,
subfly,XC378083.ogg,,
subfly,XC378910.ogg,4095.223721590909,771.3929739865389,-0.055744554858860276,0.6472498432321054,4091.30859375,4095.138075337739,4095.0524007777926,
subfly,XC380706.ogg,3699.224853515625,7081473.715525607,-0.6146109034122386,-1.4810029562928022,64.599609375,1257.081723788439,192.68861288385608,
subfly,XC381593.ogg,5292.467058208626,104088.38857563448,0.3612302745204576,0.11813889396885857,5124.90234375,5282.864265372835,5273.335997747748,
subfly,XC423172.ogg,6044.204477163462,76339.93351507766,2.693756347924291,6.591257946130073,5975.4638671875,6038.498756421671,6033.204233665099,
subfly,XC429401.ogg,7652.117365056818,2303768.541711298,0.04303884877630536,-1.966777253348782,5975.4638671875,7505.462358722398,7362.207732230849,
subfly,XC435736.ogg,4844.970703125,179408.0422474788,1.9217180074880076,1.8993401420502822,4683.4716796875,4829.401084540878,4815.33862287288,
subfly,XC436179.ogg,5334.0435791015625,2068494.4006995512,-1.7605573493681985,6.410756147238221,5307.9345703125,4735.364103240923,2573.041719904095,
subfly,XC441998.ogg,5259.1259765625,1666939.7703409195,-1.0545596195092084,-0.7970938011791664,3337.646484375,5076.276806748253,4860.963525976466,
subfly,XC441999.ogg,5326.776123046875,1117.7971959114075,0.12623056832083432,-1.617448559670782,5297.16796875,5326.6843598366395,5326.59264236,
subfly,XC442000.ogg,4850.35400390625,256143.9174413681,-1.1536555211328963,-0.6674709999565125,4091.30859375,4829.006763393833,4806.136825405646,
subfly,XC442002.ogg,5312.339089133523,26105.77087510716,-0.597323612371867,0.17935748084138803,5372.5341796875,5309.96306251882,5307.555605223126,
subfly,XC442014.ogg,5181.1279296875,1183359.911441803,-0.1837437552525616,-1.9224943987613141,6169.2626953125,5075.911858912552,4970.1084280492705,
subfly,XC442015.ogg,5610.9375,5811.271575781016,0.538093673770405,-1.1398567085165543,5555.56640625,5610.458840216604,5609.982409492455,
subfly,XC442016.ogg,5097.98583984375,683.9262843132019,0.5503577696563086,-1.3565067509336397,5081.8359375,5097.930036782547,5097.874329589487,
subfly,XC442017.ogg,6972.451171875,11999.520213980424,-0.20972850719753083,-1.3812202636989401,6815.2587890625,6971.631843746925,6970.81074318123,
subfly,XC442018.ogg,6387.286376953125,5840.772620656274,0.07038542736046563,-1.6500482493806317,6298.4619140625,6386.867461836078,6386.4487802869035,
subfly,XC442019.ogg,5113.736979166667,327379.38592067134,-2.847790141493038,8.017353020863872,5318.701171875,5073.493356819756,5020.163491822062,
subfly,XC442021.ogg,5484.351174228163,43839.79166391279,0.3408398006604408,0.11253730759611402,5426.3671875,5480.429406147061,5476.533155632728,
subfly,XC442022.ogg,5085.811298076923,388865.59403630404,-1.8357994124424235,3.6119979033208844,5092.6025390625,5040.270511657774,4984.818333926124,
subfly,XC445492.ogg,6917.54150390625,312.9832148551941,-0.5925925925925926,-1.2098765432098766,6922.9248046875,6917.522634426075,6917.503747528353,
subfly,XC445494.ogg,5368.423295454545,792995.9583390842,3.865663469739057,13.110377018395628,5028.0029296875,5316.602315537422,5279.48604063825,
subfly,XC445495.ogg,4856.47139115767,684839.6115357855,2.103031529422393,8.205964405850054,3832.91015625,4797.201079445011,4744.497537708086,
subfly,XC445496.ogg,5796.708783711472,2628114.7090702844,1.5468244334944736,0.4248815441710687,4963.4033203125,5619.346060218231,5483.306210544412,
subfly,XC445497.ogg,5840.88134765625,1887.8352642059326,0.6692374014644432,-0.9658356417359188,5792.431640625,5840.740376758244,5840.599841224378,
subfly,XC445498.ogg,3543.5577392578125,1912055.0314486027,0.47260152733783733,-1.2235310362250205,2917.7490234375,3297.2411829525845,3064.5341501972102,
subfly,XC445499.ogg,5125.575256347656,464273.40833097696,0.638108274912901,-1.0894373860594342,4565.0390625,5085.012907468862,5046.577109895539,
subfly,XC445500.ogg,4443.5302734375,278678.6239880782,1.4450539194138972,0.35016204150223995,4069.775390625,4417.161893782137,4393.420856859749,
subfly,XC445501.ogg,5990.745495211693,2818.9678961230866,0.16752414492983483,-0.9268681566114974,5921.630859375,5990.518016034759,5990.290748716527,
subfly,XC445502.ogg,4572.216796875,17590.815871953964,0.33060040798093887,-1.4852462620335516,4425.0732421875,4570.516538943439,4568.826566024379,
subfly,XC445503.ogg,5028.0029296875,221201.55586646154,4.788242848139294,21.327747984424033,4941.8701171875,5011.466637288037,4998.502973677337,
subfly,XC445504.ogg,4346.630859375,4316.62917137146,-1.9649423618792954,2.0014700976576547,4360.4736328125,4346.197251237445,4345.755539538309,
subfly,XC445506.ogg,4583.49609375,66.23983383178711,0.4592793267718459,-0.8958333333333335,4575.8056640625,4583.48990321955,4583.483715796632,
subfly,XC445507.ogg,4141.552734375,637.5584006309509,-0.561907505804014,-1.3698347107438016,4155.908203125,4141.484167157295,4141.415452321789,
subfly,XC445515.ogg,6153.11279296875,7917.316138744354,0.0,-1.9536280598256337,6061.5966796875,6152.57663527111,6152.0405199588795,
subfly,XC445516.ogg,5107.9833984375,226.31943225860596,0.7514730676800533,-0.33045806067816796,5092.6025390625,5107.964435508736,5107.945498354882,
subfly,XC445517.ogg,4444.339792351973,226.4162741209331,-0.7447469404133896,1.190487288895186,4446.6064453125,4444.315620606292,4444.291408666317,
subfly,XC445518.ogg,6676.271750710227,1026456.3792293721,-0.8940814279426106,-1.0266180408334458,7364.35546875,6599.071885584931,6515.088171835639,
subfly,XC445519.ogg,5263.131615423387,802729.2781568342,-0.5642903628205902,-1.4721256757033112,4005.17578125,5183.444220826373,5099.12260573236,
subfly,XC445520.ogg,4864.420047883064,8218.084158435942,-2.385190312064909,6.017472805120402,4834.2041015625,4863.577522925677,4862.708951250779,
subfly,XC453645.ogg,,
subfly,XC486454.ogg,711.134033203125,2915374.2804323374,1.9603238374080862,1.843062752122342,10.7666015625,0.0,0.0,
subfly,XC486456.ogg,6097.2092848557695,874351.1573855695,-0.4725530836727202,-1.7736247239955385,4974.169921875,6027.3636079348325,5954.922413007669,
subfly,XC489682.ogg,,
subfly,XC493287.ogg,5048.557350852273,9330.482775514776,0.9362719868509246,-1.0214410881662512,4984.9365234375,5047.726646541727,5046.905375709217,
subfly,XC493289.ogg,6050.830078125,23091.206073760986,-0.6581447396168982,0.2838610129944139,6040.0634765625,6049.020632184238,6047.190128392014,
subfly,XC493297.ogg,6443.212890625,54224.663972854614,-0.9893050833988098,-0.6813427726936769,6610.693359375,6439.384362107893,6435.468054107179,
subfly,XC493479.ogg,4611.818089978448,321083.3186733312,1.0455185484629863,1.0223913219562162,4844.970703125,4580.312863626851,4550.694654295774,
subfly,XC493541.ogg,5241.54052734375,882910.1931452751,0.7070650044999962,-1.4998818419529205,4629.638671875,5175.951865255648,5115.727040060493,
subfly,XC498070.ogg,6690.673828125,133959.02395248413,-1.964077788860687,2.0159582192439363,6804.4921875,6681.469201555679,6671.6083172371555,
subfly,XC498071.ogg,5679.148267663043,1130753.23613736,-1.7425530122312645,1.606091716650445,6298.4619140625,5553.607084117766,5390.824608985781,
subfly,XC498072.ogg,3937.884521484375,285070.1352775097,-0.7101210467929973,-1.0083737084436273,4263.57421875,3899.337355469412,3858.1783283131954,
subfly,XC498073.ogg,3138.46435546875,371969.7868824005,2.2234490933499105,3.0302533957943814,2863.916015625,3097.1023831764405,3064.449890227404,
subfly,XC498074.ogg,4676.150390625,2798183.155721426,0.5243726246810022,-0.5933482031350787,4748.0712890625,4396.3425751894065,4132.46839694892,
subfly,XC503082.ogg,5604.01611328125,29339.278399944305,0.0,-1.9873917434089905,5437.1337890625,5601.834260236603,5599.653235239862,
subfly,XC503083.ogg,4882.65380859375,5795.985460281372,0.0,-1.204173913043478,4758.837890625,4882.084924844674,4881.516001869129,
subfly,XC503084.ogg,4282.137324892241,4733.563443061013,-1.5021030746972655,2.0474233731686864,4285.107421875,4281.585155706674,4281.023808139867,
subfly,XC503086.ogg,4243.777564264113,779823.5436178022,-0.542363606284525,-1.5355893381469332,3090.0146484375,4146.08616526479,4042.0704889437266,
subfly,XC503087.ogg,1544.8079427083333,6484694.505929948,1.1412636844061503,-0.5588892682291218,10.7666015625,0.0,0.0,
subfly,XC503088.ogg,3709.7275677849266,399685.47500231676,-2.0471771831312258,2.8190593549270453,3897.509765625,3639.454159731183,3546.1660945274148,
subfly,XC503089.ogg,3882.07763671875,21806.362676209417,-0.9404463635483112,-0.3088209381970919,3606.8115234375,3879.2946182393816,3876.4430807851413,
subfly,XC503090.ogg,4185.041360294118,345640.1835206677,0.5920291622736386,-1.6153331542630471,4952.63671875,4147.978025226324,4113.066304858178,
subfly,XC503092.ogg,2264.21630859375,27461.37911081314,1.9666975800121174,2.5924853387333524,2207.1533203125,2259.1967520860912,2254.5837913638297,
subfly,XC503093.ogg,4255.340935202206,272439.83164190606,0.3526968252121845,-1.8584306966224224,3843.6767578125,4225.0169279408365,4195.725745377268,
subfly,XC511153.ogg,6007.763671875,92.73576736450195,0.0,-1.5,5996.9970703125,6007.757240206488,6007.750808537977,
subfly,XC511225.ogg,5369.2213792067305,56325.089472990774,0.4233735140789326,-1.7503566913346449,5157.2021484375,5364.434519248053,5359.707788314122,
subfly,XC511227.ogg,5428.814142400568,257948.20018789984,0.7336216062784122,-1.1498781914308263,4963.4033203125,5407.033494012056,5386.207096213065,
subfly,XC578539.ogg,,
