primary_label,filename,mean,variance,skewness,kurtosis,mode,gmean,hmean
swaspa,XC11491.ogg,,
swaspa,XC116589.ogg,653.84033203125,3137284.345857475,2.6664394964903924,5.110485818989281,64.599609375,104.67070678525067,73.553291162957,
swaspa,XC131030.ogg,3948.651123046875,322.91918992996216,-0.36952650878097026,-0.9506903353057199,3951.3427734375,3948.6153064379164,3948.5794519498036,
swaspa,XC131033.ogg,5955.2764892578125,80592.54782679288,0.02552716269386001,-1.7267908039696007,5673.9990234375,5948.791616785468,5942.315040794561,
swaspa,XC132395.ogg,2663.96484375,264.95933532714844,-0.4784159653873395,-1.0872395833333333,2670.1171875,2663.9221399347316,2663.879358642346,
swaspa,XC133319.ogg,5038.217397836538,1385581.8702238293,-1.4000989056428468,0.026346720111475985,5577.099609375,4861.678201327058,4640.358924887571,
swaspa,XC137646.ogg,4683.990552051958,30099.269541929018,-1.1358056394487894,0.2289377774165784,4801.904296875,4680.721567667779,4677.356076927059,
swaspa,XC138011.ogg,3789.083311707823,50395.454066489794,1.118284390956463,0.7630490093518625,3725.244140625,3782.6971134607943,3776.5596403954714,
swaspa,XC138153.ogg,24.224853515625,24.839937686920166,1.1547005383792515,-0.6666666666666665,21.533203125,23.83040657167197,23.490767045454547,
swaspa,XC140231.ogg,40.31215933866279,61.23333476310553,0.04683349021848548,-0.4780863098769843,43.06640625,39.54367084196416,38.74174620815901,
swaspa,XC140240.ogg,1267.5226384943182,3559520.9179141307,0.9437659784490013,-0.9261297777187028,43.06640625,178.2906099195773,61.73420577479496,
swaspa,XC149066.ogg,,
swaspa,XC151287.ogg,,
swaspa,XC153696.ogg,6020.32470703125,958.0423025523914,0.5774434030816906,-0.6561467053355456,5996.9970703125,6020.249702929744,6020.17484179839,
swaspa,XC153698.ogg,5913.724136352539,61419.93717290461,1.5871435474511375,2.4556929020148193,5706.298828125,5908.817070971164,5904.104000046469,
swaspa,XC153699.ogg,2758.590565557065,1021.7428914171907,-0.12024043567994437,-0.34608578495445697,2767.0166015625,2758.4132389652327,2758.23572493393,
swaspa,XC153700.ogg,4309.776528367718,6929.341703398032,-0.09750708848108867,-0.7466956950783921,4274.3408203125,4308.979171466488,4308.180600741538,
swaspa,XC153707.ogg,4455.992713341346,82966.47271076284,-4.870866780129839,25.489612077900087,4521.97265625,4444.129421258831,4428.603156836246,
swaspa,XC155582.ogg,,
swaspa,XC161596.ogg,8674.604067595108,184949.2087665754,-0.35629093519177735,-0.8575219832902934,8645.5810546875,8664.269798316896,8653.803034622262,
swaspa,XC168790.ogg,2610.90087890625,33.119916915893555,0.0,-2.0,2605.517578125,2610.8953291057314,2610.88977931701,
swaspa,XC168791.ogg,6046.2158203125,6833.74285697937,-0.8605217254602593,-1.1228080363084971,5921.630859375,6045.7278552031685,6045.236343099199,
swaspa,XC17142.ogg,,
swaspa,XC174378.ogg,7629.931640625,958.2695960998535,-1.5158079674216285,0.7476586888657644,7633.5205078125,7629.879112981646,7629.826387855619,
swaspa,XC175231.ogg,6036.180439933401,8837.072519982446,-0.5561466834970803,0.3032272131861715,6007.763671875,6035.456062744117,6034.727242017226,
swaspa,XC178137.ogg,4309.716796875,143.51963996887207,0.19201160638565623,-1.143491124260355,4295.8740234375,4309.702529480425,4309.6882667539885,
swaspa,XC182332.ogg,5179.777280745968,114925.54189312844,1.6956040275746207,2.6995511146368214,4866.50390625,5169.721645720235,5160.293158514754,
swaspa,XC184305.ogg,4023.0480856146696,318491.19234445627,-1.4950728609962938,9.693871231520188,3369.9462890625,3930.567738260734,2945.229390567544,
swaspa,XC187503.ogg,4268.95751953125,2547.5377953329753,-0.04589598372804236,-0.14024019484336936,4242.041015625,4268.665770134479,4268.3738621062885,
swaspa,XC187504.ogg,3835.986328125,2845199.5825767517,-2.0411977910047527,2.166571602071249,4468.1396484375,1890.4614453114814,74.29338078060674,
swaspa,XC187505.ogg,,
swaspa,XC191470.ogg,8323.561789772728,402417.90504618123,-1.3189174167961983,0.4878428950366196,8527.1484375,8298.34987552358,8271.282709109251,
swaspa,XC206201.ogg,15.5517578125,32.1999192237854,0.22360679774997896,-1.95,10.7666015625,14.651083742111819,13.842773437500002,
swaspa,XC215702.ogg,,
swaspa,XC216434.ogg,4.78515625,32.1999192237854,0.22360679774997896,-1.95,0.0,0.0,0.0,
swaspa,XC216437.ogg,4.6142578125,33.119916915893555,0.28867513459481287,-1.9166666666666667,0.0,0.0,0.0,
swaspa,XC237746.ogg,4360.4736328125,981221.6985225677,1.1544277180829048,-0.6668766755582336,3854.443359375,4286.458198963305,4222.937852520265,
swaspa,XC237749.ogg,4029.542300575658,913445.2748612354,1.2182415263883255,-0.10943407667237937,3402.24609375,3937.200969222124,3859.493212142211,
swaspa,XC260187.ogg,5780.46875,302.67924070358276,-0.5663906584758671,-0.7839520144861929,5792.431640625,5780.445452723933,5780.422130377881,
swaspa,XC287646.ogg,11.745383522727273,33.722097223455265,0.13258252147247723,0.6171874999999996,10.7666015625,0.0,0.0,
swaspa,XC287880.ogg,139.068603515625,115.0415295904333,-0.40950709220601317,-0.8730260474331328,139.9658203125,138.67999141634147,138.28218975541301,
swaspa,XC288626.ogg,,
swaspa,XC292088.ogg,1230.8656754032259,13658.333220789507,0.11832526676830384,0.5718913809173292,1259.6923828125,1225.4680448697816,1220.0247756562326,
swaspa,XC292258.ogg,3272.44873046875,135646.1373672766,3.7854540729046673,12.594297357796979,3154.6142578125,3256.9654881731262,3244.700313706845,
swaspa,XC293817.ogg,5099.541015625,3296325.2850716766,-2.4670266874175675,4.1030866846631895,5652.4658203125,3138.6987207799502,216.1205956045273,
swaspa,XC294004.ogg,5380.4213412972385,30331.208584654352,-2.7727841082319165,6.924232434836936,5447.900390625,5377.4547617830685,5374.294601595133,
swaspa,XC294426.ogg,4434.103295110887,40348.53465326371,0.4854591505782789,1.3840406581726663,4382.0068359375,4429.747313424476,4425.430811464383,
swaspa,XC294427.ogg,8681.11083984375,48395.134596720985,0.06810543768499519,-1.309569772842734,8936.279296875,8678.365387209422,8675.622753788868,
swaspa,XC296463.ogg,1022.8271484375,879087.1078392555,5.124698899831643,24.534264288427572,979.7607421875,904.7953313867359,868.151856878948,
swaspa,XC298168.ogg,142.529296875,1957.939088344574,-1.574005781455345,2.251147842786808,139.9658203125,129.48717671716258,103.55763997237226,
swaspa,XC301092.ogg,,
swaspa,XC301677.ogg,,
swaspa,XC302566.ogg,5793.02978515625,42746.71864860198,-0.5820393739500932,-1.1691687023569999,5469.43359375,5789.495497391805,5785.912902099759,
swaspa,XC302567.ogg,7821.93603515625,44860.92746257782,-0.47018050122470867,-1.39996483473438,7988.818359375,7819.768835144099,7817.58569891987,
swaspa,XC312596.ogg,4747.83203125,25343.3769633261,-2.156551157392148,3.185331759179433,4801.904296875,4745.057244672308,4742.140792989013,
swaspa,XC31263.ogg,30.76171875,16.559958457946777,-2.041241452319315,2.166666666666667,32.2998046875,30.482038134452253,30.146484375,
swaspa,XC31264.ogg,14.907602163461538,29.723002360417297,0.4743416490252569,-1.7750000000000004,10.7666015625,14.055924284424457,13.330078125000004,
swaspa,XC31265.ogg,17.9443359375,115.91970920562744,-0.08838834764831843,-0.9375,10.7666015625,0.0,0.0,
swaspa,XC31268.ogg,14.35546875,49.17805845087225,-0.38180177416060623,-0.6734693877551021,10.7666015625,0.0,0.0,
swaspa,XC314855.ogg,,
swaspa,XC317301.ogg,5952.85400390625,3720.4125617679797,-0.7659350534877745,-0.8573539372925065,5975.4638671875,5952.5556001049945,5952.255663119768,
swaspa,XC321046.ogg,3470.4345703125,38.63990306854248,0.7071067811865475,-1.5,3466.845703125,3470.430861525741,3470.4271552976497,
swaspa,XC324176.ogg,5292.716393103967,69529.67327125494,-0.043243393592688334,0.9141311303345403,5114.1357421875,5286.141023827258,5279.512546289292,
swaspa,XC325524.ogg,8685.05859375,58717.79116300436,-0.6748271460755797,-1.4776694807519681,8333.349609375,8681.76202749585,8678.425324477306,
swaspa,XC329036.ogg,5331.26220703125,1176.2441081159254,-0.09987374414992056,0.13575299306868294,5318.701171875,5331.157971210878,5331.053685332986,
swaspa,XC329037.ogg,9004.647216796875,23162.893262348676,-0.5497093574744571,-1.5610834794345332,9130.078125,9003.417827316598,9002.181082274215,
swaspa,XC337069.ogg,8398.777418870191,117744.70155055709,-1.443013966929873,0.8352533497067665,8419.482421875,8392.044899776442,8385.042795229316,
swaspa,XC339651.ogg,5919.908203125,34995.00101208687,0.15395796473362025,-1.5240497394890187,6029.296875,5917.078428347897,5914.257745294879,
swaspa,XC339654.ogg,5914.030905330882,20398.459416978498,-0.9020194071104466,0.14448934566931415,5986.23046875,5912.383671305351,5910.711992564098,
swaspa,XC342272.ogg,2859.3017578125,3597601.2951135635,2.039462130505622,2.1627325805286546,2121.0205078125,2545.215185807652,2380.177493212598,
swaspa,XC344143.ogg,5953.212890625,21022.31526374817,-1.6239903058030578,2.051218567359948,6029.296875,5951.520800315233,5949.783226045027,
swaspa,XC344144.ogg,4707.158203125,428.90292406082153,-1.017952296026958,-0.34806428049671245,4715.771484375,4707.121658314156,4707.085015516043,
swaspa,XC360977.ogg,5901.533203125,4550.109666747016,-0.3880205204372763,-0.21574891369845428,5900.09765625,5901.151667270407,5900.768950514339,
swaspa,XC379754.ogg,48.86380709134615,69.84905554698064,-0.1316707973947393,-0.3003621548211872,53.8330078125,48.17271686852523,47.446040783898304,
swaspa,XC380126.ogg,3304.932579627404,3253279.6452083206,-1.2425085639429567,-0.40624599391856453,53.8330078125,1594.7910878277894,242.19233916049848,
swaspa,XC380127.ogg,98.4375,478.96495232215295,0.7122556499737618,-0.8815074694431866,86.1328125,96.33822725653224,94.41999643108572,
swaspa,XC384695.ogg,5575.650259164663,5727.928526935534,0.400312243172468,-0.22773926288528035,5566.3330078125,5575.148186415752,5574.6478071348565,
swaspa,XC389092.ogg,6003.689822635135,73385.87860803347,-0.32877334181374146,-0.14835449593164052,5921.630859375,5997.670878917601,5991.5768639262915,
swaspa,XC389972.ogg,4112.5341796875,232633.71194811427,-2.4101155424732172,3.8377586860659187,4285.107421875,4078.402108412541,4036.3224407696216,
swaspa,XC390230.ogg,,
swaspa,XC391552.ogg,3644.2952473958335,98909.56521034242,-1.53919520713237,0.5440890456987928,3768.310546875,3629.927462490638,3614.2010087626554,
swaspa,XC392966.ogg,4416.998291015625,7526.877481829037,-0.5855950430321237,-0.823383031244667,4425.0732421875,4416.211289911812,4415.418365986515,
swaspa,XC394108.ogg,3056.8866436298076,491471.0329495943,0.5777255655700315,-0.9171762234237648,2379.4189453125,2983.7786634041663,2916.0298832191593,
swaspa,XC394362.ogg,4566.284452979245,8593.43376714732,0.6731188001698041,1.3339129437187616,4565.0390625,4565.354805397037,4564.4326408569295,
swaspa,XC394363.ogg,6125.186920166016,28872.172571718693,-0.34350400421563887,-0.803945493737487,6083.1298828125,6122.85075829429,6120.498689707199,
swaspa,XC399604.ogg,,
swaspa,XC412635.ogg,1954.13818359375,23401.68291652525,0.5165586689563689,-0.6322937367701997,1733.4228515625,1948.4329041523683,1942.8565525642357,
swaspa,XC413282.ogg,,
swaspa,XC415271.ogg,6154.6201171875,594.1355041555456,-0.22262107816629345,-0.49151393368204666,6147.7294921875,6154.572464767126,6154.524783794663,
swaspa,XC417851.ogg,1608.9340209960938,564574.8687162995,0.17676520093346684,-1.4221349043274512,699.8291015625,1433.58102739581,1265.7786647692285,
swaspa,XC418342.ogg,32.2998046875,92.73576736450195,0.0,-1.5,21.533203125,31.056252954373395,29.815204326923077,
swaspa,XC421836.ogg,3595.5860175461066,73195.84009560457,0.27725243423984125,-1.7336569369173875,3919.04296875,3585.560319331607,3575.6881629790164,
swaspa,XC425824.ogg,338.5498046875,7189.994270984943,0.11372597430795389,-1.3258049433305061,226.0986328125,328.14944947570075,317.8469080407848,
swaspa,XC446797.ogg,5964.697265625,27733.790427446365,0.7565130706418405,-0.56765307381457,5921.630859375,5962.449988994677,5960.232889761031,
swaspa,XC446809.ogg,6058.36669921875,6286.712229251862,-0.8555368524860751,-0.8381435132175277,5921.630859375,6057.896370825446,6057.422687200442,
swaspa,XC451353.ogg,5725.140380859375,12857.42774605751,-1.1339264841978567,-0.6826104209790125,5555.56640625,5724.287062048743,5723.422617681712,
swaspa,XC451738.ogg,6064.58740234375,6952.606558799744,0.26387079137193487,-0.4206361572073156,6050.830078125,6064.031335261598,6063.4764896134775,
swaspa,XC466914.ogg,4591.95556640625,38.63990306854248,0.0,-2.0,4586.572265625,4591.952410894744,4591.949255385404,
swaspa,XC466917.ogg,276.70166015625,217.04966240915758,-0.18233292869267506,-1.7846219590366592,290.6982421875,276.3197312505838,275.93568313953483,
swaspa,XC468089.ogg,,
swaspa,XC469110.ogg,4367.357197745901,668.5970112925669,0.21994233764382082,-1.253745459539375,4349.70703125,4367.28197098308,4367.206808408437,
swaspa,XC470006.ogg,4621.124657164229,9046.12539516078,-1.8835756348148804,2.709331233115874,4640.4052734375,4620.121259880344,4619.090789372777,
swaspa,XC471298.ogg,4440.821405666978,27092.818118678708,2.105336400825628,3.8680040591929865,4338.9404296875,4437.924519780184,4435.165988064249,
swaspa,XC475100.ogg,4396.3623046875,3593.5109853744507,-0.6816014880534418,-1.4291753381893861,4425.0732421875,4395.99686876739,4395.6293065287955,
swaspa,XC475292.ogg,,
swaspa,XC487429.ogg,,
swaspa,XC502024.ogg,1257.000732421875,28.97992730140686,-1.1547005383792515,-0.666666666666667,1259.6923828125,1256.992062070383,1256.9833669354841,
swaspa,XC503785.ogg,7391.27197265625,4605.173902078109,-2.754130480864489,6.115306672810769,7418.1884765625,7390.981699226045,7390.686643513361,
swaspa,XC519554.ogg,5831.582919034091,1350.9915200146763,-0.8760393940364791,-0.18339738269717154,5824.7314453125,5831.4772413435485,5831.371189010528,
swaspa,XC524565.ogg,,
swaspa,XC544300.ogg,,
swaspa,XC546161.ogg,,
swaspa,XC548699.ogg,3966.6244014616937,392.3819834186186,-0.27770706348847174,-0.18468150650096637,3962.109375,3966.57649164311,3966.528536760939,
swaspa,XC549416.ogg,15.0732421875,150.69562196731567,0.27154541788363945,-1.044378698224852,10.7666015625,0.0,0.0,
swaspa,XC552890.ogg,3795.99609375,639523.515701294,2.0405292511507893,2.165116072302065,3488.37890625,3738.233626686888,3692.696791519211,
swaspa,XC573218.ogg,3681.7999588815787,4365714.122974559,-1.007000218266742,-0.6098850278302184,5006.4697265625,1584.3474058298364,160.00774016757546,
swaspa,XC598443.ogg,4621.997857862903,131904.95748020711,-1.3917590392778842,8.136891502668131,4457.373046875,4606.064114058438,4587.588813088183,
swaspa,XC600058.ogg,5583.67919921875,3779.5128717141993,-0.12916536417631008,-0.11883885005272576,5609.3994140625,5583.359220749659,5583.038897667205,
swaspa,XC600062.ogg,5795.123291015625,2794.6729893269744,-0.3970466830701816,-0.5560391615123739,5803.1982421875,5794.891650728234,5794.659446631107,
swaspa,XC600660.ogg,0.0,0.0,0.0,-3.0,0.0,0.0,0.0,
swaspa,XC600755.ogg,14.681729403409092,778.8198644464666,1.3518615508560672,-0.09443418535444792,0.0,0.0,0.0,
swaspa,XC601756.ogg,0.0,0.0,0.0,-3.0,0.0,0.0,0.0,
swaspa,XC612667.ogg,61.66326349431818,112.40699074485086,0.26069424589252554,-0.1159119897959191,64.599609375,60.79049838660854,59.91171239837398,
swaspa,XC613096.ogg,5212.549209594727,8533.409843221307,1.887935829014483,7.192112414892188,5254.1015625,5211.760150430618,5210.986949811642,
swaspa,XC81951.ogg,5938.608961838942,186113.01656594645,-4.577851435856807,19.668018552753793,6050.830078125,5919.08665479816,5893.651389729232,
