primary_label,filename,mean,variance,skewness,kurtosis,mode,gmean,hmean
thswar1,XC118023.ogg,7.1136474609375,26.458297263492238,-0.6788828577642428,-1.539118065433855,10.7666015625,0.0,0.0,
thswar1,XC118024.ogg,437.841796875,3011189.0989780426,3.7499387466453906,12.062269791149319,10.7666015625,0.0,0.0,
thswar1,XC128378.ogg,6689.07421875,178405.45565485954,0.8724544760783876,-0.062417399203074986,6363.0615234375,6676.677351284443,6664.678142654567,
thswar1,XC128994.ogg,,
thswar1,XC128999.ogg,,
thswar1,XC130016.ogg,1085.1601048519738,4729812.845391664,1.8884004252064241,1.5940055047895694,129.19921875,263.72683270159746,167.37298588044854,
thswar1,XC130440.ogg,,
thswar1,XC130714.ogg,6939.6728515625,5190.6269788742065,0.14885860916315488,-1.8609186529071664,7009.0576171875,6939.3407357661845,6939.008954313668,
thswar1,XC131767.ogg,,
thswar1,XC131768.ogg,,
thswar1,XC131770.ogg,,
thswar1,XC163525.ogg,6552.24609375,239368.67952346802,-0.2886751233102488,-1.9153487249696521,6944.4580078125,6536.358400289578,6520.294854023053,
thswar1,XC164518.ogg,7384.909889914773,43364.50939828699,-0.1736078547187429,-1.435783868696009,7472.021484375,7382.231446546788,7379.5445951639485,
thswar1,XC165091.ogg,6610.322097252155,1015377.8500803586,-0.8818830244581625,-1.0829245082983996,7321.2890625,6528.21247199422,6438.797066487225,
thswar1,XC168841.ogg,6793.0078125,94995.64969539642,0.2534520364987042,-1.0795807768666676,6427.6611328125,6786.52142382241,6780.078426532925,
thswar1,XC172349.ogg,7360.16845703125,233627.83980720185,-1.866958199311686,2.7247006278219965,7332.0556640625,7343.803658655082,7325.932478495353,
thswar1,XC186764.ogg,692.05322265625,4634.136610171374,-0.5052101820008212,-1.2033019141557195,742.8955078125,688.7689423922154,685.3732727647714,
thswar1,XC186911.ogg,2960.09765625,8943650.27537129,0.15397868613271068,-1.9234871450602733,21.533203125,643.8199270041384,70.71032705065687,
thswar1,XC191321.ogg,5894.431023848684,153651.4921056088,2.5334202479451506,9.761031732135974,5641.69921875,5882.875788970323,5872.275926196306,
thswar1,XC197513.ogg,7552.77099609375,38.63990306854248,0.0,-2.0,7547.3876953125,7552.769077597156,7552.767159101033,
thswar1,XC212085.ogg,8097.6806640625,1863103.4262478352,0.7016428080374841,-1.49974533139971,7095.1904296875,8001.8961539902175,7913.64561816636,
thswar1,XC212089.ogg,7365.16804245283,74477.74019097729,0.6286795122510459,-0.9513035048780663,7105.95703125,7360.278678459364,7355.4621681125645,
thswar1,XC212093.ogg,5882.1533203125,38.63990306854248,0.7071067811865475,-1.5,5878.564453125,5882.15113153352,5882.1489436451975,
thswar1,XC217464.ogg,7279.29931640625,400475.54737329483,-0.16007120274441505,-1.703741886525469,6513.7939453125,7254.256078436541,7229.032144006417,
thswar1,XC235122.ogg,7300.9521484375,25582.646412007947,0.03853742349869766,-1.8230625919970325,7418.1884765625,7299.298126447823,7297.645252459966,
thswar1,XC238513.ogg,0.0,0.0,0.0,-3.0,0.0,0.0,0.0,
thswar1,XC238536.ogg,6483.6474609375,334199.8336315155,-1.2040336583331266,2.2607100402519746,6093.896484375,6457.416830395006,6428.630551161758,
thswar1,XC240012.ogg,8450.407766788563,213708.6536810422,0.09187873067349467,-1.0309207527783395,9043.9453125,8438.046696372257,8425.710518995478,
thswar1,XC240039.ogg,9230.77751608456,309693.1407556815,-0.1151130381893503,-1.3486328790548099,8591.748046875,9214.88701196412,9198.91779700983,
thswar1,XC241226.ogg,12.919921875,72.1278190612793,-0.3436215967445456,-1.153061224489796,10.7666015625,0.0,0.0,
thswar1,XC241528.ogg,3392.8253173828125,137925.82400143147,1.1532562294670041,-0.6678123622329961,3186.9140625,3376.28860961857,3361.010668095789,
thswar1,XC242246.ogg,132.7880859375,927.3576736450195,-0.04296875,-1.6904296875,96.8994140625,129.6040342135471,126.43332887334464,
thswar1,XC242247.ogg,5871.8353271484375,33117.84692108631,-0.5114920115117668,-1.723261674415311,6007.763671875,5869.342557852795,5866.825877007204,
thswar1,XC242248.ogg,,
thswar1,XC242249.ogg,,
thswar1,XC242250.ogg,7450.48828125,91523.06886819693,-0.84794474787704,-0.9554120402967277,7655.0537109375,7444.6516531144935,7438.683731180274,
thswar1,XC242251.ogg,6688.078308105469,177345.08011490107,2.116604133290324,3.462314793052453,6470.7275390625,6676.59747280859,6665.995047861906,
thswar1,XC244764.ogg,5798.0302734375,254010.2219939232,-0.6672672756218478,0.43059238930521904,5641.69921875,5775.950673830561,5752.710788694293,
thswar1,XC245021.ogg,5857.7490234375,83585.8383178711,-0.047295651328335596,-0.5711191403361111,5760.1318359375,5851.065071620557,5844.35618865686,
thswar1,XC245072.ogg,6460.858154296875,130877.55168261736,0.5514453591551227,-0.3763921024248109,6115.4296875,6451.318271595662,6441.945232624207,
thswar1,XC245073.ogg,6460.858154296875,130877.55168261736,0.5514453591551227,-0.3763921024248109,6115.4296875,6451.318271595662,6441.945232624207,
thswar1,XC250539.ogg,75.3662109375,115.91970920562744,0.0,-1.5,64.599609375,74.84998781225208,74.3337970890411,
thswar1,XC250540.ogg,6629.327862079327,29624.975898632634,-0.500402845020187,-0.6447039341352236,6707.5927734375,6627.1598494410455,6624.972370268939,
thswar1,XC250541.ogg,6780.8056640625,1704.0197253227234,-1.4366055002620486,0.16583368041093927,6793.7255859375,6780.70461566132,6780.603038050098,
thswar1,XC25501.ogg,,
thswar1,XC25502.ogg,,
thswar1,XC25509.ogg,,
thswar1,XC25512.ogg,,
thswar1,XC25513.ogg,,
thswar1,XC25514.ogg,,
thswar1,XC25880.ogg,,
thswar1,XC25881.ogg,5796.4691162109375,37324.07636940479,1.4976267518172113,0.9982919900632314,5684.765625,5793.735161134193,5791.082529212765,
thswar1,XC259484.ogg,6312.5413161057695,260903.61916641303,1.5462668344593626,1.8942231445336004,6330.76171875,6293.698641093929,6276.165708112901,
thswar1,XC259485.ogg,6718.359375,130255.1132440567,-1.6781426951035876,1.2038413128327452,6890.625,6709.546181887273,6700.208394752226,
thswar1,XC261104.ogg,5041.162109375,1036.83739900589,-0.6730756575023374,-0.6525500559391997,5038.76953125,5041.07044849139,5040.978537766953,
thswar1,XC261105.ogg,5924.70703125,14809.698233237634,-0.491100254478473,-1.5554344712636092,5986.23046875,5923.53874080449,5922.362956783085,
thswar1,XC261106.ogg,9335.83984375,126336.38307452202,-1.284550191134022,-0.15718142903443688,8645.5810546875,9329.630990368196,9323.226256372152,
thswar1,XC262494.ogg,4326.0205078125,1819.9394345283508,-0.40114346187843314,-1.767069657998296,4360.4736328125,4325.851827657829,4325.682754087435,
thswar1,XC262495.ogg,6821.4920847039475,988159.9520704313,-0.9052227025176024,-0.9094469841543682,7159.7900390625,6743.44767950564,6658.2697961300155,
thswar1,XC275591.ogg,6067.214037024457,118500.18273229184,0.31897315273160837,-1.6070205867110712,5760.1318359375,6057.970916512603,6048.841591447604,
thswar1,XC275592.ogg,6934.670188210227,325910.01879085193,-0.25471599967155417,0.6688357278875232,6976.7578125,6911.694651434105,6888.081678229053,
thswar1,XC275593.ogg,6436.63330078125,152184.09823334735,-0.09075531579267712,-1.0106711538591828,5932.3974609375,6425.234366475665,6413.777760405707,
thswar1,XC275594.ogg,7613.602294921875,449149.5214810497,-0.07648282847404302,-0.6930418756486265,7472.021484375,7585.26255693814,7556.613470884351,
thswar1,XC275774.ogg,6243.650124289773,149.6418064290827,0.18083767298499734,-0.539277921047427,6244.62890625,6243.639232597339,6243.628343321875,
thswar1,XC278907.ogg,52.4871826171875,106.25973343849182,0.7207809438697934,-0.5203305785123971,43.06640625,51.59765935582394,50.77302631578948,
thswar1,XC291240.ogg,6098.203125,11974.505960941315,0.3971611690711361,-1.817277190562362,6007.763671875,6097.420949563522,6096.64217524339,
thswar1,XC294102.ogg,6244.965362548828,58404.71985779943,-0.3705867119705962,-0.190881364380743,6072.36328125,6240.385010180908,6235.753297294399,
thswar1,XC294103.ogg,6424.8046875,118010.00967621803,0.7907413247502861,0.7400511575709792,6330.76171875,6416.021313661194,6407.439103753829,
thswar1,XC294401.ogg,6458.304537259615,80445.42478047883,-0.9546105067771902,-0.9598855902166061,5996.9970703125,6452.142903667748,6445.81097394503,
thswar1,XC296994.ogg,6619.844970703125,477946.4176626582,-0.6208635315935742,-0.9641195276272514,6718.359375,6583.8057995091585,6546.11504354795,
thswar1,XC296995.ogg,6375.72811351103,428187.4948908301,0.24569761514467403,-1.4020354964706694,6739.892578125,6343.17763013474,6311.1550797527525,
thswar1,XC298269.ogg,5228.5308837890625,4204.159453511238,1.9809177976379813,2.3568964652029436,5189.501953125,5228.184375282061,5227.8430784307675,
thswar1,XC299682.ogg,6659.7412109375,156603.73891101163,-0.730665325311293,-1.3954284397374055,6879.8583984375,6648.3028224493155,6636.548314331179,
thswar1,XC30819.ogg,,
thswar1,XC30820.ogg,,
thswar1,XC30821.ogg,,
thswar1,XC30822.ogg,,
thswar1,XC30850.ogg,,
thswar1,XC343226.ogg,7806.459045410156,88554.4468536973,-0.24384548822669694,3.7984739489603685,7730.419921875,7801.086472702349,7795.642334650671,
thswar1,XC343227.ogg,6347.6806640625,1100.6003159743088,-0.9555681538670889,0.7393904320987663,6352.294921875,6347.599901714401,6347.518876464645,
thswar1,XC343239.ogg,7085.859375,365658.23471546173,-1.693100871968376,2.5354765717908885,6653.759765625,7059.026612544525,7029.052132517099,
thswar1,XC34943.ogg,,
thswar1,XC353318.ogg,6356.6015625,150.69562196731567,0.27154541788363945,-1.044378698224852,6352.294921875,6356.592082665498,6356.58260578332,
thswar1,XC364571.ogg,7765.684442934783,266229.673316869,0.538917597215918,2.6445433086659245,7762.7197265625,7749.017950823422,7732.485451040802,
thswar1,XC365676.ogg,6630.6884765625,1050586.693745393,2.0387506956660997,2.1613215140213153,6190.7958984375,6569.033957355905,6517.825261909743,
thswar1,XC382590.ogg,5189.501953125,115.91970920562744,0.0,-1.5,5178.7353515625,5189.494507331763,5189.487061538541,
thswar1,XC387214.ogg,6469.189453125,140420.80466563886,1.2078874071549917,-0.16414805603177918,6233.8623046875,6459.530901877536,6450.287718132134,
thswar1,XC387713.ogg,6262.5732421875,184949.89603757858,0.8041165946678199,-1.2435582988075302,5975.4638671875,6249.870947421203,6237.61086523121,
thswar1,XC398332.ogg,5769.6064453125,165130.71695566177,-0.38130203690465314,-0.5729524966648527,5103.369140625,5755.562787987073,5741.217503950141,
thswar1,XC422817.ogg,5878.564453125,5583.465993404388,-1.004132175738046,-0.44151171561643165,5792.431640625,5878.122431122117,5877.676754198093,
thswar1,XC443619.ogg,100.48828125,355.4871082305908,0.18131688178876068,-0.8620037807183367,107.666015625,99.01035216821421,97.53805609646494,
thswar1,XC447010.ogg,6043.65234375,48072.58528821608,1.1994059059419886,-0.15525770333484212,5910.8642578125,6039.996852939958,6036.441304840329,
thswar1,XC518196.ogg,190.030517578125,4518.123192222495,0.6651708251741214,1.1824877324383785,204.5654296875,178.12136038910396,164.5155511634106,
thswar1,XC523780.ogg,254.6715369591346,1984.0104075578545,0.9634785485405486,-0.8064137841181669,226.0986328125,251.26120283722338,248.20079928862611,
thswar1,XC529333.ogg,295.0048828125,30.911922454833984,0.40824829046386296,-1.8333333333333333,290.6982421875,294.9579543009187,294.9112601902174,
thswar1,XC529334.ogg,5902.3406982421875,7368420.985694164,-1.2945507555119617,0.2612355986965853,5781.6650390625,3595.895793768824,404.6854773774471,
thswar1,XC529335.ogg,24.017803485576923,58.49486864530123,1.0181248013729753,1.188280785246877,21.533203125,22.919207688324335,21.81285511363636,
thswar1,XC529409.ogg,503.876953125,81.14379644393921,0.3436215967445456,-1.153061224489796,495.263671875,503.8127625533952,503.748802412083,
thswar1,XC529410.ogg,2946.4599609375,380790.7247543335,-0.6887012786490843,-1.4923344907620189,3348.4130859375,2879.003905725779,2806.1156137558905,
thswar1,XC529411.ogg,1972.0340213260135,254749.74796578687,-1.7273656872782237,5.6238229250542275,2088.720703125,1852.2757093775472,1616.1662371699445,
thswar1,XC529412.ogg,486.650390625,81.14379644393921,-0.3436215967445456,-1.153061224489796,484.4970703125,486.5834294371888,486.5162087281702,
thswar1,XC529413.ogg,294.287109375,28.97992730140686,0.7071067811865475,-1.5,290.6982421875,294.24369212340093,294.20063064759034,
thswar1,XC529414.ogg,269.1650390625,30558.643341064453,0.38377165277366454,-1.7234681976511077,129.19921875,216.82833481525543,178.49887575132,
thswar1,XC529415.ogg,189.68794389204547,33309.70407616009,0.8015945667285712,-1.0540078520573593,21.533203125,106.90746156941081,55.48819475533832,
thswar1,XC529552.ogg,3539.0716552734375,9356701.037925871,-0.02351402001553224,-1.7534797896852212,150.732421875,1224.411987293562,263.9176860562688,
thswar1,XC532728.ogg,3221.1714311079545,514397.00277352874,0.7119798971814548,-1.1071814464805514,2648.583984375,3149.671149119984,3085.142139542079,
thswar1,XC532729.ogg,230.712890625,2669.7884245616633,4.169030017535198,15.639432483217792,215.33203125,227.1118836185874,224.7984544967006,
thswar1,XC532730.ogg,5691.943359375,4594535.634219646,-2.3582319584589166,3.8243498550041233,6212.3291015625,3666.4370670401877,367.7466225466784,
thswar1,XC533134.ogg,2350.7080078125,38.63990306854248,0.7071067811865475,-1.5,2347.119140625,2350.70253418999,2350.6970661442456,
thswar1,XC533135.ogg,1904.970703125,4859.795808792114,-1.3753720959707565,0.5323788224798078,1754.9560546875,1903.739196522249,1902.4658370362029,
thswar1,XC533136.ogg,44.14306640625,88.8717770576477,0.8584034741767891,0.49023314429741616,43.06640625,43.29632278582823,42.499743009868425,
thswar1,XC533137.ogg,2355.4931640625,457.2388529777527,-0.9962279834979388,-0.33996230906566094,2357.8857421875,2355.4063929854947,2355.3191240717483,
thswar1,XC534559.ogg,6303.84521484375,927582.0343725143,0.305906265566957,-1.7813178831791787,7504.3212890625,6234.2106124958245,6167.177654851331,
thswar1,XC534560.ogg,2598.7884521484375,1388.966515660286,0.5457570317786876,-1.271794438978236,2562.451171875,2598.5557386050573,2598.324156979934,
thswar1,XC549843.ogg,,
thswar1,XC565545.ogg,896.319580078125,5271927.910923958,2.266764615394236,3.1402924148129374,21.533203125,0.0,0.0,
thswar1,XC604838.ogg,,
thswar1,XC63185.ogg,4186.753061655405,6604088.557410885,-0.9779587788040393,-0.9512212675922784,53.8330078125,1619.1797506423607,191.77558652966889,
thswar1,XC65916.ogg,6906.77490234375,57.95985460281372,0.0,-2.0,6901.3916015625,6906.772804408597,6906.770706474084,
thswar1,XC6717.ogg,6844.6875,179683.27724933624,-1.7123267254972079,5.661388706187099,6912.158203125,6831.394990132464,6816.882978326842,
