primary_label,filename,mean,variance,skewness,kurtosis,mode,gmean,hmean
treswa,XC115819.ogg,599.484375,1214111.3494992256,3.090724582280439,7.570860559114436,301.46484375,346.2061080492851,297.1541604615874,
treswa,XC115820.ogg,4576.88232421875,115828.26143503189,-0.3554089287206507,-0.6329091771343966,4414.306640625,4565.246132744553,4553.36039690467,
treswa,XC129778.ogg,,
treswa,XC131961.ogg,4138.681640625,26078.622579574585,0.9532501686576704,0.7990224690126797,3994.4091796875,4135.805086076222,4132.990379696908,
treswa,XC132146.ogg,4862.9150390625,12399.896166541359,0.7345800192880947,-0.9722292932292209,4758.837890625,4861.758467257783,4860.614153003308,
treswa,XC132736.ogg,,
treswa,XC134156.ogg,4004.6091180098683,1062.2583878667729,-0.4546303623928728,-0.4805932749037001,3994.4091796875,4004.4831593209014,4004.356890751098,
treswa,XC137602.ogg,5158.180930397727,183670.1687933369,-0.5027161974675043,-0.6934034229400021,4672.705078125,5140.326395637992,5121.880473917653,
treswa,XC142484.ogg,4889.5751953125,1077533.5676853473,1.2995279314425636,-0.17683471769021697,4198.974609375,4801.496819274586,4727.142736430413,
treswa,XC153181.ogg,,
treswa,XC157277.ogg,,
treswa,XC157341.ogg,,
treswa,XC163169.ogg,4672.705078125,4462.9088044166565,-1.4321395510900834,0.16453027491988514,4694.23828125,4672.318288275659,4671.926728071789,
treswa,XC163170.ogg,4626.912949960443,127569.54592065896,-0.43144635202050186,-0.7835519969076099,4812.6708984375,4612.929162458401,4598.584135881164,
treswa,XC163172.ogg,4182.0556640625,1855940.7842159271,-0.5483804268768196,-1.643448938549432,2433.251953125,3940.3979674535517,3681.397856329371,
treswa,XC163173.ogg,5729.9025315504805,560068.5717591873,-2.942268044208807,7.11555496110493,5458.6669921875,5665.44162648057,5577.182375047874,
treswa,XC163174.ogg,4241.618795955882,83434.18806300443,-1.472208688404321,3.3423296593922345,4274.3408203125,4231.184564264646,4219.831231062174,
treswa,XC163175.ogg,4533.81591796875,309553.21167017287,-0.8773615598378927,-1.1506052383704883,4844.970703125,4498.753654821567,4461.250567700078,
treswa,XC163176.ogg,4453.7841796875,742658.9369773865,0.7063973622505202,-1.4989968941846321,3854.443359375,4381.655925572588,4316.297508703899,
treswa,XC17046.ogg,,
treswa,XC172791.ogg,254.8095703125,214738.84630948305,5.449362824546735,27.813581792940344,139.9658203125,187.40860316735186,175.08510178011542,
treswa,XC176986.ogg,4953.790283203125,90213.68569135666,-0.998097264905049,-0.14484472788291836,5124.90234375,4944.448517924229,4934.700675202392,
treswa,XC179722.ogg,4206.848691114738,146359.45938497258,-0.036275810403671664,-1.174898334972911,3682.177734375,4189.582957869625,4172.23755367847,
treswa,XC183362.ogg,4333.55712890625,57.95985460281372,0.0,-2.0,4328.173828125,4333.553785239881,4333.550441576087,
treswa,XC184629.ogg,4514.679151965725,189678.54765922797,-0.7709767423968077,-0.8034801122603374,4866.50390625,4493.184519383114,4470.552385815288,
treswa,XC185117.ogg,4238.4521484375,463.67883682250977,-0.20992232566475627,-1.4648437500000002,4209.7412109375,4238.403493865112,4238.354806660514,
treswa,XC188419.ogg,4583.49609375,7034.16081575247,0.03858631311823029,-1.7809889151700466,4500.439453125,4582.7838113901535,4582.071914615613,
treswa,XC192726.ogg,5270.25146484375,265895.14914979326,0.8594425847760228,-0.4660643483933842,5124.90234375,5246.704386873144,5224.306306563516,
treswa,XC193050.ogg,4597.3388671875,115.91970920562744,0.0,-1.5,4586.572265625,4597.330462330945,4597.322057474392,
treswa,XC193146.ogg,3657.6298828125,776976.1940896511,-1.4413657100894743,0.1664569815180763,1937.98828125,3520.7085290384316,3346.3184065219934,
treswa,XC194295.ogg,4294.9127197265625,19488.323657350105,0.4750343309744456,-0.3318417370673896,4231.2744140625,4292.704773310817,4290.517030534083,
treswa,XC205913.ogg,1445.2992314877717,2923964.848987433,0.6415555991675636,-1.584498903719905,215.33203125,573.7732821193626,313.2838079940949,
treswa,XC212619.ogg,,
treswa,XC215698.ogg,,
treswa,XC236558.ogg,4867.8497314453125,10944.062545895576,-0.5944794623085095,-1.136359569380327,4705.0048828125,4866.85801679044,4865.858317531245,
treswa,XC236696.ogg,,
treswa,XC256197.ogg,3953.876091452206,11135.963240967078,-0.2899132852815196,-1.3093230570630034,4005.17578125,3952.5435250446394,3951.2041486393614,
treswa,XC259259.ogg,4394.874237804878,117161.32238361896,-1.3653064040266945,0.6941600805437029,4565.0390625,4380.818938931117,4365.653015034122,
treswa,XC299635.ogg,4787.418323863636,22678.266503594143,0.21366444173914692,-0.2742789565456478,4694.23828125,4785.100696695048,4782.790673283648,
treswa,XC302960.ogg,4990.465318834459,35765.23352313686,-0.5433796875722939,-0.34428040285798867,4909.5703125,4986.926113855644,4983.333615091479,
treswa,XC302963.ogg,4185.3369140625,118445.42645585947,-0.8487160495224818,-1.2252680928601436,4392.7734375,4170.970449362758,4155.953703392603,
treswa,XC31120.ogg,50.7568359375,66.23983383178711,0.4592793267718459,-0.8958333333333335,43.06640625,50.21429731759859,49.69200721153846,
treswa,XC312721.ogg,4406.476384943182,619616.1372769964,-1.887462612544813,2.6986400849905063,4015.9423828125,4321.096620642568,4206.961888985955,
treswa,XC313481.ogg,3670.0653076171875,359895.50717175007,-0.5230453729444489,-1.7159025383023307,4102.0751953125,3624.4251169723634,3576.7710149555705,
treswa,XC313909.ogg,190.72265625,607.1984767913818,0.28684139602981573,-1.4523140495867766,172.265625,189.37967245955213,188.067216212441,
treswa,XC315286.ogg,4364.0625,13446.686267852783,-1.1682105638636306,0.14609399750667462,4392.7734375,4362.576878576905,4361.0603202406155,
treswa,XC320032.ogg,,
treswa,XC320475.ogg,4264.688005118534,304465.9713938319,1.4154989962823903,0.9032621890386499,3811.376953125,4233.5814572790605,4205.588809986066,
treswa,XC327947.ogg,,
treswa,XC350895.ogg,5409.660391971983,1177451.0200578594,-1.5948506225043115,3.392215715373763,1528.857421875,5253.228493622878,4990.960471973709,
treswa,XC354703.ogg,,
treswa,XC357947.ogg,,
treswa,XC357949.ogg,282.92236328125,351.92617598701923,1.0024207020680918,0.9981426143138039,269.1650390625,282.356439612441,281.81069927866446,
treswa,XC357950.ogg,7098.126775568182,5288.046370853078,-1.9908159769625458,2.9965850320274043,7116.7236328125,7097.783662066103,7097.436008817258,
treswa,XC362080.ogg,5581.585693359375,93440.52559655646,0.2951483258137999,-1.5675689279050793,5426.3671875,5573.638112455786,5565.77657980083,
treswa,XC362231.ogg,1947.55859375,11662.810742855072,0.21011141155093704,-1.8121598605491136,2067.1875,1944.9140987993162,1942.2913156859042,
treswa,XC368519.ogg,,
treswa,XC371289.ogg,,
treswa,XC373404.ogg,3904.6875,502518.7582128188,0.3630111940261479,-1.3562407313074434,3229.98046875,3845.5482137390436,3788.901029264833,
treswa,XC388170.ogg,4601.18408203125,7572.35946563574,-0.4299251701896943,-1.3995306955220217,4478.90625,4600.415855165822,4599.643611059538,
treswa,XC393737.ogg,4092.07763671875,9977.374970912933,1.2717138149190492,0.051573524792808634,4026.708984375,4090.9674114897357,4089.8788323238737,
treswa,XC422838.ogg,3888.53759765625,65.68783521652222,-0.2282688235636075,-0.8927335640138407,3886.7431640625,3888.5305569795705,3888.52351424935,
treswa,XC423481.ogg,,
treswa,XC446452.ogg,2320.9716796875,5580423.20719132,0.2895531566735955,-1.9147953658149472,344.53125,1088.53480528883,580.6170357861807,
treswa,XC446453.ogg,3737.7107319078946,172379.03841189606,0.17950442644295828,-1.4165540335096178,3380.712890625,3715.408395646792,3693.3761051696447,
treswa,XC477045.ogg,403.74755859375,459.22038646844715,0.0,-1.601847487981902,376.8310546875,403.21886053456006,402.69030332297723,
treswa,XC479942.ogg,4129.248046875,6753.703057765961,0.1010263002469143,-0.9134271216733869,4005.17578125,4128.469986948142,4127.692773935541,
treswa,XC481145.ogg,5017.620849609375,78915.40870070457,-0.18807234688941285,-1.0915015783611783,4608.10546875,5009.969099767041,5002.25533994364,
treswa,XC482621.ogg,1338.28857421875,2268137.8381848335,0.8727652842553971,-1.2380178170717488,409.130859375,771.9066339772608,548.3502305718202,
treswa,XC482623.ogg,421.09375,186.75953149795532,-0.21451013203211164,-0.9675980975029725,430.6640625,420.89562845494197,420.6965438634623,
treswa,XC482624.ogg,4855.113153872283,452164.88688269537,-4.580803443230664,29.540632338822014,4769.6044921875,4706.269806633229,3918.6170687484414,
treswa,XC482625.ogg,4900.407247340426,225408.28731024734,0.22020355166623848,-1.066831125019677,4468.1396484375,4878.070485729233,4855.9673980264,
treswa,XC482641.ogg,4274.3408203125,289.7992730140686,0.0,-1.3,4252.8076171875,4274.31370020284,4274.286580024334,
treswa,XC483981.ogg,5117.848363415948,12676.132266188273,0.17032193435981888,-0.4788743277198817,5135.6689453125,5116.633729655312,5115.421541761317,
treswa,XC490200.ogg,5429.9560546875,184719.8129783977,0.07433689106453654,-1.2303313865030177,5232.568359375,5414.364735038956,5398.804210090112,
treswa,XC511279.ogg,4534.555311088103,176686.5716595668,0.4141398866581123,-1.2431148403221515,4102.0751953125,4515.701478627162,4497.303340586082,
treswa,XC540308.ogg,,
treswa,XC540309.ogg,,
treswa,XC540310.ogg,,
treswa,XC542120.ogg,4292.718295393319,582754.8510685374,-0.2154140160173091,-1.4977185568689775,3262.2802734375,4223.173202701974,4151.8979928087365,
treswa,XC543666.ogg,,
treswa,XC544225.ogg,4063.7939453125,2292.6342487335205,1.5409049238112116,1.6817893100618608,4037.4755859375,4063.546004991932,4063.3008302431526,
treswa,XC544227.ogg,37.68310546875,57.95985460281372,0.0,-2.0,32.2998046875,37.29660186220092,36.9140625,
treswa,XC54455.ogg,3915.0054931640625,13227.93455854539,-0.4406287539160388,0.28470075041516374,3886.7431640625,3913.3530379370172,3911.684122440685,
treswa,XC554688.ogg,3761.6849459134614,1981754.4316786982,-1.13345391920068,-0.5478938753926079,1345.8251953125,3391.909329360306,2910.7618818481897,
treswa,XC562173.ogg,4919.619140625,143516.32797718048,0.5561367840184595,-1.1951440898304009,4500.439453125,4906.334309022203,4893.403276118068,
treswa,XC564234.ogg,5021.8505859375,4531373.805999756,-1.5887213193540919,0.9747598677462603,247.6318359375,3672.4410619193736,1382.5714730328798,
treswa,XC568330.ogg,0.0,0.0,0.0,-3.0,0.0,0.0,0.0,
treswa,XC570129.ogg,3247.9248046875,38.63990306854248,-0.7071067811865475,-1.5,3251.513671875,3247.920836162296,3247.9168647158463,
treswa,XC575294.ogg,3703.7109375,115.91970920562744,0.0,-1.5,3692.9443359375,3703.70050471716,3703.690071934321,
treswa,XC582625.ogg,28.08678668478261,81.55615904585646,1.3032614384235497,1.0457644236838775,21.533203125,26.926499004603837,25.975367406031463,
treswa,XC600068.ogg,3947.2017728365386,52695.910884783814,0.6283396105563177,-0.9310113521508363,3832.91015625,3941.17005855724,3935.272546708394,
treswa,XC612860.ogg,5879.392653245192,137644.25163085645,1.1991785627869898,0.6485443026492077,5684.765625,5869.053251154303,5859.160047280848,
treswa,XC99549.ogg,3045.87158203125,166.15158319473267,0.19656578373781367,-0.7539210383991346,3036.181640625,3045.8470472061167,3045.8225250011833,
