primary_label,filename,mean,variance,skewness,kurtosis,mode,gmean,hmean
trogna1,XC116095.ogg,415.411376953125,30.736286531795155,-0.3380617018914066,-1.885714285714286,419.8974609375,415.3773654991519,415.34325854121477,
trogna1,XC118592.ogg,12.850459929435484,41.19410078592365,0.8553361947642919,1.5588860544217704,10.7666015625,0.0,0.0,
trogna1,XC119010.ogg,,
trogna1,XC120049.ogg,843.3837890625,484769.5999145508,5.719946569219531,30.826341136256353,699.8291015625,766.0949910446807,743.1711234476973,
trogna1,XC120286.ogg,3.5888671875,38.63990306854248,0.7071067811865475,-1.5,0.0,0.0,0.0,
trogna1,XC121927.ogg,5037.333984375,31184.267150944677,0.0621163896416753,-0.6321146082294815,4769.6044921875,5034.342802336275,5031.3528129448105,
trogna1,XC127523.ogg,2970.81298828125,6880046.183750397,-0.18050156524274324,-1.9522632824958535,118.4326171875,963.6395008349974,255.91257612775195,
trogna1,XC128689.ogg,4608.10546875,109292.4946110423,1.1533887820430722,-0.27401458350750785,4425.0732421875,4597.10122324694,4586.66437315931,
trogna1,XC142551.ogg,4084.975298713235,5283070.579324575,-0.7908001443444415,-1.255585518106722,742.8955078125,2978.512429922443,1787.1777549672656,
trogna1,XC166307.ogg,3881.5454943426726,7485685.960835424,-0.45101684661020053,-1.725410764769304,366.064453125,2249.873103100548,1047.8907283761573,
trogna1,XC166812.ogg,4528.89404296875,82991.50565495857,-0.7621732924941313,-0.42885093735613733,4629.638671875,4520.084691541373,4510.970095049244,
trogna1,XC170237.ogg,,
trogna1,XC170826.ogg,5958.7158203125,42679.25908932319,-2.8641616619171204,10.29886476961945,5932.3974609375,5955.014322309269,5951.0324396301185,
trogna1,XC178768.ogg,,
trogna1,XC180511.ogg,5725.874467329545,3705.215432427146,0.8208964519108889,-1.0334453517221869,5684.765625,5725.58194047138,5725.291031215391,
trogna1,XC180905.ogg,4300.1806640625,5087669.669151306,-1.4982185243901343,0.24756855107518172,21.533203125,1780.632367748556,105.96614380886453,
trogna1,XC183939.ogg,1357.130126953125,213.23125456508836,0.4275838188325888,-0.53541847028557,1345.8251953125,1357.0557104330376,1356.9815092379674,
trogna1,XC196351.ogg,4423.876953125,59963.06840111228,0.6188090193992603,-0.775990950639752,4166.6748046875,4417.603075162905,4411.458755567446,
trogna1,XC196387.ogg,5130.28564453125,12254.369258880615,-0.8822423412946265,-0.8107596785975164,5157.2021484375,5129.227844177861,5128.157339145321,
trogna1,XC196413.ogg,70.751953125,110.39972305297852,-0.2134537420613656,-0.7324999999999999,75.3662109375,70.05806815576128,69.34021597754655,
trogna1,XC199210.ogg,2923.73046875,32.1999192237854,-0.22360679774997896,-1.95,2928.515625,2923.7255726105373,2923.7206751432664,
trogna1,XC199211.ogg,5911.12060546875,21184.96636791927,-0.22973326945096967,-1.040868047640334,5964.697265625,5909.364031625913,5907.6004561138725,
trogna1,XC199649.ogg,3564.2420372596152,13643.861234761202,-1.5201316688382516,2.1544853355777445,3552.978515625,3562.2904564118285,3560.2688531786257,
trogna1,XC202654.ogg,5098.883056640625,13456.346243619919,0.8360139806437377,-1.138028602045154,5017.236328125,5097.687782462124,5096.506989611696,
trogna1,XC206946.ogg,311.8251584610849,1076296.497929425,3.2137178712842087,8.32952665366398,10.7666015625,0.0,0.0,
trogna1,XC206947.ogg,4015.006156589674,9609.881347347155,2.515851339999818,5.073577064435975,3983.642578125,4013.9049525545106,4012.8456163449055,
trogna1,XC210965.ogg,5442.51708984375,88319.22644376755,1.66254684225861,1.0059387766172883,5340.234375,5436.101898502036,5430.021823880567,
trogna1,XC211915.ogg,4705.0048828125,77.27980613708496,0.0,-1.0,4705.0048828125,4704.998723417364,4704.992564014156,
trogna1,XC233468.ogg,5373.251953125,18952.32045650482,0.5992272835388543,-1.0429577689911722,5361.767578125,5371.6214998154255,5370.006868908619,
trogna1,XC235262.ogg,3327.95654296875,861782.5042511288,3.6789312120618916,12.989301137234056,3229.98046875,3249.3030349385467,3196.5492219249036,
trogna1,XC242992.ogg,6041.042258522727,79609.11676933714,-0.4527767070899027,-1.2655454679254965,6244.62890625,6034.45339461904,6027.770375954001,
trogna1,XC242993.ogg,5360.99853515625,562500.3143258997,-6.4446637283167005,42.54201419097524,5598.6328125,5029.13343429704,2064.5033013081043,
trogna1,XC242994.ogg,77.63286389802632,195.23319445158307,0.8807981215975794,0.9941277848794732,75.3662109375,76.48133405003938,75.38775315829882,
trogna1,XC242995.ogg,5591.781338778409,188685.4270472335,-0.0881366192497175,-1.321396730210658,5135.6689453125,5575.160392090847,5558.44716557232,
trogna1,XC242996.ogg,5954.329427083333,878.1495919594398,-0.6483070991511081,-0.37305511619696397,5953.9306640625,5954.258266086402,5954.186953279012,
trogna1,XC259425.ogg,4109.477233886719,1293.9537540078163,1.5885908408702465,1.5441631168053798,4091.30859375,4109.33094196477,4109.185943220734,
trogna1,XC259426.ogg,5513.397216796875,12911.60761014275,0.15518860229730222,-0.9903815393831268,5361.767578125,5512.277075910022,5511.159050939607,
trogna1,XC259427.ogg,6252.417511635638,15178.940645750752,-1.2600259226267183,1.075926296349854,6255.3955078125,6251.2092030753065,6249.980220256839,
trogna1,XC259429.ogg,5458.6669921875,46127.1273631316,-0.610504954043472,-1.3022852377523124,5146.435546875,5454.530662453754,5450.329191549369,
trogna1,XC259430.ogg,5910.8642578125,103902.69935131073,1.3999052789238406,0.739172829376213,5673.9990234375,5903.6569728652075,5896.7658818822165,
trogna1,XC259431.ogg,6073.516845703125,431627.8038918972,-2.2319476163451184,3.800524620484217,6072.36328125,6032.246671082651,5982.636642293074,
trogna1,XC259432.ogg,2725.74462890625,2139516.0219344227,-0.8778164857557677,-0.3522576302570184,10.7666015625,1303.6117957621352,84.1724606531375,
trogna1,XC262473.ogg,5374.149169921875,134487.96601020373,0.10349007510708395,-1.6343874717898832,5060.302734375,5361.9827236955725,5349.881286393246,
trogna1,XC262474.ogg,5203.857421875,38.63990306854248,0.7071067811865475,-1.5,5200.2685546875,5203.854947930977,5203.852475124913,
trogna1,XC262994.ogg,3597.83935546875,836519.6775197983,-3.074740281478397,9.30212212441721,3509.912109375,3132.082782071562,1428.9292751476999,
trogna1,XC264797.ogg,3879.5232077205883,48022.191061693076,1.767009530994737,1.8341094716950375,3789.84375,3873.7735298484426,3868.3717279906487,
trogna1,XC275127.ogg,2976.1496803977275,754565.076655285,-0.7120065279186002,-0.9573771695151598,3348.4130859375,2825.6232259939798,2652.7674825324216,
trogna1,XC275576.ogg,959.5594897712629,4091311.8940215446,1.711196852313271,0.9331492448160366,32.2998046875,79.01648485067292,39.113049930573354,
trogna1,XC275577.ogg,3816.9943104619565,7943512.61848282,-0.6358927059748919,-1.5911868234693525,43.06640625,1059.687486127037,120.14847103402411,
trogna1,XC276416.ogg,4237.094198690878,1583364.0171869383,-0.6223565012859418,1.093749113875437,3434.5458984375,3846.463429860902,2241.852785724018,
trogna1,XC279627.ogg,8.074951171875,106.25973343849182,0.49338220021815865,-1.371900826446281,0.0,0.0,0.0,
trogna1,XC28333.ogg,232.55859375,211.23147010803223,-0.651358860559796,-0.6162998215348003,236.865234375,232.13788065924285,231.70520466193906,
trogna1,XC28335.ogg,6179.286772629311,460672.63332934206,-1.4245829505252903,1.3675300410334463,6406.1279296875,6138.588662971563,6092.5482600091145,
trogna1,XC286990.ogg,,
trogna1,XC286997.ogg,5041.461181640625,10140.340016646818,-1.4879091322707316,0.6904280388241464,4834.2041015625,5040.5212523971595,5039.563069413671,
trogna1,XC293842.ogg,4362.8961181640625,181194.32038183397,-2.062965144774948,10.281327452138724,4263.57421875,4338.1102582474605,4306.268074987043,
trogna1,XC293843.ogg,5143.81664379223,247182.07073372763,-0.07998832643466197,-1.7387785989614852,5577.099609375,5120.237548015072,5096.591373611118,
trogna1,XC293844.ogg,3855.379585597826,1453.3490814239137,-1.8195044611903115,2.5516790398012734,3865.2099609375,3855.19713886381,3855.012506954069,
trogna1,XC296835.ogg,4482.7711838942305,438087.9575376085,-0.9292640414187601,0.8355272038127111,4360.4736328125,4428.772643666721,4367.338285063473,
trogna1,XC296836.ogg,4937.8326416015625,17452.12621986866,-1.463218901057618,1.4846658905932282,4941.8701171875,4936.246589334536,4934.619721655277,
trogna1,XC298064.ogg,11.151123046875,12.726634740829468,0.7061941546324656,6.177093917840034,10.7666015625,0.0,0.0,
trogna1,XC303799.ogg,5155.048828125,319497.90251255035,-0.9915828811285311,-0.1984049131605108,4209.7412109375,5128.338944413168,5099.665859971254,
trogna1,XC317424.ogg,4314.715576171875,172751.49330496788,1.299105870383773,0.6169678773098162,4015.9423828125,4296.758761709221,4280.079356416596,
trogna1,XC317440.ogg,,
trogna1,XC319116.ogg,,
trogna1,XC327298.ogg,4717.872284679878,14015.96513245164,-3.0784960050655172,12.679410429970966,4672.705078125,4716.341907111972,4714.723134771906,
trogna1,XC338530.ogg,16.14990234375,38.63990306854248,0.0,-2.0,10.7666015625,15.226273950354855,14.35546875,
trogna1,XC338542.ogg,301.8013000488281,1241369.0916466857,3.6144979531584043,11.06543403094691,21.533203125,24.318403249633548,16.871088330520383,
trogna1,XC340986.ogg,4709.7900390625,652675.5196314591,0.1833982548575471,-1.3163362383763786,3854.443359375,4643.400374811116,4578.225279940125,
trogna1,XC343248.ogg,,
trogna1,XC344197.ogg,4541.498526880297,1823243.0446161854,-1.5520296839748122,3.0917884510743354,3897.509765625,3956.283562756751,1944.149789552136,
trogna1,XC353179.ogg,4279.72412109375,226495.51981687546,1.6501056438388984,0.9154668258588465,4037.4755859375,4259.802607548516,4241.884824053578,
trogna1,XC358178.ogg,28.7109375,38.63990306854248,-0.7071067811865475,-1.5,32.2998046875,28.216478389797928,27.685546875000004,
trogna1,XC359332.ogg,49.82000177556818,29.4778309731408,-0.7409883506475796,-0.9381594016867401,53.8330078125,49.50770955401961,49.17617322664358,
trogna1,XC361189.ogg,1913.763427734375,24.839937686920166,-1.1547005383792515,-0.6666666666666665,1916.455078125,1913.7577384670524,1913.752038522567,
trogna1,XC373128.ogg,4481.697591145833,52713.08417503651,-0.4470579902407771,-1.6683594645335647,4672.705078125,4475.943400321076,4470.106750048613,
trogna1,XC37662.ogg,,
trogna1,XC377632.ogg,3731.9732666015625,39914.809870331184,1.373618273224389,2.836085668973497,3682.177734375,3727.059955321395,3722.338787124042,
trogna1,XC378623.ogg,,
trogna1,XC385385.ogg,3305.3466796875,649.1503715515137,0.5951700641394974,-1.5,3283.8134765625,3305.265075296319,3305.183699370999,
trogna1,XC385493.ogg,,
trogna1,XC385494.ogg,,
trogna1,XC385506.ogg,,
trogna1,XC385509.ogg,,
trogna1,XC387674.ogg,5086.4501953125,5188.234984874725,0.45317164956288464,-0.6776631268574218,5092.6025390625,5085.966420094752,5085.484597830924,
trogna1,XC391095.ogg,3806.943646599265,416138.1184353548,-0.025169421048880595,-1.8379641165232035,3111.5478515625,3754.8994967985477,3703.225217688487,
trogna1,XC402859.ogg,4221.10595703125,1001.985721728381,0.958691861861437,-0.963614909895262,4198.974609375,4220.99438077895,4220.883323463405,
trogna1,XC405871.ogg,,
trogna1,XC405873.ogg,,
trogna1,XC405874.ogg,,
trogna1,XC405875.ogg,,
trogna1,XC406972.ogg,,
trogna1,XC415236.ogg,6528.1494140625,38.63990306854248,0.7071067811865475,-1.5,6524.560546875,6528.147441795892,6528.145470252404,
trogna1,XC425869.ogg,3849.06005859375,193.1995153427124,0.0,-1.3599999999999999,3832.91015625,3849.0412357588166,3849.022412898098,
trogna1,XC427833.ogg,5157.2021484375,519243.01743507385,-0.30194160528933656,-1.6255621682229384,4231.2744140625,5109.077541175375,5059.805058330368,
trogna1,XC427834.ogg,4807.28759765625,562106.261909008,1.695540645966096,1.0395634395485542,4360.4736328125,4764.990528285286,4728.569523087831,
trogna1,XC427835.ogg,4807.28759765625,562106.261909008,1.695540645966096,1.0395634395485542,4360.4736328125,4764.990528285286,4728.569523087831,
trogna1,XC427836.ogg,,
trogna1,XC428509.ogg,4349.70703125,631607.8555583954,0.048192325174101,-1.9347082651818939,3585.2783203125,4284.178403400776,4219.888528127431,
trogna1,XC444598.ogg,6574.8046875,38.63990306854248,-0.7071067811865475,-1.5,6578.3935546875,6574.802727797906,6574.800767382919,
trogna1,XC449712.ogg,,
trogna1,XC449715.ogg,,
trogna1,XC449716.ogg,,
trogna1,XC451631.ogg,4738.571346507353,134899.85688644298,0.8053667695387222,-0.32564363071518665,4780.37109375,4725.63923239364,4713.16860579755,
trogna1,XC451633.ogg,4768.52783203125,4957.499563694,1.080634007835601,-0.3373859696124164,4715.771484375,4768.064622691655,4767.606030027676,
trogna1,XC451635.ogg,5135.6689453125,173.87956380844116,-0.9128709291752769,-0.5,5135.6689453125,5135.655383417947,5135.64180252385,
trogna1,XC453867.ogg,75.59528756648936,2.439856611054158,6.634888026970371,42.02173913043478,75.3662109375,75.5806378457156,75.56718750000003,
trogna1,XC454101.ogg,,
trogna1,XC456225.ogg,4784.286221590909,3808.489355173978,0.5073984113008637,-1.6397556511004188,4726.5380859375,4783.925866645985,4783.567024526286,
trogna1,XC461974.ogg,5126.69677734375,4401.588958242665,0.3050784242059333,-1.1983130353708993,5135.6689453125,5126.28640017548,5125.877063347852,
trogna1,XC470048.ogg,5301.083096590909,94740.02415483647,-0.6094394477255196,-0.9672722648737535,5286.4013671875,5292.33444143703,5283.373165938013,
trogna1,XC470049.ogg,5804.89013671875,71717.79608985652,1.7994490784221067,4.324240958216975,5577.099609375,5799.097076247681,5793.576739035666,
trogna1,XC470278.ogg,6011.3525390625,38.63990306854248,0.7071067811865475,-1.5,6007.763671875,6011.350397307236,6011.348256404758,
trogna1,XC47463.ogg,5316.5478515625,5297.530710697174,-0.47161952625689674,-1.6679826094451016,5372.5341796875,5316.147722774029,5315.746069617648,
trogna1,XC474933.ogg,2280.9814453125,24276.899099349976,-1.7314235417628263,1.6254541736383947,2347.119140625,2275.4705012296317,2269.4870337658845,
trogna1,XC475932.ogg,3937.8619025735293,37837.40825215699,-1.8024906694454506,7.415637311881051,3962.109375,3932.7500767314623,3927.227779753852,
trogna1,XC477760.ogg,2491.69921875,101.90743666428786,0.2134537420613656,-0.7325000000000004,2487.0849609375,2491.6802403285487,2491.661272234631,
trogna1,XC479533.ogg,,
trogna1,XC482246.ogg,,
trogna1,XC482247.ogg,,
trogna1,XC482248.ogg,,
trogna1,XC488954.ogg,,
trogna1,XC493608.ogg,5108.75244140625,30845.180804079228,-1.3946897248821177,0.45551816674718637,5221.8017578125,5105.8957957588555,5102.948214067723,
trogna1,XC511508.ogg,5133.87451171875,71328.12459679211,-1.72440684147514,1.8862408460272064,5232.568359375,5126.891215959668,5119.4604254684255,
trogna1,XC520396.ogg,5711.8974609375,205082.44473338127,-0.2435544200357779,-1.5914435043694992,5167.96875,5694.397373419167,5676.690943191665,
trogna1,XC536361.ogg,,
trogna1,XC538740.ogg,,
trogna1,XC538741.ogg,,
trogna1,XC538742.ogg,,
trogna1,XC540097.ogg,,
trogna1,XC540369.ogg,5579.353084120639,37682.50640048536,-1.6360482628926203,2.206017770901738,5760.1318359375,5575.921080241082,5572.349361587427,
trogna1,XC562035.ogg,,
trogna1,XC567327.ogg,,
trogna1,XC568692.ogg,,
trogna1,XC573317.ogg,,
trogna1,XC575072.ogg,61.60888671875,35877.9076442999,3.8408414025154354,12.8654145721354,0.0,0.0,0.0,
trogna1,XC582970.ogg,2276.597900390625,6742005.902056632,0.23280360816563928,-1.9071090870390945,0.0,0.0,0.0,
trogna1,XC603452.ogg,3908.2763671875,507.14872777462006,0.31210981471775073,-0.9257142857142857,3897.509765625,3908.2135246010425,3908.15075513932,
trogna1,XC610371.ogg,77.85081129807692,563.2508947299076,0.3277572395830014,-1.1073405225527526,64.599609375,74.53122474017584,71.31164260228464,
trogna1,XC65951.ogg,4657.452392578125,37125.04323233257,1.7098120929381233,1.0550187187115423,4575.8056640625,4653.954357932856,4650.607665133006,
trogna1,XC7300.ogg,1648.0875651041667,1323981.7785541962,3.364125447611604,9.536852037129286,1335.05859375,1478.5292216772732,1408.4840190332654,
trogna1,XC8217.ogg,5353.692626953125,654.1183590888977,0.5725130837623564,-1.3443358436148054,5340.234375,5353.63926341656,5353.585990885583,
trogna1,XC82363.ogg,3956.9254557291665,2170.1094278922446,-0.5646444310653971,-0.4600661827154293,3983.642578125,3956.660210574039,3956.393779737066,
trogna1,XC82364.ogg,4439.06982421875,1899158.3693394293,-0.25995547916413003,-1.6277299615883627,2691.650390625,4209.144959810992,3972.4580983809446,
trogna1,XC82365.ogg,3954.931640625,145006.33249744293,0.3386331624083026,0.853553274275832,4177.44140625,3936.8561728503873,3918.8474882276964,
trogna1,XC82366.ogg,5262.527598505435,113769.46732696336,1.0707980609793075,0.7224202411575349,5103.369140625,5252.590389305853,5243.034839699372,
trogna1,XC82367.ogg,5321.891276041667,1316052.6411349957,-0.166156803812506,-0.34202197258797096,4931.103515625,5192.430811994758,5049.3927296301745,
trogna1,XC82368.ogg,4911.527876420455,111.70444705269551,0.29688360321096535,-0.8524385902456868,4909.5703125,4911.517542710273,4911.507213170082,
