primary_label,filename,mean,variance,skewness,kurtosis,mode,gmean,hmean
trokin,XC118990.ogg,,
trokin,XC120826.ogg,5196.6796875,2071.098804473877,-0.44224905966329325,-1.4879705947872577,5135.6689453125,5196.513231237429,5196.346383450408,
trokin,XC124243.ogg,,
trokin,XC124247.ogg,4786.168494591346,43346.540492314554,-0.9583805311803818,-0.4791037936139846,4941.8701171875,4781.869078034068,4777.450000109005,
trokin,XC124253.ogg,5117.61905445772,22697.22370381024,2.5181820725802386,9.570541584215547,5135.6689453125,5115.561548632683,5113.591323736293,
trokin,XC124255.ogg,,
trokin,XC124256.ogg,4419.200550426136,1932.6976971192794,-0.29793179995544866,-1.1807295612143907,4349.70703125,4419.001372689472,4418.801814693517,
trokin,XC124257.ogg,5600.7861328125,1058765.8548930595,0.6740380737625606,-1.4931528330708561,4995.703125,5515.531032493825,5437.588158078626,
trokin,XC124258.ogg,4918.18359375,2802.6809692382812,-1.8534615012851012,2.8730333585640144,4920.3369140625,4917.923847153062,4917.660744411695,
trokin,XC124259.ogg,1051.6215479651162,5258900.307139684,2.3932653996074578,3.7342287731329806,204.5654296875,337.06506006320166,248.5666181008475,
trokin,XC124260.ogg,5372.186869959677,247538.68638315506,0.2938485760883559,-0.8519760635387823,4909.5703125,5350.140430546999,5328.375563539204,
trokin,XC124261.ogg,6524.560546875,95131.44135475159,-1.0124603789976547,0.9408357975426314,5760.1318359375,6517.598814734703,6510.392215858784,
trokin,XC124262.ogg,4833.12744140625,152639.20909166336,2.4648555628994138,4.47442283876563,4629.638671875,4820.457943370547,4809.174715278911,
trokin,XC124310.ogg,5370.2911376953125,5483.296244688656,0.014360372167317581,-1.445843102631279,5275.634765625,5369.8019044101175,5369.312729730638,
trokin,XC127055.ogg,90.7470703125,689.9982690811157,-0.6876056544270125,-1.1752640000000003,53.8330078125,86.87798574824191,82.53600534084623,
trokin,XC131753.ogg,0.0,0.0,0.0,-3.0,0.0,0.0,0.0,
trokin,XC131763.ogg,5739.794921875,13169.766962528229,-1.2680538533219872,-0.2789346668181083,5792.431640625,5738.758495718996,5737.705365994608,
trokin,XC135489.ogg,5558.79638671875,3674.0446780857287,-0.7216138174337161,-0.22460829719788666,5566.3330078125,5558.480792940093,5558.16354767646,
trokin,XC135490.ogg,5726.75537109375,1505.6682229042053,1.2862012918971146,0.005805814742261717,5706.298828125,5726.63770395486,5726.520681649949,
trokin,XC137689.ogg,4954.655456542969,157746.92127853632,0.17558127781240224,-1.0512653640852434,4489.6728515625,4939.804801901688,4925.056581659907,
trokin,XC137690.ogg,2738.3056640625,734.1581583023071,0.23906314692954478,-1.5,2713.18359375,2738.2164073189088,2738.1272656451306,
trokin,XC138694.ogg,4683.870442708333,64535.90374726515,0.9999306124827658,-0.6591510104329856,4468.1396484375,4677.455616676676,4671.261531720757,
trokin,XC140767.ogg,,
trokin,XC142899.ogg,4762.8753662109375,441685.1419955492,1.2967451650292636,1.6060144615482823,4683.4716796875,4725.6761331227335,4691.327646430039,
trokin,XC144747.ogg,6816.175095578457,610901.0496308252,-1.2275627147698933,0.42438955435275316,6707.5927734375,6767.218648790387,6712.720433177547,
trokin,XC146543.ogg,5477.8076171875,77138.1264925003,0.2060892958129812,-1.3449742652395984,5146.435546875,5471.581979015545,5465.395417342988,
trokin,XC147395.ogg,5566.3330078125,978671.464920044,0.9485323743280261,-1.0999664144266765,4984.9365234375,5497.612710781556,5435.974574501746,
trokin,XC148137.ogg,5715.107865767045,5304.907419464806,-0.5807723580795657,-0.9908571653163873,5727.83203125,5714.683912776397,5714.2579428994495,
trokin,XC149232.ogg,,
trokin,XC150837.ogg,1951.8310546875,1161719.3011137156,3.3247372087958604,9.062897695140284,1658.056640625,1816.5083852154924,1752.0297068397117,
trokin,XC155967.ogg,,
trokin,XC157879.ogg,6379.21142578125,176391.15750789642,-1.1531831090560505,-0.6678345283953697,5749.365234375,6368.354524938903,6357.013535178341,
trokin,XC158292.ogg,4457.373046875,115.91970920562744,0.0,-1.5,4446.6064453125,4457.36437809682,4457.355709318637,
trokin,XC163744.ogg,5239.0283203125,1541.732132434845,0.32362692956274136,-1.7127310758098253,5200.2685546875,5238.910777176812,5238.7934054031475,
trokin,XC163753.ogg,130.096435546875,2468.7538069227467,0.7426944284748126,0.7323591489005028,129.19921875,121.17923034376965,112.3443417337194,
trokin,XC166810.ogg,5513.57666015625,330161.9212994209,-3.1958237401362,9.765716708448831,5813.96484375,5475.163261945093,5424.132590251522,
trokin,XC167035.ogg,5414.803059895833,77612.04325235807,-1.6540829098651824,1.848666361599057,5480.2001953125,5407.47514382812,5399.695091355947,
trokin,XC170065.ogg,5731.973031850962,115410.37583717932,-1.1622013743741182,-0.2618199608481291,5953.9306640625,5721.8170020021425,5711.179721639739,
trokin,XC17219.ogg,6108.7005615234375,60569.980055093765,-0.05031565935009436,-1.6021197067550517,6266.162109375,6104.04350002091,6099.381189662391,
trokin,XC174821.ogg,5708.712031923491,115460.27304418721,-0.7846116334698537,0.06769548521136093,5620.166015625,5698.419343103443,5687.760191066112,
trokin,XC176857.ogg,6215.4052734375,1418.636441230774,0.14674098565739394,-0.7278762736756046,6169.2626953125,6215.307505032398,6215.209787956087,
trokin,XC1773.ogg,,
trokin,XC179540.ogg,5501.166735197368,62464.72865046342,-0.5979906595666691,-0.7625126704168119,5749.365234375,5495.529748014081,5489.784913609859,
trokin,XC180278.ogg,6075.054931640625,1908.8112115859985,-2.27671446768418,5.2612893179694815,6083.1298828125,6074.906063290332,6074.75558873984,
trokin,XC180576.ogg,5805.966796875,57825.816350824694,1.1287477104631458,1.1875451201358258,5695.5322265625,5801.264053089129,5796.690694771813,
trokin,XC182799.ogg,15.0732421875,34.77591276168823,0.40824829046386296,-1.8333333333333333,10.7666015625,14.206615933858552,13.458251953125,
trokin,XC187109.ogg,,
trokin,XC196405.ogg,6019.60693359375,23402.590396075415,-1.4384458650749803,0.46020284140172585,6104.6630859375,6017.68103001852,6015.707680899008,
trokin,XC196769.ogg,5030.99365234375,2859259.257895105,-2.136531892224522,3.2800513145012786,5232.568359375,4304.120952944167,2744.9396874963177,
trokin,XC197199.ogg,6019.60693359375,23402.590396075415,-1.4384458650749803,0.46020284140172585,6104.6630859375,6017.68103001852,6015.707680899008,
trokin,XC197482.ogg,2684.683766084559,3917418.780471472,-0.06862190048534349,-1.4888958617467751,333.7646484375,1623.2802260681226,815.3054345366497,
trokin,XC198519.ogg,,
trokin,XC198520.ogg,,
trokin,XC200922.ogg,,
trokin,XC201884.ogg,5877.0263671875,3649.0355519687428,-0.1341888848636821,-1.377760980283222,5835.498046875,5876.724497287098,5876.4223502279765,
trokin,XC206928.ogg,2648.8373161764707,8862630.262402926,0.25812109581474674,-1.8555592176420117,0.0,0.0,0.0,
trokin,XC209021.ogg,,
trokin,XC209818.ogg,6083.1298828125,115.91970920562744,0.0,-1.5,6072.36328125,6083.123530828539,6083.117178844588,
trokin,XC212087.ogg,5744.956862081693,43901.10183888534,-0.31868254011962405,-1.0682679924442282,5803.1982421875,5741.133186295204,5737.277988889938,
trokin,XC212088.ogg,6303.84521484375,16593.07837486267,-0.5136483467597838,-1.31786725949299,6115.4296875,6302.685830001268,6301.5188280372695,
trokin,XC212465.ogg,17.2265625,82.43179321289062,-0.328125,-0.3359375,21.533203125,0.0,0.0,
trokin,XC212759.ogg,5159.5947265625,31784.54026579857,-1.4111830878634712,0.7474631899513033,5254.1015625,5156.76789741374,5153.8500604338915,
trokin,XC235124.ogg,5281.01806640625,55475.860834121704,0.9046519714866419,-0.899919982178659,5092.6025390625,5276.531753762119,5272.156475350469,
trokin,XC235528.ogg,5265.94482421875,10367.085993289948,0.3721678159139785,-1.7853979263333366,5189.501953125,5265.062833950467,5264.184959197526,
trokin,XC236254.ogg,5712.2802734375,1318271.133005619,0.854685562530992,-0.6494491795900021,5555.56640625,5617.919441836101,5532.101879699387,
trokin,XC237816.ogg,5140.638146033654,55402.19024969981,-0.14522572716957283,-1.614288405591221,4866.50390625,5135.638540311658,5130.618959405629,
trokin,XC243472.ogg,5626.499310661765,2146877.336729976,-3.619513500083991,11.45001966896969,5738.5986328125,0.0,0.0,
trokin,XC243695.ogg,6332.1075439453125,875.6078034639359,0.39104231763265357,-1.5650788860385965,6309.228515625,6332.047114573558,6331.986754218138,
trokin,XC245144.ogg,5978.155517578125,15852.020233869553,-1.1138557671456961,-0.68502883732919,6040.0634765625,5976.921516860144,5975.66890771106,
trokin,XC247446.ogg,10.7666015625,77.27980613708496,0.0,-1.3749999999999998,10.7666015625,0.0,0.0,
trokin,XC250399.ogg,6415.169114332933,8791.196378303817,0.1133580826221278,-0.09829086065377401,6373.828125,6414.488894987939,6413.809223931512,
trokin,XC250427.ogg,2511.6943359375,1177655.9257507324,-1.9942575790419954,2.0604729922346534,2993.115234375,1692.689325076721,399.12404511982345,
trokin,XC251728.ogg,6184.739685058594,47140.19874483347,2.0069060218220276,3.746433072215683,6050.830078125,6181.317455071732,6178.03840027922,
trokin,XC254186.ogg,,
trokin,XC254545.ogg,4627.982271634615,23153.267702689533,-0.7784002320261278,-0.0694875732874003,4651.171875,4625.533645174757,4623.041016687261,
trokin,XC256063.ogg,5785.25390625,7800.714548896341,-0.41168837415733694,-1.6464497041420116,5684.765625,5784.614518538869,5783.972558813191,
trokin,XC259035.ogg,6090.5836838942305,51398.501831751586,-0.6805220900275329,-0.9262326811961064,6287.6953125,6086.621456185617,6082.592921845551,
trokin,XC259036.ogg,5208.098810369318,7235.497485507619,1.5563854860494455,0.5890210834696923,5157.2021484375,5207.47729297712,5206.865667652628,
trokin,XC259037.ogg,5998.118591308594,96722.61406528823,-1.0538070150248695,-0.43850686630637004,6093.896484375,5989.916217414489,5981.40523750172,
trokin,XC259038.ogg,6025.7080078125,40548.37828097136,-1.605238205493569,2.0724742424680205,6029.296875,6022.362247687609,6018.890023715661,
trokin,XC259039.ogg,5814.881150265957,57802.75712456557,1.1005860633668378,2.6866283171473846,5706.298828125,5810.143444726937,5805.522450671547,
trokin,XC260975.ogg,6849.7119140625,281539.16573524475,-1.4986767508491794,0.24897094459149693,7105.95703125,6828.930279256482,6806.502863795413,
trokin,XC262261.ogg,5612.9150390625,11033.565178513527,-0.17674180145156757,0.4410685102435177,5609.3994140625,5611.949633428479,5610.9814754018,
trokin,XC2633.ogg,5948.230698529412,108502.50086044881,-0.5476932068268119,-1.1713074236679346,5394.0673828125,5939.183576321377,5929.950596904475,
trokin,XC264747.ogg,5963.9794921875,55086.14981174469,-2.8566969212994135,7.832414865008111,5996.9970703125,5959.321067175041,5954.282542063533,
trokin,XC275481.ogg,5668.974609375,67347.14305400848,-1.5957961094313833,1.918572740824966,5867.7978515625,5663.143322213649,5657.008437948179,
trokin,XC275482.ogg,5070.172119140625,12423.607016151602,-0.32145638537831894,0.426424650651243,5028.0029296875,5069.0432397523255,5067.908294751069,
trokin,XC275483.ogg,5595.941162109375,4496.02872133255,-1.9247332874491134,2.203575389436627,5620.166015625,5595.584493502397,5595.222601264731,
trokin,XC278259.ogg,6285.5419921875,81.14379644393921,0.3436215967445456,-1.153061224489796,6276.9287109375,6285.536829860426,6285.531669046756,
trokin,XC282322.ogg,4967.836626838235,34994.11456725176,0.8858554635238479,-0.49485267261710586,4694.23828125,4964.5889758694575,4961.408546697113,
trokin,XC282345.ogg,5499.200080422794,124157.67971645384,-0.7121079227421774,-1.1718398269208532,5017.236328125,5488.232950726385,5476.938511543773,
trokin,XC282372.ogg,5255.051556755515,202658.33632034413,-0.5838908118585233,-1.2982855956360433,5480.2001953125,5235.635095235554,5215.575347451139,
trokin,XC282571.ogg,4805.9417724609375,1090.887263417244,-1.0132198610304737,0.4705378264423232,4801.904296875,4805.842028179175,4805.74184447075,
trokin,XC282578.ogg,5267.021484375,81.14379644393921,-0.3436215967445456,-1.153061224489796,5264.8681640625,5267.01531980099,5267.0091530624895,
trokin,XC282582.ogg,5508.560999428354,6524.865973286513,1.0920263752372745,0.38277440056954815,5447.900390625,5507.989118929512,5507.4231112495345,
trokin,XC282590.ogg,,
trokin,XC282595.ogg,5829.0380859375,8608.970403671265,-0.8466785469706029,-1.2183031479016317,5878.564453125,5828.367712363653,5827.691631049135,
trokin,XC28296.ogg,4948.250325520833,85030.46845490078,0.5312150817236584,-0.09907885266150718,4834.2041015625,4939.958351491252,4931.801806277706,
trokin,XC283945.ogg,4926.796875,7585588.70691061,-1.4999139416711575,0.2498855908194062,6147.7294921875,0.0,0.0,
trokin,XC285267.ogg,4334.326171875,1084.677278995514,-0.7101497597638864,-0.4456768253598269,4349.70703125,4334.206578722786,4334.086560209474,
trokin,XC285271.ogg,4537.194403286638,6918.065404069835,0.8480755916847525,-0.8325389934029075,4457.373046875,4536.465620783188,4535.744179230432,
trokin,XC28583.ogg,4550.553089488636,58394.41690661691,-0.6599704367850758,-0.7183917551156789,4769.6044921875,4544.090997731186,4537.467421931655,
trokin,XC287870.ogg,5673.9990234375,9992.278933525085,1.225050939089556,-0.07630503711758685,5598.6328125,5673.2092538518955,5672.430153261653,
trokin,XC287873.ogg,1445.825390625,4788186.643118779,0.862137325229675,-1.242530028172294,10.7666015625,0.0,0.0,
trokin,XC290324.ogg,5852.320861816406,1297.8177443146706,1.8834743216142305,4.002303333989387,5835.498046875,5852.217677380992,5852.115251011418,
trokin,XC291868.ogg,,
trokin,XC292420.ogg,5841.080729166667,2401.9488463034995,-0.4861000947210632,-0.9056852199129999,5835.498046875,5840.882196951711,5840.683128342484,
trokin,XC296755.ogg,5895.791015625,10462.058807674208,1.1210891814972133,0.11374845069222417,5835.498046875,5894.9584766212465,5894.13621847489,
trokin,XC308582.ogg,,
trokin,XC308701.ogg,,
trokin,XC313639.ogg,,
trokin,XC317607.ogg,4577.958984375,3304.9108817659576,0.6459343330962267,-0.8068444412612878,4575.8056640625,4577.611867972121,4577.2665703856665,
trokin,XC317608.ogg,4973.35734817217,315141.96687374474,-6.338388803610303,55.50294097498378,4909.5703125,4761.723507695208,1572.331043857723,
trokin,XC318776.ogg,3578.818359375,981468.9939022064,1.4999170902303574,0.24988900661138835,3133.0810546875,3489.492610064292,3418.835219734911,
trokin,XC319082.ogg,,
trokin,XC320170.ogg,5711.68212890625,57.95985460281372,0.0,-2.0,5706.298828125,5711.679592006173,5711.67705510721,
trokin,XC320248.ogg,5376.123046875,6114.7646605968475,2.184567336240706,3.1727387075761984,5340.234375,5375.627372716437,5375.14136637068,
trokin,XC321829.ogg,5400.2197265625,16570.998430252075,-1.5676358553394125,1.2480548166645287,5426.3671875,5398.873042180276,5397.4941789389695,
trokin,XC32358.ogg,6111.123046875,25305.27251958847,1.491417791253214,0.23857016562203803,6040.0634765625,6109.503859770726,6107.921508105767,
trokin,XC325859.ogg,,
trokin,XC325965.ogg,,
trokin,XC334501.ogg,,
trokin,XC334502.ogg,3834.8677201704545,15413.10606219552,1.5245523753166916,2.1948711582087865,3725.244140625,3833.094276436089,3831.3722430231055,
trokin,XC339743.ogg,93.96306818181819,3039.204012263905,0.9154235650467116,-0.3141119111420605,43.06640625,80.97244960398673,70.47230113636364,
trokin,XC341387.ogg,6174.845377604167,18693.12644004822,-1.0078539981090155,-0.4849318609568498,6276.9287109375,6173.3657946042695,6171.864210187914,
trokin,XC342576.ogg,6177.63671875,14106.784611940384,0.04613423246010679,-1.2217765223769028,6233.8623046875,6176.622172896578,6175.608103300768,
trokin,XC345790.ogg,5279.713023792614,41719.557384927786,0.4518408015948818,-0.9273546178205203,5264.8681640625,5275.862524915981,5272.053767583109,
trokin,XC347716.ogg,3717.8775185032896,2650646.5085242926,0.8763613118628987,-1.1228047231275193,2659.3505859375,3435.56086374241,3221.538186532726,
trokin,XC347749.ogg,5572.172520524365,4965.848583077073,0.5477441807422058,-1.339836012335958,5512.5,5571.736445697766,5571.3023662005235,
trokin,XC347896.ogg,6502.130126953125,58791.49069840258,-1.6563149422617085,0.9762742631906378,6556.8603515625,6497.812793259572,6493.31804885995,
trokin,XC347897.ogg,5664.636761209239,60924.28352992994,-1.3876361521180756,0.17214668350966056,5738.5986328125,5659.276841511812,5653.697315884468,
trokin,XC349803.ogg,2611.4990234375,3709260.035008192,0.6302778611939214,-1.5093695666731517,5146.435546875,2058.184701425148,1689.6773330489352,
trokin,XC35156.ogg,5873.18115234375,9518.791505923638,1.8923905606176366,1.8541037355549577,5813.96484375,5872.443462915656,5871.720345524515,
trokin,XC354170.ogg,,
trokin,XC357282.ogg,6160.7391357421875,7650.497439660524,-0.7307228982807079,0.36229871181157236,6180.029296875,6160.120289195594,6159.49697779732,
trokin,XC359298.ogg,28.2623291015625,90.80377221107483,0.20483169018853276,-0.813942960615663,21.533203125,26.654215524363664,24.905873493975903,
trokin,XC361435.ogg,35.61260516826923,53.50140424875113,0.3371725572067403,0.12906666666666577,32.2998046875,34.884278670145164,34.13800495426829,
trokin,XC361487.ogg,,
trokin,XC362789.ogg,6364.303823617788,104488.42083582509,0.3994420276070305,-1.5608108168468748,6029.296875,6356.506364937565,6348.814744714829,
trokin,XC365809.ogg,6587.724609375,6406.495928764343,-0.8365055082380004,-0.533598171262085,6632.2265625,6587.26774770828,6586.807853884489,
trokin,XC372778.ogg,21.533203125,57.95985460281372,0.0,-0.5,21.533203125,20.32922814848886,18.99988511029412,
trokin,XC375952.ogg,0.0,0.0,0.0,-3.0,0.0,0.0,0.0,
trokin,XC375953.ogg,12.1124267578125,47.609880566596985,-0.05439506453662819,-0.3137996219281658,10.7666015625,0.0,0.0,
trokin,XC382870.ogg,4571.0205078125,48007.427804610306,0.3445766766059111,-1.723298269100158,4338.9404296875,4566.109940005967,4561.254722603432,
trokin,XC383699.ogg,4691.597416715802,74237.23623697228,0.400986126043561,-0.8440601704108373,5006.4697265625,4683.933877785223,4676.3740777238945,
trokin,XC384644.ogg,4484.778941761364,1161825.2589939511,-3.2081243996242854,8.81127198486181,4888.037109375,4144.650994354885,3269.5249472138794,
trokin,XC385283.ogg,,
trokin,XC386672.ogg,,
trokin,XC387102.ogg,,
trokin,XC389348.ogg,,
trokin,XC391751.ogg,4564.453921110734,4617.334570872743,-0.3658580742948607,-0.3608057905055171,4575.8056640625,4563.951700310792,4563.447543607296,
trokin,XC394913.ogg,3644.9840198863635,3012017.04181778,-1.5380135816275073,0.5464162230420317,53.8330078125,2019.937540600741,304.76607195312596,
trokin,XC394920.ogg,3954.931640625,2158826.840400696,-1.782307040130808,1.1879224409436864,4575.8056640625,3512.063834804517,2801.569978187232,
trokin,XC395986.ogg,53.8330078125,60.106515884399414,-2.5949416294500103,9.551020408163264,53.8330078125,53.01591569116234,51.730155944824226,
trokin,XC399281.ogg,,
trokin,XC400227.ogg,2820.49072265625,3750693.9805848845,0.880450110266099,-1.2127811725794124,1571.923828125,2319.793704892685,2012.7436889322025,
trokin,XC401177.ogg,4975.1953125,35296.447455883026,1.7709043400006514,1.5714272620206362,4866.50390625,4971.955218426442,4968.849122516631,
trokin,XC403822.ogg,3537.8470755912163,3056998.8901792346,-1.389214844285912,-0.026934601632528477,0.0,0.0,0.0,
trokin,XC411464.ogg,,
trokin,XC417445.ogg,,
trokin,XC419478.ogg,,
trokin,XC419479.ogg,,
trokin,XC421628.ogg,5798.583984375,6988.30246925354,0.42713286172989806,-1.6018938628212902,5727.83203125,5798.069403474237,5797.556795256261,
trokin,XC424152.ogg,5990.8447265625,11470.531225204468,0.2734346864613627,-1.8777367462050298,5889.3310546875,5990.02655715243,5989.210947649463,
trokin,XC428131.ogg,5156.484375,204374.1753101349,1.4946491697665403,0.24417820037069182,4941.8701171875,5139.387525054403,5123.646839066218,
trokin,XC429837.ogg,,
trokin,XC430425.ogg,6195.3292043585525,949811.5246860604,0.2449582385831047,-1.826813532581697,5555.56640625,6123.966856265685,6054.913505183104,
trokin,XC430791.ogg,5297.16796875,115.91970920562744,0.0,-1.5,5286.4013671875,5297.160674294443,5297.153379838905,
trokin,XC430792.ogg,4090.53955078125,4824711.413727357,-1.3513928508873922,-0.11071858796575329,5394.0673828125,1989.3534005676092,258.811225899279,
trokin,XC430793.ogg,5037.6708984375,251242.66259372234,-0.007950415710728628,-1.2467396712082834,4328.173828125,5013.083810988152,4988.433289197111,
trokin,XC440623.ogg,5085.200500488281,34910.669423639774,0.8969130227982557,-0.012635240171898321,4974.169921875,5082.046126546168,5078.954686509291,
trokin,XC443353.ogg,6031.315612792969,31889.029003679752,-0.18727370132367624,-1.5637563265760832,5824.7314453125,6028.827386329479,6026.330424851244,
trokin,XC443541.ogg,6231.053626019022,100357.14460927038,-1.4281616790107672,0.4502737720120691,6416.89453125,6222.955579929572,6214.45187445469,
trokin,XC44407.ogg,27.9931640625,92.73576736450195,0.84375,-0.921875,21.533203125,26.824577361838035,25.83984375,
trokin,XC445037.ogg,,
trokin,XC446362.ogg,5009.595514112903,78231.8434907544,0.0581239266211318,0.8693493534733316,4554.2724609375,5002.018775403498,4994.409763194527,
trokin,XC446368.ogg,5061.312103271484,23276.37378667151,0.13612859150061585,-0.10260080591288334,4823.4375,5059.088205031331,5056.867662789156,
trokin,XC446370.ogg,5035.849774894068,167871.0475896688,1.2519224970731884,-0.009768773105882644,4705.0048828125,5020.447765333494,5006.00603920268,
trokin,XC446371.ogg,5130.029296875,4562.820553779602,-0.2752875282229482,-1.1335053137895204,5028.0029296875,5129.604710015636,5129.179098022424,
trokin,XC446372.ogg,5583.251953125,191609.7593307495,0.2849621099266312,-1.912032569777342,5200.2685546875,5568.72471357304,5554.431006943033,
trokin,XC446373.ogg,5165.1354337993425,39359.1475800464,0.4064490907575414,-1.0735116505718527,4941.8701171875,5161.558948424792,5158.017001957544,
trokin,XC446375.ogg,5181.427001953125,424.16075413877314,0.6867629100122328,-0.6057636665252111,5167.96875,5181.389546838675,5181.352156614706,
trokin,XC446376.ogg,4301.25732421875,15428.913295269012,1.7720465708378668,1.1696159488722095,4242.041015625,4299.8074337587595,4298.401451869196,
trokin,XC446377.ogg,4838.170744243421,191231.5918583619,-0.7173196925363032,-1.3834011874517786,4166.6748046875,4818.57200154188,4798.170426460551,
trokin,XC446378.ogg,3606.8115234375,115.91970920562744,0.0,-1.5,3596.044921875,3606.800810369299,3606.7900973010983,
trokin,XC446379.ogg,5330.20185990767,290863.5654393387,-5.75864557397474,33.34424774522205,5372.5341796875,5283.316019731442,5196.859685998332,
trokin,XC446380.ogg,4914.95361328125,15707.120597362518,-0.700071200962054,-1.4933750902084668,4995.703125,4913.6071999237065,4912.246319463515,
trokin,XC446381.ogg,4830.778364701705,35453.61651615663,0.15520540965081359,0.5503983014305835,4769.6044921875,4827.281808643295,4823.789028123113,
trokin,XC446382.ogg,4944.884765625,2671.1764991283417,0.5066602763015379,-0.9072764707294181,4898.8037109375,4944.626349954683,4944.368815364797,
trokin,XC446383.ogg,5478.463646673387,74513.93694646897,-2.018014093954234,3.0770601844286958,5555.56640625,5471.399097144889,5463.816382075025,
trokin,XC446384.ogg,5309.47265625,63585.27249097824,-2.0308458952613035,3.2049886841145296,5351.0009765625,5303.373150197988,5296.849156324849,
trokin,XC450540.ogg,,
trokin,XC451992.ogg,6404.6923828125,11010.164380073547,0.662459150748441,-0.5163461198841608,6416.89453125,6403.895557561684,6403.104145536402,
trokin,XC452711.ogg,,
trokin,XC452712.ogg,,
trokin,XC452790.ogg,,
trokin,XC454487.ogg,,
trokin,XC454496.ogg,,
trokin,XC457445.ogg,6098.681640625,77928.3503925099,0.6573522296641826,-1.3143481724823087,5846.2646484375,6092.75846587553,6086.950791692034,
trokin,XC460842.ogg,,
trokin,XC46721.ogg,6166.096047794118,161878.4645024468,0.927435625216115,0.32379315727714353,6093.896484375,6154.159327768179,6142.621824402288,
trokin,XC476009.ogg,,
trokin,XC476010.ogg,47.60856628417969,65.52108563482761,0.4941869126064868,-0.13340839659897163,43.06640625,46.947089957094306,46.29759238521837,
trokin,XC476011.ogg,48.649088541666664,38.9701586503249,0.5306853066252238,-0.7120798621085891,43.06640625,48.27604108295459,47.91729266826923,
trokin,XC476013.ogg,89.05256885593221,115.24221236631925,-2.773317724568528,9.41690021535211,86.1328125,88.18371802362839,86.9515654705323,
trokin,XC476014.ogg,55.1788330078125,247.96205402260097,0.6252025791244017,-1.4711294010059441,43.06640625,53.15224605152929,51.38605291193182,
trokin,XC476015.ogg,41.16641773897059,46.8792941640405,0.13001762580621778,-0.5066115702479328,43.06640625,40.624976577362915,40.08004961222628,
trokin,XC476017.ogg,523.974609375,946744.6982185795,3.8174637757495793,12.748372161384339,193.798828125,321.9114154773802,274.5646915536845,
trokin,XC476472.ogg,5335.2099609375,14073.756694793701,-0.0836675339937083,-1.0366187614631885,5307.9345703125,5333.977050170865,5332.742405496385,
trokin,XC484519.ogg,,
trokin,XC484777.ogg,,
trokin,XC486461.ogg,5149.034381734914,22392.06927225075,0.11593435869411574,-0.7322464797899526,5081.8359375,5146.900671987842,5144.770363793633,
trokin,XC490064.ogg,5712.2802734375,51062.25308249978,-0.19303350254251225,-1.0415767122846102,5738.5986328125,5708.033555410122,5703.762995870456,
trokin,XC490225.ogg,5259.346829927885,90788.7542730401,-1.4424107489959739,1.9248523254645589,5361.767578125,5250.41234285264,5240.910416244787,
trokin,XC493248.ogg,5774.4873046875,92938.6268556118,-0.36959909000649416,-1.0699141523614009,5706.298828125,5767.233288803199,5759.883542609887,
trokin,XC494399.ogg,5132.5927734375,143.51963996887207,-0.19201160638565623,-1.143491124260355,5124.90234375,5132.580786196497,5132.568795620509,
trokin,XC494411.ogg,5287.59765625,17371.856421232224,0.13119435272190252,-1.8819093813050733,5157.2021484375,5286.1402331067275,5284.6861171642795,
trokin,XC494432.ogg,6323.0712890625,553737.410902977,0.2792294365066493,-1.9017873670524201,7138.2568359375,6286.1732727047065,6250.205719743883,
trokin,XC499045.ogg,5448.533720128677,14902.501439346985,0.7323426754991168,-0.40663653341963446,5372.5341796875,5447.259636785666,5445.998581335627,
trokin,XC503447.ogg,6149.4521484375,38443.612360954285,-1.6678203377244092,1.8126084237876556,5673.9990234375,6146.340465521838,6143.114046444309,
trokin,XC503803.ogg,5023.2177734375,6407.783925533295,0.44080300081200596,-1.4262132269387138,4931.103515625,5022.653260325935,5022.091240697998,
trokin,XC503804.ogg,5220.00732421875,150126.25163092333,-0.2675231542102987,-1.4058954249307245,5167.96875,5206.211329751856,5192.233021915563,
trokin,XC511056.ogg,5429.8125,7792.8956508636475,-1.5340462332467106,3.193400620724038,5469.43359375,5429.111861157447,5428.3991293319095,
trokin,XC513642.ogg,,
trokin,XC522891.ogg,,
trokin,XC5238.ogg,28.38467684659091,29.50683507052335,-0.5669467095138413,-1.6785714285714288,32.2998046875,27.871908725473862,27.330603966346153,
trokin,XC524130.ogg,3272.021484375,7399374.18204546,-0.28822678955211234,-1.91631484607587,204.5654296875,1358.30099121986,459.91035142411107,
trokin,XC524923.ogg,5420.98388671875,76932.04700946808,-0.883958831696469,-0.743851358495712,5641.69921875,5413.922707243742,5406.644585063028,
trokin,XC525024.ogg,,
trokin,XC530782.ogg,6195.41015625,8379.33897972107,-0.7320514484365223,-1.266742437261427,6255.3955078125,6194.826572666478,6194.239093890169,
trokin,XC532549.ogg,424.8193359375,468372.51351861394,3.721085907630164,12.09395673373464,215.33203125,288.2139776817592,255.0894010799775,
trokin,XC532994.ogg,58.447265625,226.31943225860596,-0.04040177783226093,-1.7296252230814995,43.06640625,56.74006952494763,55.050101902173914,
trokin,XC532995.ogg,1300.1841669497283,3998190.218202445,1.4814785076683927,0.48102391986711757,236.865234375,478.4233929129244,250.6670993027233,
trokin,XC532996.ogg,390.289306640625,12985.527424708656,-0.6994693410363543,-1.4928580356669081,462.9638671875,371.3058569187371,350.3645849922533,
trokin,XC532997.ogg,6097.4853515625,41854.743003845215,0.02536898292315472,-1.07743373210074,6158.49609375,6094.624833922119,6091.764721040289,
trokin,XC532998.ogg,1307.0654296875,4026103.4681797028,1.4898219566323498,0.2364897400439454,226.0986328125,558.0780811614687,371.4256758459307,
trokin,XC532999.ogg,38.4521484375,33.119916915893555,-0.28867513459481287,-1.9166666666666667,43.06640625,38.07092772680014,37.68310546875,
trokin,XC533982.ogg,,
trokin,XC534022.ogg,,
trokin,XC534023.ogg,,
trokin,XC537304.ogg,,
trokin,XC537629.ogg,,
trokin,XC537721.ogg,,
trokin,XC540100.ogg,,
trokin,XC542114.ogg,5645.2880859375,2673.8812923431396,-1.3874119384095145,0.6439239533562775,5652.4658203125,5645.089184151191,5644.8887259849025,
trokin,XC543737.ogg,5549.510192871094,129798.67938905954,0.02064922209498052,-1.843008050614776,5167.96875,5538.541856530155,5527.598189554639,
trokin,XC548608.ogg,5211.601819490132,9215.277935329235,1.0984729604835686,0.251951142713283,5103.369140625,5210.77487522614,5209.958471191215,
trokin,XC551104.ogg,,
trokin,XC557430.ogg,,
trokin,XC557431.ogg,,
trokin,XC560167.ogg,,
trokin,XC562011.ogg,6270.566628196023,189685.0405227054,-0.020996759396051928,0.48526617082278944,5490.966796875,6256.017742527724,6241.3289744154445,
trokin,XC563208.ogg,65.67626953125,166.15158319473267,-0.19656578373781367,-0.7539210383991346,64.599609375,64.4707061853523,63.200176886792455,
trokin,XC564903.ogg,5583.809230638587,34237.57293568853,-1.15145604504036,1.3399395933251261,5770.8984375,5580.704806494991,5577.513614014592,
trokin,XC566836.ogg,4766.5283203125,17763.315439224243,-1.152457788520173,0.33671140156693236,4877.2705078125,4764.897824622522,4763.233483481614,
trokin,XC567607.ogg,72.674560546875,28.97992730140686,-1.1547005383792515,-0.666666666666667,75.3662109375,72.51702586548615,72.3515625,
trokin,XC569600.ogg,17.2265625,29.284979167737458,-0.40824829046386296,-1.8333333333333333,21.533203125,16.319116353297993,15.380859374999998,
trokin,XC570601.ogg,5539.314932193396,26864.939399485316,0.7728461991454021,-0.40789354985083337,5404.833984375,5536.96960313522,5534.658050272049,
trokin,XC570676.ogg,5532.95654296875,10541.372292920163,0.4356592519908545,-1.1748465654712787,5469.43359375,5532.056134615231,5531.160386252394,
trokin,XC571755.ogg,5215.341796875,1136.013150215149,-1.2332361516034986,-0.06236984589754302,5221.8017578125,5215.254250665125,5215.166286168342,
trokin,XC572040.ogg,5161.318790211397,32064.19742521755,0.7065266522303322,0.2819689830852168,5028.0029296875,5158.347767935027,5155.419366441895,
trokin,XC572041.ogg,5447.900390625,289.7992730140686,0.0,-1.3,5426.3671875,5447.879112656578,5447.857834654903,
trokin,XC573999.ogg,5151.5625,53678.00134420395,1.206680046543016,-0.027527826994279803,4920.3369140625,5146.764757144769,5142.129045803528,
trokin,XC574035.ogg,5397.08203125,72165.042167902,0.07297276293819238,-0.9152259814325281,5038.76953125,5390.667286185729,5384.259579075107,
trokin,XC574036.ogg,6102.2705078125,182683.4005468032,-0.038091431227514225,-1.9399903092689765,5620.166015625,6088.090646653244,6073.915226356249,
trokin,XC574890.ogg,45.55100661057692,1336.0489561007573,0.23294770189392774,-1.7864015263529738,10.7666015625,30.553778798809024,20.596430200729923,
trokin,XC576690.ogg,5288.946200284091,15387.111945585772,-0.8944767201342406,6.565427524736712,5318.701171875,5287.494559311267,5286.01647532063,
trokin,XC584779.ogg,4858.363305068598,92917.69254498364,0.2977323383939399,-1.6729827510197353,4554.2724609375,4849.0194343131,4839.798733662863,
trokin,XC586078.ogg,4860.706505408654,74953.98120238233,-1.339962007214718,0.2762661954115151,4974.169921875,4853.2136766836475,4845.3354084814655,
trokin,XC596140.ogg,5544.7998046875,1066.4613246917725,1.5545477550640632,0.7712665406427224,5523.2666015625,5544.720107714737,5544.640852069859,
trokin,XC604129.ogg,,
trokin,XC604693.ogg,4794.0087890625,64955.88505268097,-0.700488595401358,-1.4886412960290807,4941.8701171875,4787.52521660223,4780.89000041065,
trokin,XC609459.ogg,50.89666193181818,48.47551475871693,0.2500102734800437,-0.6247637051039705,53.8330078125,50.46693576710273,50.041950924295776,
trokin,XC610607.ogg,5.38330078125,38.63990306854248,0.0,-2.0,0.0,0.0,0.0,
trokin,XC611127.ogg,5017.97041459517,17088.170367554932,2.455240653734002,4.82231337202685,5006.4697265625,5016.372747634482,5014.838777742236,
trokin,XC613666.ogg,4278.228759765625,92140.62085747719,1.7830366794022725,1.7957505937705172,4166.6748046875,4268.53268063398,4259.563128139447,
trokin,XC614140.ogg,4824.004163240132,21335.32753116206,-0.5542387453165163,-1.5942519121117225,4629.638671875,4821.885521730073,4819.744247744086,
trokin,XC614345.ogg,4974.169921875,80175.03887414932,-0.17631323732986737,-1.313860612437719,5264.8681640625,4966.322706764474,4958.419354378238,
trokin,XC615061.ogg,4823.4375,112430.52595853806,-0.7536676105540282,-1.2021832251289646,5114.1357421875,4811.92397938161,4800.016483405362,
trokin,XC617976.ogg,,
trokin,XC65747.ogg,4355.723661534927,6935.44933980799,-0.10906412448307165,-0.3906702195237668,4306.640625,4354.949598718628,4354.174173711182,
trokin,XC67060.ogg,,
trokin,XC67068.ogg,4680.3955078125,196091.43608808517,0.41964644541536916,-1.4911965073559301,5232.568359375,4660.879336248571,4641.878619019209,
trokin,XC82376.ogg,4991.934814453125,43882.01602352293,2.2497037510776763,3.8274174169416337,4888.037109375,4987.995146039547,4984.278418993329,
trokin,XC82486.ogg,5807.5048828125,53639.646957660545,1.1943264070575963,0.5475672427288538,5695.5322265625,5803.170197328503,5798.9619148450265,
trokin,XC82487.ogg,6294.27490234375,15562.410372145036,-0.233521932520798,-0.7150583539057096,6083.1298828125,6293.103455274628,6291.928160583712,
trokin,XC82488.ogg,6117.387251420455,104949.48945262216,-1.5639831442651901,0.5899944129803645,6319.9951171875,6109.145188719012,6100.44710571996,
trokin,XC82489.ogg,5718.7880859375,43312.24014759064,0.738373416432426,-0.872181370629062,5437.1337890625,5715.2128801179115,5711.698650714903,
trokin,XC8845.ogg,,
trokin,XC9044.ogg,5139.7064208984375,6953.112557530403,-0.02820053442673845,-1.8650277353807063,5038.76953125,5139.114348658718,5138.522157240121,
