primary_label,filename,mean,variance,skewness,kurtosis,mode,gmean,hmean
tromoc,XC112879.ogg,2291.3861443014707,63237.6107748817,0.7479113841652015,0.018720859737748174,2077.9541015625,2278.928633846584,2266.990264681861,
tromoc,XC115470.ogg,86.1328125,662.3983383178711,1.0062305898749053,0.6200000000000001,86.1328125,83.0879475659193,80.30597198110254,
tromoc,XC115471.ogg,2636.920166015625,452.26250182498586,-0.10182070924168654,-1.1076105193703458,2605.517578125,2636.841512045028,2636.7628150315163,
tromoc,XC121309.ogg,2525.4702360733695,27976.969817410343,1.1350024346628944,-0.09122127528485802,2390.185546875,2520.4073167668917,2515.5762342654334,
tromoc,XC127619.ogg,1849.7021484375,6340.808093547821,1.4828885032728047,0.22721074566607236,1808.7890625,1848.380515130664,1847.1077605160144,
tromoc,XC127965.ogg,91.51611328125,405.71898221969604,0.0,-1.2685714285714287,64.599609375,89.62057379743308,87.7063805590929,
tromoc,XC131963.ogg,,
tromoc,XC133398.ogg,40.9130859375,202.55443924351744,0.09538235376150114,-1.1625780229351137,32.2998046875,38.417984651443426,35.88867187500001,
tromoc,XC133668.ogg,2858.53271484375,193.1995153427124,0.0,-1.3599999999999999,2842.3828125,2858.5073694803073,2858.4820240539393,
tromoc,XC139474.ogg,2252.373046875,81.14379644393921,-0.3436215967445456,-1.153061224489796,2250.2197265625,2252.358624576552,2252.344190405098,
tromoc,XC144461.ogg,,
tromoc,XC146150.ogg,,
tromoc,XC148224.ogg,202.412109375,69.55182552337646,1.2981260321460613,2.4183673469387754,204.5654296875,202.25670296403695,202.10593941943281,
tromoc,XC149767.ogg,,
tromoc,XC152260.ogg,,
tromoc,XC158105.ogg,3109.3455921519885,170906.517355374,0.17109549031974622,-1.0085064069602927,3165.380859375,3082.5532520820834,3055.9564382379285,
tromoc,XC169753.ogg,,
tromoc,XC179218.ogg,2637.491122159091,16109.10731621764,-0.5997135189641077,-0.8725152063244215,2433.251953125,2634.468030170219,2631.3844024719733,
tromoc,XC180066.ogg,,
tromoc,XC180851.ogg,,
tromoc,XC181048.ogg,2829.9598106971152,64559.787830939655,-0.5884032785682977,-0.044486157300830165,2982.3486328125,2818.4923818543225,2806.483858711058,
tromoc,XC196374.ogg,3557.28515625,4903.403699398041,0.40500961939381935,-1.8065070502825145,3509.912109375,3556.73635407117,3556.1902246166037,
tromoc,XC197681.ogg,2768.283260569853,161010.77138501056,0.4134585835588144,-1.0458226052604633,2314.8193359375,2741.6069564708196,2715.776757527921,
tromoc,XC199015.ogg,30.033151726973685,2776.649876644737,1.188225532405562,-0.48116278648376554,0.0,0.0,0.0,
tromoc,XC199020.ogg,2915.95458984375,181642.77492200627,-0.3422134299621146,-0.8489588115396662,2993.115234375,2885.064491342849,2852.844806307181,
tromoc,XC204856.ogg,,
tromoc,XC206332.ogg,2586.97509765625,28895.449866266812,0.11499997894494911,1.6596903698554737,2583.984375,2581.6812401184743,2576.343916699581,
tromoc,XC212277.ogg,1991.8212890625,23248.34167957306,3.6747281216098697,12.415229625309811,1948.7548828125,1987.117035805866,1983.10571779064,
tromoc,XC214346.ogg,1523.9635120738637,2675087.5598625704,0.1905350698176376,-1.9526998817598367,96.8994140625,489.77682749480726,180.86278304736223,
tromoc,XC233116.ogg,4772.4755859375,968.2055711746216,-0.01786032887063156,-1.1808636782646342,4726.5380859375,4772.380902378237,4772.28621052233,
tromoc,XC237459.ogg,225.439453125,322509.92238521576,4.64147351086311,19.546069478879048,107.666015625,125.17564996558816,113.83217966899917,
tromoc,XC244886.ogg,1932.0588485054348,61773.395624459554,0.3851353376107048,0.7298280624180125,1970.2880859375,1916.4495589543867,1900.8941792158018,
tromoc,XC245341.ogg,1677.105243389423,4491.264548668495,1.4794958863652345,0.8411982093872941,1647.2900390625,1675.864403696477,1674.6690344997478,
tromoc,XC245655.ogg,5199.800441576087,26002.669315564297,-0.15022460753495653,-1.5159271032572261,4974.169921875,5197.400437569894,5194.993184812682,
tromoc,XC251131.ogg,,
tromoc,XC254226.ogg,,
tromoc,XC254227.ogg,2751.46484375,959.5575928688049,0.34006372002753454,-1.321731003107968,2723.9501953125,2751.310209054762,2751.155944272746,
tromoc,XC262990.ogg,2518.61572265625,1559.820702442756,-0.11564874150963177,-1.3834975017511169,2476.318359375,2518.3278111254704,2518.039557227989,
tromoc,XC270524.ogg,37.68310546875,99.35975074768066,0.0,-0.6666666666666665,32.2998046875,36.45621768120378,35.15625,
tromoc,XC274891.ogg,56.524658203125,587.8785252571106,-0.33096164552448304,-1.4802618528069826,32.2998046875,51.01363560197935,45.07885514018692,
tromoc,XC276203.ogg,2519.384765625,1452.8603553771973,-0.1396579705830905,-1.3449524671797195,2476.318359375,2519.11404808102,2518.842953019381,
tromoc,XC277444.ogg,7.177734375,38.63990306854248,-0.7071067811865475,-1.5,10.7666015625,0.0,0.0,
tromoc,XC283363.ogg,310.078125,1472.1803069114685,0.4046348853607495,-1.0562651125302247,269.1650390625,308.2200927246897,306.4101152792312,
tromoc,XC287254.ogg,2913.4423828125,124038.96967988265,-1.1514572125787117,0.5534292193082697,2820.849609375,2890.8471614053906,2865.608067659461,
tromoc,XC288253.ogg,1538.2651319781553,205697.65929560325,2.043101675469875,4.234197246596657,1108.9599609375,1487.0148017925444,1446.1729388627723,
tromoc,XC288254.ogg,2403.643798828125,4659.667258199893,0.7885876041969864,-1.188535335542335,2368.65234375,2402.735920966497,2401.8412263847003,
tromoc,XC288256.ogg,2020.5322265625,960469.7976392858,-1.1633674062154509,-0.2698386695497428,2304.052734375,1511.0971023033806,800.7815860448411,
tromoc,XC304163.ogg,,
tromoc,XC306630.ogg,0.9787819602272727,10.538155382329766,2.846049894151541,6.100000000000001,0.0,0.0,0.0,
tromoc,XC310064.ogg,7.830255681818182,71.65945659984241,0.4922046508090287,-1.0804498269896194,0.0,0.0,0.0,
tromoc,XC31467.ogg,4154.929421164773,701811.641628092,0.5649027624816293,-1.6304715799983729,3391.4794921875,4082.636756395942,4016.179837719495,
tromoc,XC316739.ogg,2975.52978515625,683.3933201329462,0.7974218207841685,-0.6935642600664984,2960.8154296875,2975.4192797991823,2975.3092776519866,
tromoc,XC316747.ogg,5294.683368389423,610706.6402985499,-0.4462509978879166,-1.7657183492293256,4328.173828125,5238.7643077066405,5180.940343057119,
tromoc,XC316749.ogg,3754.3538411458335,696764.9700549932,-3.4101547673307135,13.269640230591168,3499.1455078125,3120.561315853498,271.0591764407259,
tromoc,XC320365.ogg,2440.0519120065787,2542031.774677729,2.43394219474105,4.181108561278027,1754.9560546875,2172.9812789681146,2036.1008855729867,
tromoc,XC326959.ogg,2440.0519120065787,2542031.774677729,2.43394219474105,4.181108561278027,1754.9560546875,2172.9812789681146,2036.1008855729867,
tromoc,XC326976.ogg,2075.9965376420455,3403.8241884925146,-0.18045346017643224,-1.5991206663535538,2002.587890625,2075.248615278598,2074.4983449245774,
tromoc,XC327201.ogg,705.8853149414062,1486940.2668848634,1.1546780870681421,-0.6666286775039847,21.533203125,78.11164204477156,31.232121134693468,
tromoc,XC327590.ogg,3808.685302734375,304562.47597932816,-0.6456025214789547,-0.2572436221619818,3660.64453125,3770.7735815194196,3729.7002153973203,
tromoc,XC332405.ogg,2983.06640625,94465.73102474213,-0.8207349154299993,0.8755995935009993,3337.646484375,2967.1803762780974,2950.0032614942784,
tromoc,XC334221.ogg,2207.92236328125,882.1362486252418,-0.37343150066440567,-0.9171656088310804,2196.38671875,2207.736242624553,2207.549504816412,
tromoc,XC346200.ogg,2522.734375,53085.02101356333,1.0083828782291415,0.07067303716414086,2400.9521484375,2512.9749914945733,2503.727131119205,
tromoc,XC347244.ogg,,
tromoc,XC349613.ogg,2363.26904296875,656.8783521652222,-1.0272097060362337,-0.7820069204152253,2379.4189453125,2363.1641321105662,2363.058544196326,
tromoc,XC353218.ogg,2838.9375,15923.299026489258,0.2220795384099542,-1.0290724482678537,2713.18359375,2836.203181929563,2833.4843093932736,
tromoc,XC353400.ogg,,
tromoc,XC354874.ogg,2257.673527644231,17627.226549845473,-2.5862722957291746,5.811815065838559,2325.5859375,2253.663034955897,2249.196991824234,
tromoc,XC354947.ogg,2061.80419921875,38.63990306854248,0.0,-2.0,2056.4208984375,2061.7971713989646,2061.7901436031334,
tromoc,XC356301.ogg,3080.5938720703125,11413.681367817133,-1.7701507718250755,2.4505800885073317,3122.314453125,3078.7419804374385,3076.810051808626,
tromoc,XC357034.ogg,2788.5498046875,412419.70687377744,0.79437516977713,-0.8390062759913008,2282.51953125,2722.6112209661255,2663.7064821931754,
tromoc,XC364696.ogg,,
tromoc,XC366556.ogg,46.731632313829785,32.83804528256681,0.09194391863157025,-0.8578464329790574,43.06640625,46.38036204950665,46.02599758400708,
tromoc,XC385015.ogg,,
tromoc,XC385352.ogg,1925.42724609375,12241.823835806414,2.232873544699116,4.508820380025895,1830.322265625,1922.724431860902,1920.2153764170002,
tromoc,XC385376.ogg,2086.998046875,13829.994106292725,-1.1369144801114381,0.41730110980339585,2110.25390625,2083.6687745870668,2080.1858237104684,
tromoc,XC385386.ogg,1896.2677001953125,2763.4430676698685,-0.43507528329652895,-1.6781753145646592,1830.322265625,1895.6251540110686,1894.9778915065667,
tromoc,XC385496.ogg,1366.7250689338234,518240.36877383204,0.9292955438167504,-1.104877727965536,915.1611328125,1223.7818412622598,1123.9170419695317,
tromoc,XC385503.ogg,,
tromoc,XC385657.ogg,2580.671574519231,31110.709894620453,-1.849260935444266,1.6029947108320854,2627.05078125,2574.336141106129,2567.427541363428,
tromoc,XC386114.ogg,3093.85986328125,169631.0144662857,-1.1455847462990862,0.12766097505034635,2271.7529296875,3064.0588822347545,3030.6899953870293,
tromoc,XC411894.ogg,2799.9497357536766,51924.358566894254,0.22227002887667374,-0.5970973542054607,2497.8515625,2791.2744722496836,2782.654908478921,
tromoc,XC414989.ogg,97.13347061820652,888.6617707169572,0.5297808125820681,-0.6899504454203433,75.3662109375,92.82395928579527,88.75979080224782,
tromoc,XC415590.ogg,19.2076171875,118.88127080855831,-0.30667055608077454,-1.0278573751528879,21.533203125,0.0,0.0,
tromoc,XC419328.ogg,3053.408203125,370890.0775909424,0.33398838898084543,-1.7659608209100905,2519.384765625,2998.4382145063964,2946.3933012275916,
tromoc,XC422586.ogg,,
tromoc,XC422587.ogg,,
tromoc,XC423223.ogg,2559.22119140625,5694.23371553421,2.3429304682295244,4.1733460334410815,2540.91796875,2558.261232221539,2557.3409169406855,
tromoc,XC425852.ogg,1332.9052734375,81.14379644393921,0.3436215967445456,-1.153061224489796,1324.2919921875,1332.8809556036226,1332.8566711842711,
tromoc,XC429425.ogg,6308.63037109375,7329.8380830708675,-0.5137659318324375,-0.9205982125278971,6158.49609375,6308.07915337893,6307.525400942801,
tromoc,XC429426.ogg,6431.25,1861.7407842115922,-1.6450414446679864,1.1334852260590962,6449.1943359375,6431.116375329077,6430.981801370516,
tromoc,XC438441.ogg,,
tromoc,XC450306.ogg,61.907958984375,455.3988575935364,-0.3383257491633724,-1.2185123966942148,32.2998046875,58.1671479583525,54.07441143497758,
tromoc,XC450307.ogg,6831.40869140625,38.63990306854248,0.0,-2.0,6826.025390625,6831.406570326021,6831.404449246454,
tromoc,XC450527.ogg,,
tromoc,XC457602.ogg,,
tromoc,XC460312.ogg,2124.5361328125,31836.322993040085,1.4312685285980296,1.8972530273725852,2142.5537109375,2117.680878676447,2111.263963579126,
tromoc,XC460965.ogg,,
tromoc,XC461734.ogg,1451.2073863636363,1221567.384231497,-0.43601057874664884,-1.6300612523248197,43.06640625,523.2446797411434,108.71071945661801,
tromoc,XC470860.ogg,,
tromoc,XC485259.ogg,,
tromoc,XC497046.ogg,,
tromoc,XC498068.ogg,2796.003605769231,12140.360314112442,-0.3973086192936065,-0.39582127681267654,2777.783203125,2793.976374929726,2791.92571049094,
tromoc,XC502264.ogg,2459.091796875,109124.23825263977,1.485565583380525,0.23192871584018926,2314.8193359375,2441.269919021698,2425.4988384417243,
tromoc,XC506970.ogg,2338.505859375,13411.910355091095,-1.483818829989067,0.22847176519012846,2390.185546875,2336.104665074732,2333.5946158265815,
tromoc,XC513243.ogg,3387.0930989583335,1083343.3295213259,0.8612834375309774,-0.24281815500552817,2400.9521484375,3247.7653353255805,3123.7556433325994,
tromoc,XC516436.ogg,,
tromoc,XC517788.ogg,4962.506103515625,134750.51469423555,-0.6868052505405264,-0.7443664658655065,4317.4072265625,4949.597158113082,4936.230194508433,
tromoc,XC521276.ogg,,
tromoc,XC536458.ogg,198.966796875,2145.673817396164,1.2877634976508807,3.398863590703913,193.798828125,194.26242546939238,189.84085373473215,
tromoc,XC542471.ogg,2092.0703125,74498.55275045741,0.38292942717910855,-1.7520208582560253,1862.6220703125,2075.134461585257,2058.842285161295,
tromoc,XC546508.ogg,2030.972567471591,1188.703927126798,-0.8227599683620482,-0.5440904632563677,1970.2880859375,2030.704096047525,2030.4331943185798,
tromoc,XC549157.ogg,3129.4921875,18253.490209579468,-1.5321342609551396,0.662702785638543,3208.447265625,3126.957674558127,3124.3165138373784,
tromoc,XC551953.ogg,2983.42529296875,532058.0429717114,0.14109325351966795,-1.8736539488083983,3789.84375,2899.1612966982248,2818.608030606645,
tromoc,XC562338.ogg,,
tromoc,XC569927.ogg,,
tromoc,XC57027.ogg,2182.39013671875,104756.03110539286,0.6679121095841207,-0.8903308869299922,2077.9541015625,2160.7120404257903,2140.2425325143,
tromoc,XC572279.ogg,2516.0202026367188,17213.59381824732,2.153376023477398,2.8630461784169725,2487.0849609375,2513.02573504341,2510.2321261723887,
tromoc,XC573235.ogg,3546.2493896484375,1121714.4540846348,1.808011542636425,2.276531408633409,3003.8818359375,3429.7043525199415,3336.5334704261663,
tromoc,XC573239.ogg,2241.4718627929688,1785429.6540990472,-0.9404989247382322,-0.8867990858239416,3229.98046875,1193.818800239022,296.8709285738292,
tromoc,XC576035.ogg,,
tromoc,XC577052.ogg,3276.962002840909,51660.14531525699,-0.801903787680943,-0.06801027693709072,3229.98046875,3269.5011041977145,3261.7352413988906,
tromoc,XC577053.ogg,3021.826171875,38.63990306854248,-0.7071067811865475,-1.5,3025.4150390625,3021.8219061816494,3021.8176371135555,
tromoc,XC579872.ogg,60.35508375901442,50.460567963577354,0.6250078981899743,-0.6361644677559584,53.8330078125,59.95671338010938,59.57501345958956,
tromoc,XC579873.ogg,55.5419921875,15.728992800558768,1.8678006438811983,1.488679245283019,53.8330078125,55.41369341681115,55.29586128566579,
tromoc,XC580905.ogg,2180.23681640625,234563.53157758713,0.7144865877943672,-1.4782529298533191,1862.6220703125,2138.946557490709,2101.90246141123,
tromoc,XC582727.ogg,2309.43603515625,106402.70107984543,-0.7226524648627313,-1.4521969100568126,2519.384765625,2288.854244805163,2267.073056589361,
tromoc,XC583075.ogg,2225.91796875,19954.165472703822,1.930108144313051,2.682239246430157,2153.3203125,2221.8753189058484,2218.1230251462835,
tromoc,XC597465.ogg,119.150390625,719.8061943054199,2.272563848804853,5.014363543979826,107.666015625,116.93458448664856,115.16872616264762,
tromoc,XC602885.ogg,2729.931640625,2517847.3025910994,2.424510629710134,3.9819450664838207,2002.587890625,2485.5772733223093,2356.0163225505676,
tromoc,XC602886.ogg,2594.7509765625,144.8996365070343,0.5692099788303083,-1.0200000000000002,2583.984375,2594.7261981315323,2594.701460668897,
tromoc,XC615398.ogg,3091.4501953125,722061.6606473923,0.08985925939433997,-1.939526160491881,3972.8759765625,2982.00590135938,2877.574995516326,
