primary_label,filename,mean,variance,skewness,kurtosis,mode,gmean,hmean
verdin,XC11734.ogg,5046.844482421875,10539.033561944962,1.1293692052596984,-0.686095132157869,4984.9365234375,5046.07156238845,5045.308834224259,
verdin,XC120889.ogg,5884.716796875,123373.30611740671,-2.3414572825321773,4.387134212187279,5943.1640625,5873.4001935794095,5860.886785083308,
verdin,XC121127.ogg,3818.228426846591,7657.023700800809,-1.165706706717804,-0.18761397438790617,3789.84375,3817.300888897765,3816.3572784759504,
verdin,XC121399.ogg,4624.669471153846,33454.72530676769,1.231860830455149,-0.013625697049373109,4489.6728515625,4621.429242544092,4618.286533623172,
verdin,XC121438.ogg,5334.85107421875,72932.81704187393,-1.4160091113307092,0.11858403871175272,5490.966796875,5328.400227674452,5321.645730223457,
verdin,XC135943.ogg,1768.798828125,1347792.9389476776,2.8154702825258235,7.202144973355475,818.26171875,1562.9632898069553,1430.6148682401852,
verdin,XC138138.ogg,5962.39013671875,495160.54451465607,-3.2728513536636594,8.849659415404059,6201.5625,5907.658176508839,5832.9936478751415,
verdin,XC138707.ogg,,
verdin,XC165351.ogg,5288.5546875,61798.62728871797,-0.15119559199961594,-1.6618633213156835,5544.7998046875,5282.973488827412,5277.368337728207,
verdin,XC165352.ogg,4332.088955965909,387780.93412789435,0.19042243302350675,-1.9379985639824306,3811.376953125,4291.902452661405,4252.747642146787,
verdin,XC165353.ogg,5002.3681640625,159986.31066083908,-1.8128350930962875,2.5131424448761654,5028.0029296875,4985.424362182447,4966.568911685221,
verdin,XC165355.ogg,4245.3538161057695,32812.70845578267,-1.3563282299283979,2.843347338472589,4242.041015625,4241.636896219988,4237.758300707867,
verdin,XC165357.ogg,5151.81884765625,1197107.2954168688,-2.009696177374319,2.102448907197216,2562.451171875,4997.252121678285,4783.798034876068,
verdin,XC165358.ogg,5708.6234352805395,435747.3802765055,0.3707396167305447,-1.4076518810755954,4984.9365234375,5671.7050458305375,5635.81565118146,
verdin,XC165359.ogg,3795.22705078125,38.63990306854248,0.0,-2.0,3789.84375,3795.223232835515,3795.2194148936173,
verdin,XC173212.ogg,5.719757080078125,29.797909120398185,-0.1252448582170299,-1.984313725490196,10.7666015625,0.0,0.0,
verdin,XC211772.ogg,,
verdin,XC235059.ogg,5758.59375,4206.229448318481,-0.4001982202358301,-1.4791593370168992,5813.96484375,5758.253620978857,5757.912509271316,
verdin,XC247617.ogg,,
verdin,XC254487.ogg,149.49691022028688,126434.00689519818,3.5081157489194275,10.314466213920074,53.8330078125,68.98772144396864,58.87458678804827,
verdin,XC254729.ogg,,
verdin,XC288452.ogg,,
verdin,XC288475.ogg,,
verdin,XC288787.ogg,7115.456973805147,5359.581849154304,-0.044032952536467974,-1.6300191021793604,7181.3232421875,7115.102392966517,7114.747712810776,
verdin,XC289372.ogg,6676.5849609375,15420.412516593933,0.8803895609196823,-0.37349196790485184,6589.16015625,6675.487816980016,6674.402133260724,
verdin,XC289377.ogg,4854.320646587171,2676.624010925103,0.0005744022951910263,-1.010222167013302,4812.6708984375,4854.052185677129,4853.783711335142,
verdin,XC292109.ogg,4252.8076171875,480081.47567510605,0.5736757411042656,-1.4778540836489413,3757.5439453125,4209.739503447165,4169.190424243937,
verdin,XC297498.ogg,4366.93359375,34.77591276168823,-0.40824829046386296,-1.8333333333333333,4371.240234375,4366.930407316232,4366.927219836889,
verdin,XC302292.ogg,5170.1220703125,613.086462020874,0.2634545260366792,-1.0815620365793381,5146.435546875,5170.068749950143,5170.015471711326,
verdin,XC302302.ogg,4411.435546875,17723.19085022499,-0.0677946419436632,-1.5301242204537258,4565.0390625,4409.49029071753,4407.542479486961,
verdin,XC304429.ogg,,
verdin,XC305266.ogg,,
verdin,XC316865.ogg,,
verdin,XC323363.ogg,4697.939300537109,132990.63920433965,0.0014313178889180855,-1.9417877256907636,4285.107421875,4684.206061023722,4670.50929216438,
verdin,XC323366.ogg,3767.413330078125,157175.7093478333,0.7124618637236326,-0.7932403719389916,3283.8134765625,3749.0523409417956,3731.47587054722,
verdin,XC323369.ogg,4455.2197265625,4027.3818969726562,0.04367139433937668,-0.41401515971260405,4403.5400390625,4454.797959681965,4454.376274292168,
verdin,XC349057.ogg,5895.6474609375,438032.67681212036,0.1435176381537333,-1.2346021757056422,5534.033203125,5859.0938063637095,5822.795506130875,
verdin,XC349059.ogg,7681.97021484375,695.5182552337646,0.0,-1.238095238095238,7644.287109375,7681.9306037533515,7681.890992555959,
verdin,XC349060.ogg,5361.767578125,99646.36541329898,-0.6323453465243578,-1.305052024683573,4931.103515625,5352.582686892364,5343.173933074412,
verdin,XC349625.ogg,,
verdin,XC350987.ogg,4984.263610839844,3716.67567640543,0.6254534697376813,-0.9583978862758662,4931.103515625,4983.915761133023,4983.56961144953,
verdin,XC350988.ogg,4481.982421875,839.0378952026367,0.5603328368384609,-0.58972472299169,4446.6064453125,4481.902368868083,4481.822492595707,
verdin,XC357814.ogg,2924.3746243990386,4569.911612914159,-0.3421392148813301,-1.6669780686099527,2842.3828125,2923.6495761104156,2922.920935257841,
verdin,XC357815.ogg,5366.477966308594,11946.975030004978,-1.285696552412816,0.3554719394900685,5415.6005859375,5365.416186255463,5364.3359804292295,
verdin,XC357822.ogg,5421.522216796875,17991.65402431237,0.015468534478985305,-1.2968073434947258,5480.2001953125,5419.945743956992,5418.369486705682,
verdin,XC357994.ogg,5852.724609375,3044.8243618011475,0.818096368892424,0.6251814441667314,5857.03125,5852.4916142798165,5852.259722206993,
verdin,XC358902.ogg,,
verdin,XC371095.ogg,4892.34375,150.69562196731567,0.27154541788363945,-1.044378698224852,4888.037109375,4892.331434025784,4892.319123029118,
verdin,XC371096.ogg,4873.870528371711,4676.10616432993,-0.14202542723400316,-1.437412073589217,4780.37109375,4873.41543172594,4872.959741948133,
verdin,XC381091.ogg,4822.948109019886,10018.523958596317,0.8262388845528186,0.6862148795667187,4780.37109375,4821.9671281958435,4820.996361368626,
verdin,XC381095.ogg,7.177734375,38.63990306854248,-0.7071067811865475,-1.5,10.7666015625,0.0,0.0,
verdin,XC381113.ogg,5052.52685546875,12571.227287544923,-0.7956714736385888,-0.34207358681040967,5060.302734375,5051.337870360521,5050.134788672575,
verdin,XC381402.ogg,14.907602163461538,68.36290542895979,-0.7479321373786376,-0.8086011342155017,21.533203125,0.0,0.0,
verdin,XC382033.ogg,5517.88330078125,57.95985460281372,0.0,-2.0,5512.5,5517.880674780237,5517.878048780488,
verdin,XC382104.ogg,11.279296875,75.07181167602539,-0.08381745865226213,-1.3744593425605536,10.7666015625,0.0,0.0,
verdin,XC384072.ogg,3671.879245923913,3974312.2701022937,-1.0828193047359627,-0.8175386071637578,398.3642578125,2509.3633437452336,1223.6349773630739,
verdin,XC384555.ogg,5117.724609375,4917.805845087225,0.5129888637621906,-1.3368979591836734,5049.5361328125,5117.28611298335,5116.849580964994,
verdin,XC384699.ogg,3505.60546875,1267.3888206481934,-0.4058720051451983,-0.9211778703152889,3499.1455078125,3505.4423432098124,3505.278784716748,
verdin,XC384704.ogg,1892.7196155894887,6840743.2701582005,0.6719872308979516,-1.547323138792781,43.06640625,184.3858047897612,45.936301413707994,
verdin,XC384893.ogg,5553.728205983231,20841.798253175686,0.25082220686032797,-0.7128499961944366,5426.3671875,5551.904394763909,5550.08754062306,
verdin,XC396466.ogg,5986.87646484375,355269.82580423355,-2.229891165360004,3.174207268452399,6244.62890625,5952.530925642254,5912.155565340549,
verdin,XC410219.ogg,,
verdin,XC413373.ogg,,
verdin,XC416156.ogg,5080.9814453125,72069.53275588251,-0.0044313798366235274,-1.3265391160928992,4909.5703125,5073.989428201117,5066.99258920401,
verdin,XC418530.ogg,,
verdin,XC418538.ogg,4320.4833984375,204222.50307523287,1.8193713075162226,1.6321686884464617,4069.775390625,4300.830071823808,4283.290685765766,
verdin,XC433497.ogg,,
verdin,XC439747.ogg,5630.9326171875,238585.9454870224,-0.10064504054564888,-1.2233438340652758,5038.76953125,5611.484037898712,5591.90158671194,
verdin,XC443826.ogg,4171.2890625,31408.721208572388,0.2872324961365124,-1.9054145805084615,4037.4755859375,4168.084880782237,4164.906987050777,
verdin,XC448742.ogg,5982.70043545082,28762.466994465372,-0.033341608093484534,-0.9337781488788091,5889.3310546875,5980.333054144063,5977.963011072291,
verdin,XC448743.ogg,5719.240500710227,886641.4194215428,-0.5645850721616535,0.21616239756394728,5544.7998046875,5634.429726884619,5540.350647335564,
verdin,XC450851.ogg,3975.567626953125,1482.1162819862366,-0.4183966273393518,-1.692019599887644,3929.8095703125,3975.404106702237,3975.240176955868,
verdin,XC450852.ogg,,
verdin,XC450853.ogg,6055.13671875,4285.717248916626,-0.8498850363029548,-0.9558836527642742,5953.9306640625,6054.804437610908,6054.470181990052,
verdin,XC452490.ogg,5953.754162397541,389488.2754923577,0.08334275665891529,-0.3744270558882352,5286.4013671875,5921.118084184854,5888.252579813492,
verdin,XC452555.ogg,6770.39794921875,42465.253472328186,0.18537669588546585,-0.940410638086,6513.7939453125,6767.531672468563,6764.674445654567,
verdin,XC452566.ogg,4737.017578125,125603.62082623146,0.6231101145220082,-0.5283945918287705,4285.107421875,4724.275143542133,4711.8770269981605,
verdin,XC452568.ogg,5577.772521972656,138467.83511010528,-0.3047181683175179,-0.30611479617392456,5943.1640625,5565.2873491648115,5552.5646908816,
verdin,XC456498.ogg,6668.5638427734375,47624.37053024769,-0.5210058358786231,-1.6918732172443471,6373.828125,6665.4049486463455,6662.213418752237,
verdin,XC456551.ogg,5645.0120192307695,44585.339500067326,2.1219867674036945,3.9288905748120255,5534.033203125,5641.311987671247,5637.790157529033,
verdin,XC456552.ogg,4436.91650390625,2536.065638065338,-0.1900854004043887,-1.5484463217453055,4371.240234375,4436.658926390369,4436.400999349512,
verdin,XC456553.ogg,6510.661843039773,93627.3733702573,-0.045311228206582115,-1.140009303125297,6126.1962890625,6503.581730005666,6496.48573003736,
verdin,XC456554.ogg,5697.32666015625,159303.20716691468,2.8428210054573215,8.821266811564668,5663.232421875,5685.097862778521,5674.145590241064,
verdin,XC456701.ogg,4373.8037109375,32236.16713285446,-0.21088515526313353,-1.729342611180464,4543.505859375,4370.272065626392,4366.721916655273,
verdin,XC465407.ogg,4068.0625221946025,14535.486031221286,0.26324654165798284,-0.5705424509507648,3951.3427734375,4066.32415366907,4064.593446229272,
verdin,XC465408.ogg,4465.447998046875,11644.890787808792,-2.2973326841330666,4.6555497491036775,4489.6728515625,4464.150512477336,4462.803088437507,
verdin,XC465410.ogg,5139.2578125,22710.603028535843,0.5165062735922936,-1.1208267077676386,5103.369140625,5137.135345920774,5135.033531572595,
verdin,XC465411.ogg,5394.9287109375,163086.44528388977,1.4441293670142634,1.6629825521253343,5232.568359375,5381.021196931991,5367.947530625801,
verdin,XC465412.ogg,5351.0009765625,92.73576736450195,0.0,-1.5,5340.234375,5350.993755492015,5350.986534421531,
verdin,XC465413.ogg,5201.46484375,136160.57842969894,0.7087693421230848,-1.4039435746004372,4974.169921875,5190.17133352142,5179.240347833866,
verdin,XC465415.ogg,4313.194208559783,238101.5467021776,1.257791653845679,-0.05340775528148711,3983.642578125,4288.369233028297,4265.66492438401,
verdin,XC465418.ogg,4823.4375,397.43900299072266,0.43301270189221935,-1.1666666666666667,4801.904296875,4823.401490985845,4823.365522026409,
verdin,XC466383.ogg,4110.308478860294,54272.58502911119,-0.3711924524059516,-1.8062526531749827,4285.107421875,4104.003515917734,4097.619993377657,
verdin,XC466405.ogg,5440.36376953125,11696.298658847809,0.00016640331682076212,-1.9754530191460065,5329.4677734375,5439.396221285038,5438.4288386983935,
verdin,XC488243.ogg,5980.2490234375,379.9590468406677,0.6310852295002648,-0.24669635162309733,5964.697265625,5980.220821577977,5980.19265589549,
verdin,XC488244.ogg,798.8818359375,4343945.374846458,2.1572296163199858,2.653733469931237,10.7666015625,0.0,0.0,
verdin,XC488444.ogg,5118.650768649193,4387.74796070591,0.36726750065582603,1.165608351370178,5124.90234375,5118.237162498987,5117.824675938011,
verdin,XC492605.ogg,5782.570195831029,124839.551877237,-0.06338173944103072,-0.24752846775013637,5813.96484375,5771.750856897959,5760.854552870239,
verdin,XC493950.ogg,5333.280944824219,39815.318751492,1.495733173299819,2.145456656919867,5340.234375,5329.713187526339,5326.265852392693,
verdin,XC493965.ogg,5687.955729166667,10734.297174673815,-0.9195710545374662,-0.883235958853386,5749.365234375,5687.036881887019,5686.1078954141885,
verdin,XC497301.ogg,5110.751953125,44797.99962043762,2.920732645550997,8.497846780365661,4931.103515625,5106.797977310585,5103.121854418564,
verdin,XC509393.ogg,5912.683965118838,295134.84498144867,-0.28746601892763113,-1.325845795746176,6244.62890625,5887.524460712434,5861.906580213921,
verdin,XC514054.ogg,,
verdin,XC522408.ogg,4562.04833984375,173645.0726319762,0.6598888298083987,-1.2006604058748218,4392.7734375,4544.691176800862,4527.997873438318,
verdin,XC533409.ogg,5368.9453125,54374.07159805298,0.2718077535253035,-1.4974868143400257,5329.4677734375,5364.752549619281,5360.590066703227,
verdin,XC540215.ogg,,
verdin,XC542598.ogg,,
verdin,XC542599.ogg,,
verdin,XC542600.ogg,,
verdin,XC543030.ogg,,
verdin,XC544596.ogg,0.0,0.0,0.0,-3.0,0.0,0.0,0.0,
verdin,XC544598.ogg,5119.16015625,14272.476196289062,0.7665386524314631,-1.1673914738559639,5028.0029296875,5117.87362706591,5116.601875766009,
verdin,XC548185.ogg,,
verdin,XC549236.ogg,5852.2939453125,5439.339154958725,0.42173724793360134,0.762946062661713,5846.2646484375,5851.8492543493485,5851.405960525884,
verdin,XC550632.ogg,,
verdin,XC559488.ogg,,
verdin,XC560029.ogg,,
verdin,XC560047.ogg,5058.380126953125,33213.6033475399,-0.0001438490969446938,-0.8873041838728812,4823.4375,5055.21116267665,5052.039824965357,
verdin,XC564976.ogg,7503.24462890625,2175.4265427589417,-1.0953475477016088,0.7727969191519253,7396.6552734375,7503.1135904181365,7502.9819796254105,
verdin,XC565197.ogg,4575.8056640625,131665.4697060585,-0.7129216865048518,-1.1386249097708054,3929.8095703125,4561.98731355358,4547.657586173033,
verdin,XC565239.ogg,5146.924937855114,148724.73600235855,0.6368115464506885,-1.182471135027205,4888.037109375,5133.516917766003,5120.516607971599,
verdin,XC567772.ogg,6259.215914818548,54200.56596879037,-1.3504303380593632,1.085768674053373,5673.9990234375,6254.877096848971,6250.384202100168,
verdin,XC572433.ogg,6125.562959558823,18814.791625036913,-1.1718336092693873,0.36478134791021066,6115.4296875,6124.0919963429415,6122.5951699857,
verdin,XC572471.ogg,6160.762746710527,7774.077340176231,-0.25904905826647,-1.327769023560375,6147.7294921875,6160.163512626865,6159.562819854361,
verdin,XC573258.ogg,5593.738902698864,63741.08664555983,0.18433466307648064,-1.953822746201164,5361.767578125,5588.584129651237,5583.4610426282925,
verdin,XC574000.ogg,5184.11865234375,50044.19445991516,0.3248491044705959,-1.434425069893361,4952.63671875,5179.928640110466,5175.775151300094,
verdin,XC574002.ogg,6225.501007729388,13579.194349995521,0.06182003123582218,-0.489551987156974,6212.3291015625,6224.422452578449,6223.34435035083,
verdin,XC574050.ogg,6361.16153492647,16253.141687515583,0.21390474221916278,-1.0723102100333182,6266.162109375,6359.924728277189,6358.691208151341,
verdin,XC57967.ogg,4565.577392578125,4654.786428338603,0.612562940285879,-0.4987405163355403,4532.7392578125,4565.095890388542,4564.617167793385,
verdin,XC57968.ogg,2319.6044921875,4160680.3625822067,-0.2236067082966208,-1.9496952145042215,183.0322265625,984.5062820956857,358.360371624465,
verdin,XC591829.ogg,4103.4210205078125,10811.582878232002,-1.9823618810264567,2.443727281894919,3854.443359375,4102.230519744449,4101.001196445066,
verdin,XC609828.ogg,4920.3369140625,7406816.779375076,-1.2013630694174515,-0.4105901229850293,86.1328125,2392.0425951365078,367.72558002519304,
verdin,XC614095.ogg,5929.950506036932,717939.6862604402,0.3966691412512062,-1.6417280183654437,5028.0029296875,5873.8461241511295,5820.006215690566,
verdin,XC614096.ogg,,
verdin,XC614098.ogg,,
verdin,XC614100.ogg,3672.48779296875,1969.347059726715,-0.6872326334757177,-1.2615682589192339,3606.8115234375,3672.2451962428304,3672.0013245395426,
verdin,XC614102.ogg,,
verdin,XC614113.ogg,,
verdin,XC614116.ogg,4847.1240234375,81.14379644393921,-0.3436215967445456,-1.153061224489796,4844.970703125,4847.117324632571,4847.110623271375,
verdin,XC614119.ogg,4047.1088610197367,127407.28459860149,0.2410267350836756,-1.6896072154823587,3746.77734375,4032.359933382515,4017.8390864006674,
verdin,XC614122.ogg,4279.72412109375,38.63990306854248,0.0,-2.0,4274.3408203125,4279.7207353686545,4279.7173496462265,
verdin,XC614124.ogg,4567.431640625,217024.23557639122,-0.6925534613743448,-1.4999987557855314,3951.3427734375,4545.268611097648,4522.173430767042,
verdin,XC614126.ogg,4555.6182861328125,2630.9634000062943,-0.1251309474933016,-0.5099821039579906,4565.0390625,4555.365371029408,4555.112206390044,
verdin,XC617620.ogg,,
