primary_label,filename,mean,variance,skewness,kurtosis,mode,gmean,hmean
warvir,XC102286.ogg,3546.5185546875,69654.32295046355,-0.8959366244895399,0.13737641677591794,3305.3466796875,3536.70982352127,3526.392002699635,
warvir,XC102968.ogg,3368.408203125,73705.06310462952,0.6083015599403493,-1.3275362258527332,3143.84765625,3358.2855747212234,3348.4851503628042,
warvir,XC102969.ogg,3199.833984375,12050.497770309448,1.4862951013271388,0.23906833968174634,3154.6142578125,3198.191601349556,3196.6008959713563,
warvir,XC128900.ogg,3791.9970703125,367411.78905336483,0.8626270560049295,-1.2371605713500387,3380.712890625,3749.4902156992925,3710.8215185192707,
warvir,XC131557.ogg,3.1901041666666665,25.099424215463497,0.892217816219194,-1.2039473684210524,0.0,0.0,0.0,
warvir,XC131568.ogg,2896.2158203125,77.27980613708496,0.0,-1.0,2896.2158203125,2896.205814125363,2896.195807903656,
warvir,XC132925.ogg,3450.09765625,287455.118894577,0.6575509857872045,-1.495003642506617,3143.84765625,3415.08954202024,3382.4369692112914,
warvir,XC137086.ogg,,
warvir,XC137560.ogg,,
warvir,XC137595.ogg,3959.9560546875,22337.727963924408,-1.4902786908366488,0.23705507914865587,4026.708984375,3957.6203117373466,3955.204186931917,
warvir,XC138089.ogg,3014.6484375,72333.89854431152,1.366641662508092,0.7597620910557974,2917.7490234375,3004.3898386879946,2994.827827327471,
warvir,XC138136.ogg,,
warvir,XC139927.ogg,3168.5709635416665,308041.6005849838,0.7488897621277878,-0.5794709154999369,2616.2841796875,3124.6537838795207,3083.777557622538,
warvir,XC140277.ogg,3738.8818359375,4644.516348838806,2.1774059584571117,4.417459208788097,3736.0107421875,3738.3163555755636,3737.764691808982,
warvir,XC142119.ogg,5628.975053267045,567807.0087900216,0.09112623923429389,-1.6756868265531137,6255.3955078125,5580.116405238435,5531.814985464573,
warvir,XC144703.ogg,4566.516831341912,45315.42364008286,0.8599228578030127,-0.12831236693243042,4446.6064453125,4561.769484057431,4557.137680456155,
warvir,XC145883.ogg,3620.80810546875,562495.2369332314,0.9396766203403282,-0.42205303498126767,3240.7470703125,3557.1732681359317,3499.800239785641,
warvir,XC146076.ogg,4131.298828125,134146.7034816742,0.9475868969640046,-1.099766477500586,3908.2763671875,4118.044162482743,4105.474781127429,
warvir,XC151606.ogg,,
warvir,XC156180.ogg,4732.998046875,73678.5671710968,-2.2540854660196135,3.8309163086833378,4726.5380859375,4725.345476243394,4716.988776777595,
warvir,XC156191.ogg,4430.042442908654,71688.90939309048,-1.734478912110723,2.6538342488262376,4608.10546875,4421.997416243475,4413.3229222118,
warvir,XC157622.ogg,4150.52490234375,185404.42331841117,-0.20316284996993228,-1.124733838186228,3789.84375,4128.851391261957,4106.773228124191,
warvir,XC161973.ogg,,
warvir,XC163683.ogg,3840.8680791440215,172912.34441661078,0.39895965601787287,-0.8888967672012842,3262.2802734375,3819.763153640739,3799.140799637873,
warvir,XC167858.ogg,,
warvir,XC169024.ogg,,
warvir,XC172622.ogg,3565.6451056985293,90153.71266533346,0.22075342261062414,-0.18405906840581254,3628.3447265625,3553.428518763604,3541.253246122803,
warvir,XC177838.ogg,,
warvir,XC178845.ogg,3468.64013671875,155608.5719957071,0.6426989105138666,-1.4184965101553333,3176.1474609375,3448.330705690731,3429.0022247764146,
warvir,XC178941.ogg,4073.2011274857955,176743.18207935855,0.8378499452953684,0.2508084491167728,3499.1455078125,4053.3995067221495,4034.4541718031164,
warvir,XC178945.ogg,3854.443359375,97343.57580542564,-0.6647474539047799,-0.9374232077782261,3639.111328125,3842.7822316922857,3830.69527689064,
warvir,XC179455.ogg,3823.681640625,299050.7698059082,1.8872598023438083,1.783186645832127,3563.7451171875,3794.7312677691066,3769.8820376326794,
warvir,XC179802.ogg,2156.9091796875,355554.72806096077,1.334879570447832,-0.21581550004387529,1841.0888671875,2096.43575153201,2048.1880705181484,
warvir,XC181169.ogg,,
warvir,XC181406.ogg,3469.83642578125,42642.16361676945,0.4560225179796987,-0.41072091475167527,3176.1474609375,3464.1156966397884,3458.4773336472076,
warvir,XC181489.ogg,4075.15869140625,847999.5927214622,-0.09930302613696212,-1.6362357433662544,2971.58203125,3972.163112143442,3868.5432852387776,
warvir,XC182016.ogg,3804.9842834472656,596626.4735540795,2.9039003247315054,11.36925988392332,3165.380859375,3746.014727051796,3697.9540557171963,
warvir,XC182085.ogg,3007.2818153782896,63898.19760071604,-0.18922293491283457,-1.2680675476352836,2627.05078125,2997.0700753636215,2986.7373449420465,
warvir,XC182706.ogg,4098.9990234375,664024.5262384415,-1.8754924954617092,1.8183307389904844,4500.439453125,3993.2984943148563,3852.360365061703,
warvir,XC182708.ogg,2973.37646484375,343.8951373100281,0.49545968323892786,-0.5779573286201241,2971.58203125,2973.3283630914507,2973.2803505350075,
warvir,XC183335.ogg,3329.033203125,13295.990645885468,-0.30815639178665394,-1.186763316456485,3165.380859375,3327.424425139955,3325.8049657990896,
warvir,XC184504.ogg,,
warvir,XC184766.ogg,,
warvir,XC188163.ogg,4562.347412109375,429954.48142290115,1.0910486856719377,-0.7159421685235263,4112.841796875,4524.577005126298,4490.321534277975,
warvir,XC188386.ogg,3863.2523970170455,224949.57242228766,1.042273448153916,-0.8592775708761242,3596.044921875,3838.6771780358595,3816.045152291191,
warvir,XC188387.ogg,3475.6092160247094,139281.7026931186,2.2362316954933323,5.4716349648097395,3369.9462890625,3458.452316240033,3443.3189162126996,
warvir,XC188510.ogg,3334.954833984375,31256.921589374542,0.03944987760400588,-1.9433683785798868,3165.380859375,3330.856914797188,3326.768832907822,
warvir,XC188821.ogg,4192.7413137335525,101008.77397938778,0.04556227092076469,-1.4328563568891888,4435.83984375,4181.322147459179,4169.924687338165,
warvir,XC189074.ogg,6630.0732421875,81.14379644393921,0.3436215967445456,-1.153061224489796,6621.4599609375,6630.068348046218,6630.06345526525,
warvir,XC189075.ogg,3177.34375,11459.951251745224,0.765762907471436,0.2796436910930509,3057.71484375,3175.764581305284,3174.2087233891334,
warvir,XC189076.ogg,4106.3818359375,34.77591276168823,0.40824829046386296,-1.8333333333333333,4102.0751953125,4106.378449620685,4106.375064489976,
warvir,XC189077.ogg,3198.193359375,54487.78331279755,0.2879348628032159,-1.4692856210016516,3014.6484375,3190.1708197252656,3182.2581826573337,
warvir,XC189078.ogg,2963.0992542613635,23254.635300148617,0.6202165308680396,-0.01492429203396739,2928.515625,2959.362315607371,2955.6917477177312,
warvir,XC189297.ogg,4895.57373046875,358537.8771928641,-1.4500752610694982,1.2965790784819529,5211.03515625,4854.2881916862125,4806.253180129388,
warvir,XC189298.ogg,3188.759765625,50053.3511428272,3.0557306559995956,8.71144295818031,3133.0810546875,3182.03961643522,3176.1054570921383,
warvir,XC190062.ogg,3255.1025390625,8943.381201137196,-0.8035756021504048,-0.5960035272432638,3219.2138671875,3253.8235430272584,3252.524850830863,
warvir,XC190063.ogg,3309.9609375,2737.913131713867,1.2707054037705552,0.10408672606659719,3273.046875,3309.6107330572518,3309.264805534718,
warvir,XC191065.ogg,3628.3447265625,77.27980613708496,0.0,-1.0,3628.3447265625,3628.3367394429843,3628.3287523058766,
warvir,XC192520.ogg,3782.666015625,270.47932147979736,0.38180177416060623,-1.5000000000000002,3768.310546875,3782.6422020307477,3782.618409973345,
warvir,XC192521.ogg,3488.37890625,108346.28820419312,-0.29064183300990176,-1.911465000071225,3746.77734375,3474.811143915756,3461.062235807283,
warvir,XC192522.ogg,3690.0732421875,17594.403862953186,-1.8431493082781314,1.9590924934716112,3703.7109375,3687.746813369938,3685.315336386913,
warvir,XC192830.ogg,3348.4130859375,23840.82019329071,0.8203243355474316,-0.6636445147263692,3283.8134765625,3345.1172667785236,3341.898859946308,
warvir,XC193152.ogg,4229.9285888671875,283918.41776669025,-1.1874781601019337,0.1111768157166293,3919.04296875,4197.1598290438105,4160.761630887307,
warvir,XC193224.ogg,3561.211799172794,160237.68920670537,0.4501591224851886,-0.5875615397664591,3111.5478515625,3540.5108802840296,3520.3145975656003,
warvir,XC193234.ogg,4267.6116943359375,107538.30023109913,0.4917554820752191,-1.7214055012350908,3983.642578125,4256.825932780047,4246.3114517872245,
warvir,XC193235.ogg,3519.140625,4846.547842025757,0.5503871120753298,-1.4519759133669918,3466.845703125,3518.55426230222,3517.971856905288,
warvir,XC195597.ogg,3332.26318359375,38.63990306854248,0.0,-2.0,3326.8798828125,3332.258835205794,3332.254486823506,
warvir,XC195841.ogg,3872.900390625,5823.585391044617,0.891064344197069,-1.1216598908380315,3832.91015625,3872.2627969131886,3871.6321062235534,
warvir,XC195842.ogg,3730.62744140625,241465.212725676,-0.9455133673334392,-1.1006972053715063,4037.4755859375,3697.776381453733,3662.3226999253307,
warvir,XC205776.ogg,6.510038154069767,33.89014754184457,0.033628638082350684,-1.065513085399449,10.7666015625,0.0,0.0,
warvir,XC206067.ogg,5.38330078125,33.119916915893555,0.0,-2.0,0.0,0.0,0.0,
warvir,XC206069.ogg,3242.900390625,5761.209547519684,-0.4055063221313413,-1.8105271467841255,3294.580078125,3242.1856357165216,3241.4669576137126,
warvir,XC206081.ogg,7.6904296875,27.59993076324463,-0.9486832980505138,-1.1,10.7666015625,0.0,0.0,
warvir,XC206147.ogg,6.4599609375,34.77591276168823,-0.40824829046386296,-1.8333333333333333,10.7666015625,0.0,0.0,
warvir,XC210160.ogg,5624.2034912109375,56732.347682118416,-0.5159152520463302,-1.7314810339293703,5792.431640625,5619.727473801597,5615.193020997768,
warvir,XC216811.ogg,77.4169921875,99.91174936294556,0.00029038029349593184,-1.147263514544733,86.1328125,76.795991752697,76.17226666945187,
warvir,XC236974.ogg,,
warvir,XC241115.ogg,3601.42822265625,57.95985460281372,0.0,-2.0,3596.044921875,3601.424199260298,3601.4201758688346,
warvir,XC243780.ogg,,
warvir,XC244363.ogg,3016.8017578125,2844113.2493019104,-1.4999713149971607,0.24996184441155345,3768.310546875,0.0,0.0,
warvir,XC246043.ogg,,
warvir,XC247845.ogg,,
warvir,XC251162.ogg,3872.3876953125,1375.5805492401123,0.7586726399596083,-1.2119681858351221,3843.6767578125,3872.240330961467,3872.093617920714,
warvir,XC252370.ogg,3122.314453125,115.91970920562744,0.0,-1.5,3111.5478515625,3122.302077671855,3122.289702218709,
warvir,XC253391.ogg,1399.1330030487804,3127826.454851685,0.4650624802421134,-1.7642195997785193,0.0,0.0,0.0,
warvir,XC253538.ogg,5.7421875,30.911922454833984,-0.1336306209562122,-1.9821428571428577,10.7666015625,0.0,0.0,
warvir,XC253919.ogg,,
warvir,XC254735.ogg,6.280517578125,48.85187745094299,0.6399115963464224,-0.5808675667911523,0.0,0.0,0.0,
warvir,XC255912.ogg,3715.1953125,67853.87778282166,-0.8179351180214626,-0.9716394086982483,3456.0791015625,3706.324670380965,3697.115751100818,
warvir,XC261425.ogg,,
warvir,XC263151.ogg,,
warvir,XC263155.ogg,,
warvir,XC279720.ogg,,
warvir,XC291407.ogg,,
warvir,XC291408.ogg,3666.02783203125,193.1995153427124,0.0,-1.3599999999999999,3649.8779296875,3666.0080694252883,3665.9883067894953,
warvir,XC293616.ogg,3526.06201171875,1286.7087721824646,-1.4751476698750978,0.5829072315558803,3542.2119140625,3525.9085551577414,3525.753682181911,
warvir,XC293629.ogg,4534.3816207627115,23906.695469299444,-0.07263593717278012,-0.9734599001713491,4586.572265625,4531.783621935422,4529.179791591139,
warvir,XC293630.ogg,4089.1552734375,121101.32020711899,-1.497542067131851,0.24669260232991563,4252.8076171875,4076.3025306250756,4062.414281221956,
warvir,XC293915.ogg,,
warvir,XC296032.ogg,3623.3203125,137064.56816196442,0.6789911136991678,-1.1742025762252601,4166.6748046875,3606.351369254922,3590.1207663117957,
warvir,XC296038.ogg,3791.9970703125,45521.669805049896,-0.4079314353732508,-1.8305320183493914,3951.3427734375,3787.125271045993,3782.1919670997177,
warvir,XC297175.ogg,3212.8336588541665,182254.8453624432,1.8956793026384162,2.799438304463834,3100.78125,3189.036492217279,3168.253133818571,
warvir,XC297273.ogg,3618.0675159801135,118055.69293824109,0.3510793449996513,-1.3622547390245814,3369.9462890625,3602.759674646903,3587.773458416204,
warvir,XC302421.ogg,3994.4091796875,183351.86004638672,0.5139812189083918,-1.7310830945738247,3671.4111328125,3974.9447729585577,3956.211605186207,
warvir,XC302583.ogg,3540.5555138221152,172968.5537860944,0.45197046165197996,-1.765069569896846,3219.2138671875,3518.676152136492,3497.6314446168026,
warvir,XC31132.ogg,1978.5213694852941,2856631.555075154,-0.3545664423160606,-1.8687744691195747,21.533203125,402.4100656514961,45.393085769774096,
warvir,XC312020.ogg,4323.1494140625,478338.54956462467,-0.785463423051496,-1.1351485038455609,3359.1796875,4264.151560632703,4200.119103891126,
warvir,XC314085.ogg,,
warvir,XC315209.ogg,3631.93359375,179010.9429359436,0.7136900950103002,-1.4790670718748786,3359.1796875,3612.3282576327283,3593.753488895053,
warvir,XC319723.ogg,3375.8189808238635,136353.19249196484,2.3518424396798494,4.573566519759282,3380.712890625,3359.890951442784,3346.055203231484,
warvir,XC320050.ogg,53.8330078125,86.93978190422058,0.0,-1.5,43.06640625,53.10544554588561,52.3780616554054,
warvir,XC320205.ogg,3273.046875,34954.250775850734,1.3612800125597793,0.8383892128279884,3219.2138671875,3268.313198415863,3263.7957303709827,
warvir,XC320560.ogg,3749.468994140625,94696.74244523048,-0.0006119950944858881,-1.9991840481602638,4015.9423828125,3739.985690348561,3730.526055420407,
warvir,XC321052.ogg,3396.3734019886365,155549.49633641675,1.0013654148883204,1.1198339555647303,2950.048828125,3376.7008637386793,3358.0468845835994,
warvir,XC321062.ogg,3370.5796185661766,87178.4401290557,-0.3402016198982482,-1.3430930358800959,2971.58203125,3358.1209706027103,3345.4161659736237,
warvir,XC321070.ogg,,
warvir,XC321072.ogg,,
warvir,XC321073.ogg,,
warvir,XC321074.ogg,,
warvir,XC321075.ogg,,
warvir,XC321079.ogg,,
warvir,XC321080.ogg,,
warvir,XC321081.ogg,,
warvir,XC321402.ogg,2993.115234375,77.27980613708496,0.0,-1.0,2993.115234375,2993.105552132367,2993.0958698584195,
warvir,XC321423.ogg,3332.26318359375,106944.21172142029,-1.1115420604706083,-0.6267452144024985,3434.5458984375,3317.141211574437,3300.9485713765534,
warvir,XC321429.ogg,3496.453857421875,14271.296926520088,1.1084546934992645,-0.6849597202334019,3423.779296875,3494.6265778857846,3492.8429398106614,
warvir,XC321545.ogg,,
warvir,XC321547.ogg,,
warvir,XC321554.ogg,,
warvir,XC321560.ogg,,
warvir,XC321776.ogg,1867.467041015625,2431391.1913868627,-0.27142957443223864,-1.729355796371028,43.06640625,568.2730251618583,110.84883025126032,
warvir,XC321777.ogg,964.9566650390625,2913954.4600993395,1.1546316364500742,-0.666689398484142,32.2998046875,129.28321715652777,54.77657943127855,
warvir,XC321791.ogg,3829.5687971443967,110679.33890326267,-1.220205791650181,1.1341859581770652,3832.91015625,3814.4269073053433,3797.9671593227154,
warvir,XC321793.ogg,3201.52587890625,222292.90902614594,1.998927761951097,5.211021647665767,3014.6484375,3172.5948076584687,3147.285163807605,
warvir,XC321950.ogg,,
warvir,XC321961.ogg,,
warvir,XC321964.ogg,,
warvir,XC321965.ogg,,
warvir,XC321966.ogg,,
warvir,XC321969.ogg,,
warvir,XC321974.ogg,,
warvir,XC321978.ogg,,
warvir,XC321990.ogg,,
warvir,XC321994.ogg,,
warvir,XC321998.ogg,,
warvir,XC322002.ogg,,
warvir,XC322016.ogg,,
warvir,XC322020.ogg,,
warvir,XC322026.ogg,,
warvir,XC322029.ogg,,
warvir,XC322033.ogg,,
warvir,XC322035.ogg,,
warvir,XC322037.ogg,,
warvir,XC322226.ogg,,
warvir,XC322230.ogg,,
warvir,XC322237.ogg,,
warvir,XC322240.ogg,,
warvir,XC322255.ogg,,
warvir,XC322265.ogg,,
warvir,XC322268.ogg,,
warvir,XC322270.ogg,,
warvir,XC322282.ogg,71.0595703125,34.77591276168823,-0.40824829046386296,-1.8333333333333333,75.3662109375,70.85948076835606,70.65582275390625,
warvir,XC323238.ogg,3254.205322265625,2047.0366830175574,0.193368351890721,-1.7155081170525184,3219.2138671875,3253.917485446542,3253.6301543158825,
warvir,XC323250.ogg,3314.7674560546875,203699.2790031692,-0.2530903727001645,-1.4084756449860163,2659.3505859375,3284.3523991737775,3253.221948697537,
warvir,XC323254.ogg,3423.779296875,77.27980613708496,0.0,-1.0,3423.779296875,3423.77083253421,3423.7623681724886,
warvir,XC323406.ogg,3989.439978966346,282952.5794203465,-0.9431694080491548,-0.5839041664230411,4414.306640625,3953.4387672614835,3914.1524409218937,
warvir,XC323441.ogg,3026.681698069853,79837.99501376993,0.8435918780701723,-1.1943316279858567,2863.916015625,3014.8398422301407,3003.5997840391137,
warvir,XC323442.ogg,,
warvir,XC323445.ogg,3153.076171875,90985.50713979281,0.5509615319413967,-1.6341129347494916,2885.44921875,3140.0862159482854,3127.5626798715316,
warvir,XC323446.ogg,3340.72265625,1006.3359370598426,0.7394461986079932,-0.7138727767985902,3316.11328125,3340.583418590072,3340.444802738416,
warvir,XC323447.ogg,3702.3651123046875,121960.39137601013,-0.7315975424213929,-0.06079785782895897,4048.2421875,3685.1652004734515,3666.9110686322642,
warvir,XC323448.ogg,3430.8009935461955,288446.2654991112,0.6715451663109561,-1.3426171398449478,3025.4150390625,3392.863239042253,3357.535462361471,
warvir,XC323453.ogg,3807.461825284091,92185.67565354434,1.1333546984895606,-0.069272973769261,3542.2119140625,3797.018620308981,3787.1271171823864,
warvir,XC323454.ogg,3390.283203125,106137.37374544144,2.281574547276357,3.6327180571556212,3283.8134765625,3377.992459980093,3367.1517296644492,
warvir,XC323455.ogg,,
warvir,XC323456.ogg,3449.3499755859375,85082.9965621233,-1.1523414400983514,-0.6674450565897905,3596.044921875,3437.8338676564094,3425.6014703051596,
warvir,XC323457.ogg,3268.740234375,261959.3560942288,1.8818311556358107,2.658809539034376,3003.8818359375,3235.683505303114,3207.4627341043306,
warvir,XC323458.ogg,3835.394756610577,293898.0750395701,-0.7615102813621941,-1.321644794642239,4134.375,3797.1450903517475,3756.35391449827,
warvir,XC323459.ogg,3527.8564453125,13242.12207513697,0.4666326183312253,-1.2733154370673314,3413.0126953125,3526.1003385555427,3524.361351440151,
warvir,XC323460.ogg,3285.60791015625,26031.70269727707,0.7056903120288772,-1.4959985276896206,3176.1474609375,3282.3731068465204,3279.2078378260294,
warvir,XC323461.ogg,,
warvir,XC323462.ogg,3936.502322635135,324358.48902206164,0.19037868360939456,-1.5565904498187095,3413.0126953125,3896.7607628859887,3857.770474720815,
warvir,XC323675.ogg,,
warvir,XC323676.ogg,,
warvir,XC323677.ogg,,
warvir,XC323678.ogg,4445.41015625,606272.959113121,-0.6899243779624035,-1.4711841791473175,4898.8037109375,4379.179561855764,4308.370917966059,
warvir,XC323679.ogg,294.287109375,38.63990306854248,0.7071067811865475,-1.5,290.6982421875,294.24369212340093,294.20063064759034,
warvir,XC323680.ogg,475.0355113636364,861209.233220328,2.83848741064492,6.074679216050162,215.33203125,237.78135817122995,195.29241339267654,
warvir,XC323681.ogg,3337.646484375,0.0,0.0,-3.0,3337.646484375,3337.646484375002,3337.646484375,
warvir,XC323687.ogg,,
warvir,XC323690.ogg,,
warvir,XC323693.ogg,,
warvir,XC323696.ogg,,
warvir,XC323697.ogg,,
warvir,XC323698.ogg,,
warvir,XC323699.ogg,,
warvir,XC323702.ogg,,
warvir,XC323703.ogg,,
warvir,XC323751.ogg,,
warvir,XC324864.ogg,3330.0465303308824,203392.2103617121,-0.4137654626927097,-1.5642142659273524,2702.4169921875,3300.0016225781983,3268.939804048755,
warvir,XC324999.ogg,3617.578125,45335.14445478266,-2.5815154046601863,5.439134079896675,3714.4775390625,3611.193107672265,3604.095407080634,
warvir,XC325131.ogg,3789.84375,115.91970920562744,0.0,-1.5,3779.0771484375,3789.8335543271533,3789.823358654304,
warvir,XC325252.ogg,3585.99609375,143665.367603302,0.10344175431776176,-0.7425593088855411,3079.248046875,3567.2661461147263,3548.537528267814,
warvir,XC325272.ogg,2714.3798828125,927950.1521587372,-0.9141051619607774,-0.6718509814621174,1119.7265625,2504.0658817660037,2240.395052352967,
warvir,XC325482.ogg,,
warvir,XC325655.ogg,3673.564453125,81.14379644393921,-0.3436215967445456,-1.153061224489796,3671.4111328125,3673.5556132279708,3673.546768876966,
warvir,XC328312.ogg,,
warvir,XC328736.ogg,,
warvir,XC330365.ogg,,
warvir,XC333892.ogg,5149.602194393382,28829.087038091166,-1.3892350429161817,1.9368152505839014,5307.9345703125,5146.796787459847,5143.898645770884,
warvir,XC349068.ogg,3215.413890165441,104509.57312303432,3.081454660711409,9.100629683053006,3154.6142578125,3202.153723091803,3190.9506620179222,
warvir,XC349070.ogg,3588.9793395996094,86174.03406709913,0.0073415885730707025,2.077480307765202,3337.646484375,3577.16815713273,3565.051562293683,
warvir,XC355256.ogg,,
warvir,XC355257.ogg,,
warvir,XC363995.ogg,,
warvir,XC367708.ogg,1723.7548828125,2935754.7582685947,-0.003742316959070659,-1.9542828055132588,0.0,0.0,0.0,
warvir,XC368288.ogg,3893.203125,906399.3902206421,-3.4968036529135538,11.86784809327516,4177.44140625,3253.7640055341485,717.2983141155937,
warvir,XC369690.ogg,43.06640625,46.36788368225098,0.0,0.0,43.06640625,42.6056483834158,42.130180027173914,
warvir,XC369697.ogg,,
warvir,XC370503.ogg,6.233295641447368,29.827293596769632,-0.3198010745334155,-1.897727272727273,10.7666015625,0.0,0.0,
warvir,XC370929.ogg,3402.24609375,179422.63353954663,0.367685523184859,-0.9940818396347377,2982.3486328125,3378.5498702102586,3355.440504982954,
warvir,XC371740.ogg,5828.719075520833,2127903.755307197,-0.2662337306920283,-0.34611742981274185,3509.912109375,5632.35428456459,5415.816918794112,
warvir,XC372858.ogg,3176.1474609375,79926.63949728012,0.7073950147643989,-1.4967387377533405,2982.3486328125,3165.3691595119312,3155.031993775437,
warvir,XC375078.ogg,2657.197265625,3259837.390422821,-0.8088353803186156,-1.2655452637879543,3951.3427734375,1113.8848795659321,200.12305526886732,
warvir,XC375079.ogg,3138.2080078125,41007.97712802887,3.4150557850478966,11.424903308732821,3057.71484375,3132.735021102854,3127.908955728366,
warvir,XC375893.ogg,3405.322265625,2170160.4759693146,-2.041088807216014,2.166334312485378,3951.3427734375,2200.5960033099323,411.9022790882581,
warvir,XC375894.ogg,3720.3502308238635,11693.137212233109,-2.2574610456863007,4.300320068313805,3714.4775390625,3718.858015827512,3717.29925513796,
warvir,XC376564.ogg,4000.6206805889424,450289.3970572032,0.024486523516946964,-1.5094793938014703,3466.845703125,3945.8603093034117,3891.0974389529288,
warvir,XC377366.ogg,,
warvir,XC377368.ogg,3741.39404296875,38.63990306854248,0.0,-2.0,3736.0107421875,3741.390170088489,3741.38629721223,
warvir,XC377370.ogg,4653.656475360577,808369.0644456791,-0.7706212891258234,-1.2127091478520349,5114.1357421875,4563.620131936246,4465.074695599289,
warvir,XC377522.ogg,,
warvir,XC377751.ogg,3683.7158203125,23084.582090377808,-0.41862717501413055,-1.3986695388516888,3477.6123046875,3680.999272307565,3678.2536839131317,
warvir,XC378143.ogg,3635.5224609375,141422.04523086548,-0.8043094261025283,-0.3651017650685495,3046.9482421875,3615.9310503670495,3595.07920658722,
warvir,XC378144.ogg,3715.673828125,8958.396350636202,0.7704980537194274,0.43734092353159815,3639.111328125,3714.5488077697123,3713.437011705757,
warvir,XC378147.ogg,3597.3907470703125,40245.39104104042,0.9500508525354012,-0.9256426767323265,3466.845703125,3592.3147264722215,3587.4098470885015,
warvir,XC378261.ogg,,
warvir,XC378263.ogg,3714.4775390625,8531.69059753418,-0.6641188858174911,-1.4998227788279777,3596.044921875,3713.5106375468517,3712.534120013193,
warvir,XC378264.ogg,,
warvir,XC378576.ogg,9759.92431640625,38938.48413770849,0.34424143953468406,-1.8561737050946585,9593.0419921875,9758.103641338937,9756.291330625252,
warvir,XC381167.ogg,3375.32958984375,38.63990306854248,0.0,-2.0,3369.9462890625,3375.3252969376845,3375.3210040370814,
warvir,XC381506.ogg,4330.865478515625,330605.53064812784,-1.4530201937045384,1.1928772784832162,4338.9404296875,4288.193651534009,4238.552021260784,
warvir,XC381527.ogg,4088.6985085227275,143363.91990496352,2.044360644031935,2.7842114712564365,3929.8095703125,4073.4951447376516,4059.917577494784,
warvir,XC381700.ogg,4281.830630095109,465538.1339764878,0.25179622538445173,-0.7197031533564124,3294.580078125,4230.109149154807,4178.843998889456,
warvir,XC383037.ogg,,
warvir,XC383038.ogg,,
warvir,XC383957.ogg,4097.364807128906,9690.404690802097,1.4460353167636493,0.7294233005041257,4026.708984375,4096.280127252868,4095.219037140724,
warvir,XC388724.ogg,,
warvir,XC389987.ogg,3344.82421875,33655.3555727005,-0.7043678271291478,-1.5000000000000002,3133.0810546875,3341.396202802928,3337.8977352282272,
warvir,XC390609.ogg,3270.976374699519,248142.5446519485,-0.5825390684060898,0.121941900099793,3283.8134765625,3231.100556109399,3187.3534819140573,
warvir,XC395219.ogg,3926.220703125,38.63990306854248,-0.7071067811865475,-1.5,3929.8095703125,3926.217420622997,3926.214136121912,
warvir,XC401111.ogg,4648.095703125,329399.10167455673,-0.7048602711112735,-1.4643113769062377,5017.236328125,4612.150495409399,4574.289704635941,
warvir,XC401112.ogg,4758.837890625,145292.7555208621,-1.5871301637801454,0.8483198840280801,4866.50390625,4742.821821392947,4725.344456857405,
warvir,XC401113.ogg,4538.2421875,97138.72577385469,-1.5740392155047973,2.745083856614551,4554.2724609375,4526.884276362687,4514.524518419206,
warvir,XC408224.ogg,,
warvir,XC410320.ogg,,
warvir,XC415056.ogg,859.3705610795455,2072431.5298578958,1.0205925007961245,-0.9582359983476905,21.533203125,71.72353458353598,22.16282860012276,
warvir,XC416170.ogg,3475.7123161764707,124805.46632672059,-0.09535068361357496,-1.2293388071966995,3025.4150390625,3458.605543466592,3441.3589290412674,
warvir,XC418280.ogg,,
warvir,XC419781.ogg,3345.928485576923,35377.803559486674,-2.3369492681109625,5.284344358509392,3337.646484375,3340.573876328988,3334.6905694528305,
warvir,XC419787.ogg,3563.7451171875,77.27980613708496,0.0,-1.0,3563.7451171875,3563.736985285375,3563.7288533646934,
warvir,XC420588.ogg,,
warvir,XC420807.ogg,,
warvir,XC420859.ogg,3073.86474609375,158736.2345240333,-0.17239716437764127,-1.4183800275449368,2767.0166015625,3049.640151093372,3025.0109085336544,
warvir,XC421831.ogg,3539.984341325431,224307.77799466564,0.2510369010108627,-1.2857879639575232,3122.314453125,3509.7659050841417,3480.139564280392,
warvir,XC421861.ogg,3598.622840558979,212631.40597645668,0.27624737503828883,-1.5577686682534622,3176.1474609375,3569.967809592628,3542.0298449769207,
warvir,XC423138.ogg,3773.0478515625,434609.7696304321,1.2441343812150436,0.9732054024024785,3369.9462890625,3722.434230514668,3677.0341014820697,
warvir,XC423318.ogg,2.87109375,24.287939071655273,1.0552897060221726,-0.8863636363636362,0.0,0.0,0.0,
warvir,XC423572.ogg,,
warvir,XC423573.ogg,,
warvir,XC423610.ogg,,
warvir,XC423618.ogg,,
warvir,XC426262.ogg,4200.76904296875,21725.49103168731,-0.48806859518278317,-0.10978270788210054,4209.7412109375,4198.204621937716,4195.607043877844,
warvir,XC426263.ogg,3343.02978515625,57.95985460281372,0.0,-2.0,3337.646484375,3343.0254507727786,3343.0211163949275,
warvir,XC426267.ogg,3214.113898026316,51176.85688169379,-0.14287637782024995,-0.9501446622268794,3057.71484375,3206.4937542964,3198.802345905652,
warvir,XC426268.ogg,3357.8338623046875,312.5692158937454,0.2101837741197034,-1.466865488355774,3337.646484375,3357.793164529031,3357.7524948262176,
warvir,XC426269.ogg,,
warvir,XC426270.ogg,4613.48876953125,962.1335864067078,0.0,-1.646973435912324,4575.8056640625,4613.401873159421,4613.314977268686,
warvir,XC447398.ogg,4587.551047585227,218953.23028279975,-1.9992222003524693,2.6331216712288947,4801.904296875,4560.561148175732,4529.180577083091,
warvir,XC447400.ogg,3915.966796875,337756.91270828247,-0.3760934030986681,-1.462278026498165,3294.580078125,3872.8855217582445,3828.210191144385,
warvir,XC450899.ogg,3147.9886568509614,27096.97510187443,0.4463492491046393,-1.5235874022633733,2960.8154296875,3144.0705084079295,3140.21193929897,
warvir,XC450900.ogg,3869.562416888298,467981.2702848115,0.5734412427981982,-0.14285987482195361,4446.6064453125,3812.501331133402,3757.548582334204,
warvir,XC450901.ogg,3908.2763671875,437.91890144348145,-0.09570461374352478,-1.14878892733564,3919.04296875,3908.225927865714,3908.175471746317,
warvir,XC450902.ogg,4950.244140625,973692.2209403095,-0.12476132218518445,-1.6497270458605076,3962.109375,4854.2225536381375,4757.11538185761,
warvir,XC463080.ogg,5460.624556107955,3539465.0016806335,-1.8982794627765625,2.1105075273728113,6093.896484375,4762.8777093224035,3292.613771347829,
warvir,XC466718.ogg,4706.473055752841,1924160.034900362,-0.37776846042697726,-1.43854013285749,5641.69921875,4485.979181491287,4249.809404876588,
warvir,XC468236.ogg,519.0635279605264,51.11679922296516,-0.248738888950469,-0.7408949011446362,516.796875,519.0154683567471,518.967293784711,
warvir,XC469867.ogg,3679.8939098011365,14241.877909411083,1.4299169044312001,1.734353807518982,3606.8115234375,3678.070786869135,3676.29917429785,
warvir,XC472217.ogg,4672.705078125,84157.70888328552,-1.7739940337649882,1.5395382576073775,4834.2041015625,4664.404122135645,4655.48978177414,
warvir,XC473684.ogg,3591.73828125,155946.7847943306,-1.498606440142818,0.2481422655070724,3768.310546875,3572.3937980870533,3550.9990121330875,
warvir,XC476018.ogg,49.247233072916664,203.8518156645433,0.18184092409483546,-1.049920040942574,43.06640625,47.15922585637785,45.0528641028598,
warvir,XC476019.ogg,63.4033203125,11.55585886162018,-2.4748737341529163,4.124999999999994,64.599609375,63.30411995371576,63.195270040760875,
warvir,XC476020.ogg,38.759765625,30.911922454833984,-0.40824829046386296,-1.8333333333333333,43.06640625,38.3851408185062,37.99977022058824,
warvir,XC477046.ogg,3733.857421875,81.14379644393921,0.3436215967445456,-1.153061224489796,3725.244140625,3733.848733386858,3733.8400491816974,
warvir,XC477815.ogg,4033.88671875,38.63990306854248,-0.7071067811865475,-1.5,4037.4755859375,4033.8835239113323,4033.8803271788743,
warvir,XC478067.ogg,,
warvir,XC478700.ogg,,
warvir,XC478701.ogg,,
warvir,XC478702.ogg,,
warvir,XC479439.ogg,3387.1728515625,73625.80371725149,-0.022110084871816146,-1.6493301427377232,3025.4150390625,3376.6266079811676,3366.077851914005,
warvir,XC479797.ogg,3740.3173828125,1367.8525686264038,0.4071161707790171,-1.509551852915829,3703.7109375,3740.171446336716,3740.0258611132303,
warvir,XC480679.ogg,3427.3681640625,142459.80262756348,0.6890945994689929,-1.3913590828730373,3165.380859375,3408.8080668919583,3391.1717423079144,
warvir,XC481119.ogg,7290.185546875,957335.7984423637,-2.4282332339592916,3.9876968294523154,7633.5205078125,7215.660318043216,7121.335534656254,
warvir,XC481120.ogg,3988.611778846154,193288.68434979368,-0.40566273334440556,-1.5212285546227866,3402.24609375,3965.4720878990834,3941.697225320061,
warvir,XC482172.ogg,,
warvir,XC482282.ogg,3622.96142578125,38.63990306854248,0.0,-2.0,3617.578125,3622.957426298525,3622.953426820208,
warvir,XC482283.ogg,3856.8359375,126577.88246870041,1.6875753778764766,1.6385136953842743,3660.64453125,3843.4812899461967,3831.2719256312625,
warvir,XC482565.ogg,3447.61962890625,94219.15748944649,-0.5891936040723832,-1.3033100520483873,3003.8818359375,3434.4432542240825,3420.820028890655,
warvir,XC483711.ogg,3572.9736328125,750.7181167602539,0.8921209295913645,-1.0115160034602078,3552.978515625,3572.883962466354,3572.7946701409155,
warvir,XC483712.ogg,3435.812557444853,179414.3991600117,0.9021550068620524,2.2906648202085886,3046.9482421875,3411.2526798797753,3387.606253895934,
warvir,XC484140.ogg,3962.109375,32937.75737285614,-0.4294739312611122,-1.3922831227861836,4015.9423828125,3958.1764347633816,3954.193615488531,
warvir,XC484141.ogg,3854.443359375,455757.65669345856,0.286238247929154,-1.9140207274872547,3273.046875,3804.9708647488246,3757.5772303967697,
warvir,XC484142.ogg,3792.4072265625,443813.0798281693,-0.07971658288728298,-1.5767705861877896,3014.6484375,3733.9424845627605,3675.144923760431,
warvir,XC493324.ogg,6960.924574908088,8043.634527746369,-0.10018046360091538,-1.4719580283492466,6869.091796875,6960.380293108173,6959.835554878192,
warvir,XC494386.ogg,3680.709561434659,41138.198619539085,-0.6577250276837717,-1.3506320786555128,3822.1435546875,3675.2399788080966,3669.64224545031,
warvir,XC494387.ogg,2783.3296342329545,2876729.586662894,-0.9698970142586272,-0.991829811247396,64.599609375,1305.261966521092,260.17531373347526,
warvir,XC500121.ogg,3456.0791015625,27646.850645542145,0.4871758365287898,-0.9530894962839898,3305.3466796875,3452.4365257448,3448.8451940190207,
warvir,XC500146.ogg,3185.041610054348,59610.67955248913,-0.616493802719594,-0.27177261630766747,3283.8134765625,3175.754477742838,3166.1234270030245,
warvir,XC501577.ogg,4080.5419921875,91646.12209796906,0.13095758820578707,0.5308351341006641,4102.0751953125,4069.8320712971918,4059.0826822450204,
warvir,XC501578.ogg,4320.7200270432695,5494.2969863231365,2.6093286774830915,5.968830593111116,4274.3408203125,4320.149306846598,4319.594288806275,
warvir,XC501579.ogg,,
warvir,XC501580.ogg,3709.09423828125,292644.8258757591,1.4448352858512599,0.9139373075579362,3283.8134765625,3675.5739579247565,3645.8819104909926,
warvir,XC501581.ogg,3174.609375,209.75947380065918,0.271676526951981,-0.8760387811634347,3165.380859375,3174.581078779617,3174.5528039077094,
warvir,XC501582.ogg,3975.029296875,2398.927876823827,-0.7250522325766393,0.056909475322600045,3983.642578125,3974.7409168991508,3974.450806926749,
warvir,XC501583.ogg,3442.376154119318,143252.95215303244,1.287171151816356,1.8913833223259857,3456.0791015625,3423.4202744753516,3405.765421834679,
warvir,XC509631.ogg,3997.100830078125,95309.18490886688,0.35526104309878626,-1.257659701651032,3660.64453125,3986.0842130414912,3975.2513854041913,
warvir,XC512554.ogg,7044.9462890625,1414461.2086277741,-3.1530721853556782,8.191474063067988,7450.48828125,6887.891877144717,6634.43114823041,
warvir,XC512555.ogg,,
warvir,XC512556.ogg,,
warvir,XC534677.ogg,3031.212439903846,72382.40648416373,-0.09568756836409946,-1.361228610561393,2820.849609375,3019.6165621361083,3007.9407521278977,
warvir,XC538106.ogg,1306.34765625,2639076.0665515373,0.8034812385706098,-1.336783042805073,204.5654296875,516.7044650699042,297.08848389510615,
warvir,XC538109.ogg,3787.2802734375,96977.32472419739,-1.2383765289925692,0.680721914282088,3574.51171875,3774.1321785803602,3759.9589975943477,
warvir,XC541381.ogg,,
warvir,XC550356.ogg,3083.7813527960525,144839.3040268045,0.43104640004165146,-1.0925480815799298,2648.583984375,3062.0914304748376,3041.057210650029,
warvir,XC550438.ogg,,
warvir,XC552472.ogg,,
warvir,XC552548.ogg,,
warvir,XC552551.ogg,3538.8888888888887,159968.1611508131,2.4140214522273102,6.1910003385297525,3423.779296875,3519.6785211754614,3503.0495882919286,
warvir,XC553408.ogg,3642.2216796875,153270.2104178342,0.0006786622714249155,-1.5558565779720992,3348.4130859375,3621.5378662430558,3600.8658889910457,
warvir,XC557424.ogg,4330.865478515625,172153.94086458467,0.12076068895552967,-1.3214498009151248,4231.2744140625,4312.6897446854,4294.616655592223,
warvir,XC558026.ogg,4074.3896484375,4515.348672866821,-1.3225512508805306,0.21598836687968204,4102.0751953125,4073.908145701137,4073.420052811242,
warvir,XC559008.ogg,,
warvir,XC559672.ogg,,
warvir,XC560044.ogg,,
warvir,XC560045.ogg,122.200927734375,1308.9775584245983,0.7810660428983581,-0.7638912551626782,107.666015625,117.58565905572485,113.5068339253475,
warvir,XC560476.ogg,3314.7674560546875,1372.4065572023392,0.24778218296531015,-1.2525132573043138,3273.046875,3314.5866193280403,3314.406090589874,
warvir,XC561347.ogg,,
warvir,XC561424.ogg,3968.646240234375,277918.2694852352,0.25273003460362575,-0.6514081757188501,4823.4375,3935.1023202992906,3901.8203584550047,
warvir,XC564489.ogg,,
warvir,XC564583.ogg,3745.510684742647,407485.0530834759,1.0283142207980607,-0.6595522486060501,3402.24609375,3699.0333206148803,3657.3596555012546,
warvir,XC566394.ogg,3259.495807516164,47976.769301398046,0.19929142436749592,1.692791068923527,3122.314453125,3252.2588788203134,3244.979550636888,
warvir,XC568593.ogg,3689.483642578125,439842.7699506283,0.6361892800562629,-0.9502797785289689,3596.044921875,3635.084520225939,3584.1587596886975,
warvir,XC570856.ogg,1869.08203125,2054905.373096466,-0.40412674300534324,-1.8306828935318267,172.265625,960.2190746057855,400.09925973753144,
warvir,XC575606.ogg,3373.9837646484375,173135.74567437172,0.30164660537071125,-1.6601479435878645,2950.048828125,3350.3717105379665,3327.3941352775446,
warvir,XC575609.ogg,3664.6820068359375,57711.18812984036,-1.1360813615399004,0.549253795050578,3822.1435546875,3656.626224625906,3648.118253332595,
warvir,XC575612.ogg,3537.9052734375,2585.009515285492,-0.35736484178155464,-1.7602706670152224,3477.6123046875,3537.6120960309695,3537.3180363308747,
warvir,XC575613.ogg,3834.782608695652,81087.44022167719,-0.3351916783814756,-1.1079039871582965,3703.7109375,3824.4654962504933,3813.9581694171675,
warvir,XC575614.ogg,3800.6103515625,386.3990306854248,0.0,-1.64,3779.0771484375,3800.572225873945,3800.53410029248,
warvir,XC575615.ogg,,
warvir,XC575821.ogg,3944.10620517418,32738.5130202184,0.5124703147048447,-0.34580194618610216,3779.0771484375,3940.078709507384,3936.1057581990485,
warvir,XC575824.ogg,4060.1010529891305,404635.28611470986,0.233448271154271,-1.5075052284634676,3305.3466796875,4011.611537079095,3964.3211424224214,
warvir,XC575825.ogg,3750.861227101293,51993.41577702555,-1.2856552650111912,4.219852714530532,3843.6767578125,3743.7320103124243,3736.083000180711,
warvir,XC575826.ogg,4218.023212139423,182827.67366904477,0.8719910637795317,-0.9676886037029924,3929.8095703125,4199.020181622218,4181.060517716425,
warvir,XC575828.ogg,3696.0205078125,1070.8773136138916,0.6688723706395696,-1.1007811669677965,3682.177734375,3695.8967825018303,3695.7735077609436,
warvir,XC575830.ogg,4630.792236328125,270860.04719138145,-1.6818117833900708,0.8672849038951633,4888.037109375,4598.393711072584,4561.4893340285025,
warvir,XC575831.ogg,3800.6103515625,421655.42224179144,0.4478406484848391,-0.4925807064119434,3531.4453125,3748.6833182434507,3697.986802926738,
warvir,XC575832.ogg,3916.8896484375,81.14379644393921,0.3436215967445456,-1.153061224489796,3908.2763671875,3916.881365764431,3916.873086984012,
warvir,XC575833.ogg,3627.3876953125,51641.29372618415,-0.7624460791678593,-0.4339953823358229,3746.77734375,3620.178788123555,3612.719226475155,
warvir,XC575834.ogg,3899.0478515625,364.3190860748291,0.5459708300428705,-0.971763085399449,3886.7431640625,3899.0078721544896,3898.9679583732054,
warvir,XC575841.ogg,,
warvir,XC575856.ogg,4150.166015625,3707.2227001190186,0.20957356799839055,-0.9994297706205768,4166.6748046875,4149.749918925181,4149.334606490115,
warvir,XC578145.ogg,3689.483642578125,439842.7699506283,0.6361892800562629,-0.9502797785289689,3596.044921875,3635.084520225939,3584.1587596886975,
warvir,XC580361.ogg,4220.5078125,136465.09766578674,-0.5108093385875525,-0.2538477853506089,3596.044921875,4204.495002045141,4187.892612491887,
warvir,XC581102.ogg,3.076171875,24.839937686920166,0.9486832980505138,-1.1,0.0,0.0,0.0,
warvir,XC582235.ogg,3356.488037109375,5611.42908115136,0.8755731200214231,-1.1357274795104055,3305.3466796875,3355.7037576101397,3354.929426418759,
warvir,XC582237.ogg,3402.24609375,454559.81969833374,2.040633033805935,2.1653463586427897,3154.6142578125,3355.9159441706497,3318.9196716311862,
warvir,XC582693.ogg,4551.580810546875,786.5980267524719,-0.17495630846083682,-1.4756786703601106,4575.8056640625,4551.505150269869,4551.429439098611,
warvir,XC600073.ogg,3316.11328125,39992.29967594147,2.0171121401847607,2.1117398305678083,3229.98046875,3311.2990959182634,3306.8213387925084,
warvir,XC602574.ogg,3817.8369140625,19277.447640895844,-0.40135473230493773,-1.8233414172634996,3660.64453125,3815.7988724234197,3813.743964345811,
warvir,XC602575.ogg,4320.343572443182,742120.0859655035,0.05016722649180057,-1.3540426653320365,3962.109375,4241.004070362787,4161.456400156804,
warvir,XC610198.ogg,4801.904296875,77.27980613708496,0.0,-1.0,4801.904296875,4801.898261773068,4801.892226663535,
warvir,XC611814.ogg,49.91787997159091,122.2426024350253,-0.3841972514007962,-0.8564209274673016,53.8330078125,48.695530037022586,47.373046875,
warvir,XC611933.ogg,2215.7666015625,81.14379644393921,0.3436215967445456,-1.153061224489796,2207.1533203125,2215.7519651968664,2215.737340966495,
warvir,XC613103.ogg,3492.178883272059,95343.10847082558,-1.3518639806079873,0.3472655003250087,3509.912109375,3478.1829107559056,3462.9886344590627,
warvir,XC615188.ogg,3448.9013671875,11591.970920562744,-0.806543672290906,-0.9916687500000001,3531.4453125,3447.3829115581157,3445.8401304167965,
warvir,XC615190.ogg,3895.9716796875,23716.408197696393,-2.77078606324292,6.577662533255495,3951.3427734375,3892.925800826633,3889.6426106166205,
warvir,XC615193.ogg,3611.1181640625,157879.331946373,-0.49632343495604225,-1.5980887735081957,3186.9140625,3589.881178291275,3567.944195264132,
warvir,XC615197.ogg,3926.220703125,231402.38778344516,0.7184731473172027,0.011827547202173605,3714.4775390625,3898.891664392619,3872.615216896642,
warvir,XC615198.ogg,4207.587890625,311947.66545295715,-1.750243393331755,2.100719413910965,4532.7392578125,4167.673335987118,4119.971908160763,
warvir,XC615199.ogg,,
warvir,XC80735.ogg,,
