primary_label,filename,mean,variance,skewness,kurtosis,mode,gmean,hmean
webwoo1,XC113057.ogg,7069.171142578125,3063.472315021183,-0.5251726151557463,-0.6380319878586009,7052.1240234375,7068.962923829155,7068.754137161591,
webwoo1,XC116951.ogg,,
webwoo1,XC119118.ogg,,
webwoo1,XC119159.ogg,,
webwoo1,XC119924.ogg,,
webwoo1,XC120679.ogg,,
webwoo1,XC126005.ogg,,
webwoo1,XC131605.ogg,,
webwoo1,XC139009.ogg,4263.57421875,133423.58529567719,1.7734088391240803,2.329495146818278,4069.775390625,4250.5278244708015,4238.562835389354,
webwoo1,XC144180.ogg,5485.247039794922,864721.8696406403,-1.4340396798213284,5.546072621117878,4941.8701171875,5359.249995606797,5039.947946303833,
webwoo1,XC147122.ogg,10.4248046875,11.09932699511128,-0.7861391992811976,7.336312162200807,10.7666015625,0.0,0.0,
webwoo1,XC147415.ogg,,
webwoo1,XC165960.ogg,7202.8564453125,289.7992730140686,0.0,-1.3,7181.3232421875,7202.840351694514,7202.824258062154,
webwoo1,XC166830.ogg,4067.083740234375,83084.31510539616,-0.11128677209271008,-1.128553273041069,4155.908203125,4056.979763440692,4046.8061906309663,
webwoo1,XC167614.ogg,9.5703125,70.83982229232788,0.17816579452322398,-1.146694214876033,10.7666015625,0.0,0.0,
webwoo1,XC167615.ogg,4114.146839488636,3287.46538947929,-0.2992304157040496,-1.4298466926395383,4166.6748046875,4113.758314734087,4113.36872421204,
webwoo1,XC175060.ogg,4427.5771030159885,773034.5221730167,0.9440183367797841,0.4791980740090658,3283.8134765625,4348.863767461866,4275.908332399643,
webwoo1,XC202244.ogg,5869.951171875,81.14379644393921,-0.3436215967445456,-1.153061224489796,5867.7978515625,5869.945640693474,5869.940107769682,
webwoo1,XC214324.ogg,4761.178456182065,8366.37901223224,-1.4744594917274292,1.6727288742654567,4780.37109375,4760.302223331662,4759.408888325047,
webwoo1,XC215193.ogg,7138.2568359375,198.71950149536133,0.0,-1.0000000000000002,7127.490234375,7138.244656492795,7138.2324770273135,
webwoo1,XC233974.ogg,4934.6923828125,241982.39296674728,0.5735929958618906,-1.4783208720283982,4694.23828125,4913.58907263734,4893.2616462201595,
webwoo1,XC234119.ogg,7397.960316051136,33071.58567350019,-0.05897850836224775,-1.8046761862073062,7192.08984375,7395.79036026956,7393.618729200322,
webwoo1,XC241499.ogg,,
webwoo1,XC241558.ogg,6715.966796875,17272.794316796695,-0.04955273095236431,-1.6076782044889517,6556.8603515625,6714.751329420141,6713.535146923603,
webwoo1,XC241588.ogg,1.07666015625,11.591970920562744,2.6666666666666665,5.1111111111111125,0.0,0.0,0.0,
webwoo1,XC248204.ogg,1129.0888247282608,7601.21729534134,4.086587371008533,15.854443427106482,1108.9599609375,1126.398712906835,1124.1432104150588,
webwoo1,XC248300.ogg,,
webwoo1,XC249015.ogg,6029.296875,35239.59159851074,0.9445234785262487,-1.099142284164358,5910.8642578125,6026.836045497245,6024.419856695173,
webwoo1,XC249899.ogg,4115.778142755682,11153.583656657825,0.3695493413232724,-1.247810304519896,4015.9423828125,4114.553316324833,4113.335741925688,
webwoo1,XC249900.ogg,78.955078125,38.63990306854248,0.7071067811865475,-1.5,75.3662109375,78.79657315039701,78.64300271739131,
webwoo1,XC250138.ogg,3672.0444623161766,11243885.34258832,-0.11822711948024131,-1.9850347736730398,183.0322265625,1318.8682234269625,404.35370158962826,
webwoo1,XC250201.ogg,,
webwoo1,XC250202.ogg,,
webwoo1,XC250204.ogg,918.39111328125,3384496.157705784,1.4999001573709543,0.24989048645557288,43.06640625,111.73281286158424,54.15203517299448,
webwoo1,XC250876.ogg,,
webwoo1,XC258254.ogg,3825.339889526367,109415.986770764,1.334472637763923,0.5955940956628805,3596.044921875,3812.195827549288,3799.944094291593,
webwoo1,XC258255.ogg,4197.18017578125,76861.79264025255,0.3972555470121958,-1.7207749665925134,3962.109375,4188.914880216612,4180.797380750589,
webwoo1,XC258256.ogg,4012.8021240234375,700.3482431173325,0.09326333357376723,-1.2570813843453088,3983.642578125,4012.718527200642,4012.634963104099,
webwoo1,XC258257.ogg,4390.689579133064,65590.61223460782,-0.17769996764062443,-1.1682202259142662,4500.439453125,4383.396048704752,4376.045597272613,
webwoo1,XC258258.ogg,6078.8232421875,7372.493505477905,-2.6242193352149235,4.978747031513932,6104.6630859375,6078.264302294062,6077.691905913943,
webwoo1,XC258259.ogg,5764.565142463235,7880613.913167926,0.12093547912529842,-1.7094449158302294,2400.9521484375,5076.154742750739,4431.538030074476,
webwoo1,XC258260.ogg,4580.291748046875,20583.200365304947,-0.4237330876224669,-1.1584280399581484,4371.240234375,4578.086747613008,4575.8619630380745,
webwoo1,XC261963.ogg,3495.7455283717104,18315.99194752543,0.8602759163073675,-0.23310244751558784,3369.9462890625,3493.3135160195643,3490.9310780606575,
webwoo1,XC261964.ogg,7381.2744140625,10775.012969970703,0.9161245376089993,-1.0367217418872616,7299.755859375,7380.653693795426,7380.0378996971485,
webwoo1,XC261965.ogg,7685.2001953125,16352.406978607178,0.01117339366519819,-1.9521508046831357,7568.9208984375,7684.242742061607,7683.2855093165035,
webwoo1,XC261966.ogg,666.5505149147727,4485338.214332406,2.8460175239632335,6.099890843095022,32.2998046875,45.479322659205096,29.596857786269553,
webwoo1,XC261967.ogg,7272.349964488636,127937.4216036363,0.45245006614165434,-1.662810442686306,7149.0234375,7264.459422123744,7256.684672806591,
webwoo1,XC275357.ogg,4771.39892578125,5396545.462310314,-1.7840385423217073,1.191627630208159,5673.9990234375,2413.306431626999,188.47564616157985,
webwoo1,XC275358.ogg,4135.970052083333,18089.74949213175,1.1627780960044565,-0.0013078904384675738,4069.775390625,4133.9136903245335,4131.906360507698,
webwoo1,XC276024.ogg,3369.9462890625,106472.2529053688,-1.8227538469993831,1.499409801172634,3456.0791015625,3353.413564377378,3334.7644672845263,
webwoo1,XC293777.ogg,7.177734375,38.63990306854248,-0.7071067811865475,-1.5,10.7666015625,0.0,0.0,
webwoo1,XC296561.ogg,4956.6741943359375,276021.65467316104,-0.1504950981511935,-1.3618295430945278,4349.70703125,4929.237914123005,4901.453688818227,
webwoo1,XC296679.ogg,3205.62744140625,46260.782487508724,0.7393591626845056,-0.04950044021610811,3036.181640625,3198.778467197917,3192.1192859511643,
webwoo1,XC303163.ogg,2485.888671875,1299154.0409624577,1.336628364804121,-0.20604510287785782,1927.2216796875,2311.5878310744547,2191.227196737394,
webwoo1,XC325637.ogg,6135.829564144737,3398.9556839591583,1.2368914212651536,0.7616180080696435,6083.1298828125,6135.569130823431,6135.31064895956,
webwoo1,XC327920.ogg,,
webwoo1,XC329194.ogg,,
webwoo1,XC333635.ogg,,
webwoo1,XC343513.ogg,111.97265625,3976.0460257530212,-1.445615055692068,0.1780168127225905,139.9658203125,0.0,0.0,
webwoo1,XC367652.ogg,39.4775390625,521.6386914253235,-0.2037037037037037,-1.7129629629629628,53.8330078125,31.980606640294884,24.635444253177965,
webwoo1,XC367653.ogg,5912.060546875,8323091.5946685355,-1.578982592830487,0.5618464395075731,10.7666015625,0.0,0.0,
webwoo1,XC377296.ogg,1246.533203125,891.9377624988556,2.2557420788279128,3.5141667426918115,1238.1591796875,1246.2255247267035,1245.9278834200868,
webwoo1,XC387712.ogg,5255.537109375,885336.6458169345,-0.2138478812917441,-1.839627431591444,6115.4296875,5171.13250374291,5085.524963455162,
webwoo1,XC387921.ogg,7138.2568359375,309.11922454833984,0.24803918541230535,-1.5781250000000002,7127.490234375,7138.238283784863,7138.219738637888,
webwoo1,XC394821.ogg,3012.3646129261365,33680.16414682973,0.2511710611157787,0.3372913048020858,2853.1494140625,3006.972077349482,3001.602360631097,
webwoo1,XC401207.ogg,,
webwoo1,XC421135.ogg,1702.91748046875,4050856.7420840263,0.7070976756198025,-1.499974245770705,398.3642578125,888.3400239064122,578.3732763682165,
webwoo1,XC421136.ogg,4211.252312911184,20631.384033905833,-0.5842735302978112,0.9600455289019263,4209.7412109375,4208.809052741014,4206.326776666913,
webwoo1,XC423602.ogg,1179.7119140625,3685275.2351760864,0.9505921223469369,-1.0934184347159654,53.8330078125,187.9472244625992,76.22498780168753,
webwoo1,XC424722.ogg,,
webwoo1,XC426199.ogg,10.7666015625,115.91970920562744,0.795495128834866,-0.18750000000000044,10.7666015625,0.0,0.0,
webwoo1,XC427420.ogg,4890.1904296875,81.14379644393921,-0.3436215967445456,-1.153061224489796,4888.037109375,4890.183789899356,4890.177147599843,
webwoo1,XC427421.ogg,5067.48046875,38.63990306854248,-0.7071067811865475,-1.5,5071.0693359375,5067.4779258580365,5067.475381766035,
webwoo1,XC431396.ogg,,
webwoo1,XC443179.ogg,5468.280029296875,295366.33238196373,-2.2927909293619777,3.7364865577952653,5447.900390625,5437.367806490415,5400.785655021659,
webwoo1,XC445019.ogg,,
webwoo1,XC445973.ogg,4307.40966796875,73216.03479293677,-1.853022426927873,3.419624303574408,4209.7412109375,4298.827713866184,4289.477604278594,
webwoo1,XC449523.ogg,,
webwoo1,XC449726.ogg,,
webwoo1,XC463698.ogg,,
webwoo1,XC465827.ogg,,
webwoo1,XC47633.ogg,,
webwoo1,XC476753.ogg,,
webwoo1,XC489506.ogg,3863.671875,2991.832494735718,-0.8987445741497566,-1.0868894759058294,3886.7431640625,3863.337363893408,3863.0002229170154,
webwoo1,XC493987.ogg,4677.415466308594,75780.09489923716,-1.3154356623011452,-0.0009138290749985956,4844.970703125,4669.407943113463,4660.98016565508,
webwoo1,XC494095.ogg,4467.28515625,209913.02438320653,-1.6501486184624725,6.341731866461965,4285.107421875,4440.045427567895,4406.879263975364,
webwoo1,XC494096.ogg,4227.685546875,38.63990306854248,-0.7071067811865475,-1.5,4231.2744140625,4227.68249857209,4227.67944854503,
webwoo1,XC495572.ogg,7099.4970703125,829.4699192047119,0.31867072947928854,-0.7899386597739282,7105.95703125,7099.444536873253,7099.392045869945,
webwoo1,XC498225.ogg,,
webwoo1,XC507228.ogg,4847.662353515625,1026900.6734066888,0.7989181536257689,-1.2372357044012572,4134.375,4755.774244217883,4673.839211654317,
webwoo1,XC517952.ogg,34.6923828125,51.51987075805664,-0.2099223256647563,-0.62109375,32.2998046875,33.984465693967685,33.22265625000001,
webwoo1,XC517953.ogg,281.8316291360294,40039.17897010551,-0.17083840142007642,-1.388192636294656,333.7646484375,172.98525833066006,84.57190719832825,
webwoo1,XC519349.ogg,329.8256478658537,13184.453267149807,0.14961892629456308,-1.9620802577764016,226.0986328125,310.395791670497,292.66932527173356,
webwoo1,XC519350.ogg,117.9840087890625,19.525482933571997,-0.3131933916891523,2.935180055401662,118.4326171875,117.90205469691267,117.81897668393782,
webwoo1,XC519351.ogg,479.2050119173729,821464.5111630495,3.6596544484287232,13.879429958898388,226.0986328125,221.04092445711913,98.7271477208604,
webwoo1,XC519352.ogg,3570.68359375,704650.386506861,-3.159215590291746,11.011421787792223,3262.2802734375,3134.357812960214,1232.8577983542152,
webwoo1,XC520862.ogg,26.318359375,32.1999192237854,0.22360679774997896,-1.95,21.533203125,25.78525430549052,25.278108016304348,
webwoo1,XC522314.ogg,5569.024658203125,3583.851009607315,-1.0806098772534491,-0.7230839648069978,5480.2001953125,5568.781696066377,5568.53709906377,
webwoo1,XC523899.ogg,5175.639953613281,840.4361181101709,0.01682813384816457,-1.0633363110702558,5157.2021484375,5175.559272787307,5175.478595907001,
webwoo1,XC523900.ogg,64.599609375,38.63990306854248,0.0,0.49999999999999956,64.599609375,64.34015641957853,64.07653561487854,
webwoo1,XC523901.ogg,208.6493130387931,169.02578288111195,0.5977818821720792,-0.4735464983564661,204.5654296875,208.26638637813312,207.8916758116598,
webwoo1,XC525551.ogg,4130.2734375,1476312.5685453415,-2.7034731475832627,5.427477563662777,4565.0390625,3655.112942937577,2544.8630670830557,
webwoo1,XC525552.ogg,5610.296630859375,19.31995153427124,0.6708724626184145,2.710775047258979,5609.3994140625,5610.294981335997,5610.293332374558,
webwoo1,XC529805.ogg,3974.5323768028848,370205.9389994694,1.4512327164683063,0.7819065100551668,3606.8115234375,3936.4552350886406,3902.949612250813,
webwoo1,XC539740.ogg,,
webwoo1,XC565736.ogg,6600.28564453125,2294894.327753577,-1.2608543996493278,-0.4097552588994322,7428.955078125,6387.417726660439,6130.4997082219,
webwoo1,XC578877.ogg,7379.133157169118,28155.684383650056,-0.32087762570771633,-0.13536748564563217,7288.9892578125,7377.233737862754,7375.323736138688,
webwoo1,XC579163.ogg,,
webwoo1,XC579164.ogg,,
webwoo1,XC583125.ogg,5389.2822265625,899406.1622252831,-0.22933236240410937,-1.3617286900511192,4694.23828125,5305.223450414799,5218.402835985685,
webwoo1,XC603441.ogg,2687.4373726222825,6172089.476792709,-0.0603115607419894,-1.7317637045405878,10.7666015625,0.0,0.0,
webwoo1,XC614544.ogg,6061.8233449835525,3822499.2202908834,-2.323334827309724,3.562088957847795,6901.3916015625,5196.462780197693,3260.8796864786027,
webwoo1,XC618843.ogg,7563.162018531977,8348.144639370052,0.303260826107151,-0.8950207339236398,7568.9208984375,7562.624198048953,7562.087632689706,
webwoo1,XC73595.ogg,917.852783203125,2754575.209915638,1.154575336977154,-0.66676227215742,21.533203125,0.0,0.0,
webwoo1,XC73596.ogg,5.38330078125,132.47966766357422,1.875,1.9375,0.0,0.0,0.0,
webwoo1,XC73597.ogg,23.92578125,22.53994345664978,1.3363062095621219,-0.2142857142857144,21.533203125,23.563512441694858,23.255859375,
webwoo1,XC74938.ogg,3235.0946044921875,5094.5494551869,-0.30789403609685445,-1.435668331602152,3154.6142578125,3234.310052324977,3233.5219494970106,
webwoo1,XC8072.ogg,3960.7635498046875,36858.99809947316,0.574940974991343,-0.12508525238005408,3929.8095703125,3956.24753585616,3951.8019980687404,
webwoo1,XC8073.ogg,5803.871154785156,596560.980476439,-0.4060979036941476,-1.6593010317221286,4812.6708984375,5753.643168398561,5701.892275260247,
