primary_label,filename,mean,variance,skewness,kurtosis,mode,gmean,hmean
wesmea,XC104522.ogg,3037.8380408653848,243370.4571769788,-0.1591937568777781,-1.909101626201533,3434.5458984375,2999.96807317001,2961.876218973537,
wesmea,XC104524.ogg,2887.24365234375,262786.11677885056,-1.7870111026078532,1.1966928055955526,3100.78125,2839.442758081405,2780.459503633249,
wesmea,XC11449.ogg,2326.124267578125,5704.164848515862,0.5197933740192218,-1.2855571636374015,2282.51953125,2324.971545407466,2323.8313530742385,
wesmea,XC11450.ogg,2474.1650390625,99810.18161773682,2.148255159036899,2.632476307829248,2347.119140625,2458.071179916675,2444.394651239221,
wesmea,XC128234.ogg,6.4599609375,34.77591276168823,-0.40824829046386296,-1.8333333333333333,10.7666015625,0.0,0.0,
wesmea,XC139883.ogg,2590.13671875,621776.7602205276,0.7891350653210909,-0.2596557642960162,1668.8232421875,2484.524029164111,2387.6732621571937,
wesmea,XC146077.ogg,3036.181640625,363794.68739032745,0.9481888511398321,-1.1002062673855488,2680.8837890625,2989.788874331505,2948.727617848744,
wesmea,XC151099.ogg,2940.478515625,1239.5074788261863,-0.7558332470260994,-1.0832790334825833,2960.8154296875,2940.2782721728763,2940.076850310907,
wesmea,XC156724.ogg,3237.158203125,38.63990306854248,-0.7071067811865475,-1.5,3240.7470703125,3237.1542213909324,3237.150236716149,
wesmea,XC158520.ogg,2532.491932744565,270598.295726795,-3.7819072470947495,14.067413978225552,2680.8837890625,2381.8899401845665,1901.1997439596435,
wesmea,XC161769.ogg,1819.5556640625,57.95985460281372,0.0,-0.5,1819.5556640625,1819.5429223437382,1819.5301804465273,
wesmea,XC161770.ogg,3495.230379971591,42507.97793174647,0.271649718426829,-1.7395670468268933,3262.2802734375,3489.342987814147,3483.5230869199518,
wesmea,XC161771.ogg,2433.251953125,772.7980613708496,-0.408248290463863,-1.0333333333333337,2390.185546875,2433.108599630726,2432.964816584798,
wesmea,XC161772.ogg,2586.1376953125,142259.10755207663,1.2192187606546878,-0.11747624882180663,2519.384765625,2562.4997023703754,2541.281782368705,
wesmea,XC161773.ogg,2389.794034090909,26794.469995932148,0.8351359474396962,-0.9222705537243896,2325.5859375,2384.479231830924,2379.358670089754,
wesmea,XC161774.ogg,2023.223876953125,214608.65618153053,1.786790288406176,1.1976837473975435,1830.322265625,1984.135918938372,1953.344852442498,
wesmea,XC161775.ogg,4215.12451171875,559439.0547817404,-3.0103394069620255,7.073632090615538,4414.306640625,4118.189392909463,3965.9470508895474,
wesmea,XC161776.ogg,1787.9287719726562,5169.536031782627,0.17514777494350517,-1.1602849616813293,1690.3564453125,1786.5782533395427,1785.2332268772107,
wesmea,XC161777.ogg,2280.126953125,14927.124906988705,-0.16313750756681566,-1.225301866349878,2196.38671875,2277.012519444402,2273.8781149151946,
wesmea,XC161778.ogg,3369.9462890625,6160.304546356201,0.3547914073097257,-0.7086368366285121,3251.513671875,3369.1503162440627,3368.3581625038187,
wesmea,XC161781.ogg,2918.7278053977275,93441.32195819508,-2.8311219437283768,6.051008671375055,3003.8818359375,2899.5796757782214,2875.683474618283,
wesmea,XC161783.ogg,2169.9188232421875,166531.05224280254,3.204449171839564,11.303598539695756,1873.388671875,2142.261969493596,2120.861242394623,
wesmea,XC161785.ogg,2932.36083984375,305717.8515425095,2.036110101211868,2.155684329353579,2691.650390625,2893.105503247338,2861.676506563001,
wesmea,XC167988.ogg,,
wesmea,XC172447.ogg,429.766845703125,945137.9090417987,1.8374020935110689,1.4463938882876022,0.0,0.0,0.0,
wesmea,XC172448.ogg,3514.21875,32076.271533966064,-2.0462865777431625,3.436200315991435,3552.978515625,3509.8086393069334,3505.072675732573,
wesmea,XC172625.ogg,13.033254523026315,58.97669415724905,-0.3084674798010708,-0.9205311137534684,10.7666015625,0.0,0.0,
wesmea,XC174388.ogg,,
wesmea,XC177797.ogg,,
wesmea,XC179914.ogg,2030.8502197265625,31.049922108650208,-0.5163977794943223,-1.7333333333333334,2034.8876953125,2030.8435248073033,2030.8368239880556,
wesmea,XC180277.ogg,177.64892578125,621.7511675574563,0.0,0.13272048261993685,172.265625,176.0048745386976,174.30961633211035,
wesmea,XC183009.ogg,30.643404447115383,54.987554366771995,0.17908420022696533,-0.7534696859021182,32.2998046875,29.80158169029556,28.958445581896555,
wesmea,XC184930.ogg,3182.427978515625,264411.978518421,-0.6209053571647816,-1.482373662988906,3466.845703125,3141.3744008764106,3097.9123367290417,
wesmea,XC184988.ogg,2853.1494140625,2646.83336019516,1.2544484834222682,-0.3614204273003354,2820.849609375,2852.727319337002,2852.3112847385414,
wesmea,XC184990.ogg,2736.2548828125,104692.05737113953,-2.0400549773354397,2.164083504730139,2853.1494140625,2716.837790254905,2694.0274569263274,
wesmea,XC185139.ogg,3120.7763671875,209.75947380065918,0.271676526951981,-0.8760387811634347,3111.5478515625,3120.7475832264445,3120.7188213511504,
wesmea,XC185140.ogg,2922.5341796875,33769.759991589715,-1.0808738157381206,-0.4295365167445513,2982.3486328125,2916.8145718320416,2910.8311695597126,
wesmea,XC185141.ogg,2117.431640625,32859.373569488525,1.7809412736134447,1.185737396335652,2034.8876953125,2111.501208854597,2106.078665751201,
wesmea,XC185142.ogg,3240.487634130271,12751.099884667678,-0.35163128700571383,-1.0185597558446715,3294.580078125,3238.5263245096658,3236.548067716358,
wesmea,XC185143.ogg,2730.6793212890625,239753.0085593462,-0.2707520487485937,-1.777305310797004,2174.853515625,2690.6733013508656,2649.8382331524144,
wesmea,XC185565.ogg,3164.1385591947114,846495.1162494145,0.9117530497614221,-0.7882408809022565,3337.646484375,3050.941691971589,2954.568405696475,
wesmea,XC185566.ogg,,
wesmea,XC185825.ogg,3007.796963778409,201375.1166517084,-1.150603054308712,-0.45060009636175735,2174.853515625,2971.3946593530522,2930.514253890307,
wesmea,XC185827.ogg,2598.666104403409,456196.74650105566,1.1231261068929934,0.002978816654493066,2077.9541015625,2529.235254931946,2469.9734286953576,
wesmea,XC185829.ogg,3214.599609375,535.4386568069458,0.6017525597486816,-0.9666808374960145,3208.447265625,3214.528412954998,3214.457405700185,
wesmea,XC185831.ogg,2417.8042204483695,8860.755953864147,-0.13134429284526336,-1.4018708071128756,2293.2861328125,2416.0442422613887,2414.278173267317,
wesmea,XC185835.ogg,2314.8193359375,28410.86691076105,-0.24543409593769644,-1.8402667101057508,2121.0205078125,2309.120542557164,2303.3673194397384,
wesmea,XC185839.ogg,2572.2020563089623,176261.5540013777,0.5908543214493238,-1.199167265164173,2637.8173828125,2540.2227253649385,2510.172304563984,
wesmea,XC185844.ogg,2291.1328125,146594.64025497437,2.665689846261688,5.108075122541514,2174.853515625,2268.4317330754793,2250.6526615742705,
wesmea,XC185846.ogg,3243.97705078125,4792.635977268219,1.904934774276261,2.739151345158449,3197.6806640625,3243.3286314643806,3242.696213223992,
wesmea,XC185848.ogg,2492.751593338816,11661.116010264346,0.04639792913121176,-1.889297332295662,2594.7509765625,2490.5373798196765,2488.327573870666,
wesmea,XC185850.ogg,2094.10400390625,81.14379644393921,1.1222634354993895,-0.36734693877551017,2088.720703125,2094.087905786712,2094.071854820993,
wesmea,XC185852.ogg,3170.76416015625,38.63990306854248,0.0,-2.0,3165.380859375,3170.759590288121,3170.7550204265704,
wesmea,XC186324.ogg,3661.8408203125,857.6543190900018,-2.989476777924698,9.008802706988478,3671.4111328125,3661.728466706571,3661.614327306623,
wesmea,XC186330.ogg,3127.099609375,46103.34896124326,-0.35914808071371057,-1.0129405918516834,2788.5498046875,3119.8619528264157,3112.4944017295347,
wesmea,XC186333.ogg,3127.099609375,46103.34896124326,-0.35914808071371057,-1.0129405918516834,2788.5498046875,3119.8619528264157,3112.4944017295347,
wesmea,XC186337.ogg,3030.912878158245,259155.5064822876,-1.141620298636193,-0.33771833365601767,2121.0205078125,2982.175876980837,2926.4551579967897,
wesmea,XC186683.ogg,2269.7160050675675,298788.446139645,1.053445149143033,-0.26065661080458913,2045.654296875,2213.226549205715,2164.2012142169615,
wesmea,XC186686.ogg,2130.563631924716,40157.908013141685,-0.1262515946882218,1.1294136829347403,2056.4208984375,2121.1384443176507,2111.4403836688352,
wesmea,XC186688.ogg,3090.552978515625,103149.93302916226,0.10723448196526704,-1.0886131442125855,3208.447265625,3074.70435219958,3058.917241413442,
wesmea,XC186691.ogg,2903.669621394231,59860.64060376241,-2.7199241262648925,6.558477389209008,2928.515625,2892.399985101732,2879.0343488253634,
wesmea,XC199592.ogg,3777.28271484375,296212.36045570933,-1.5276775652740384,0.9328580073587167,4015.9423828125,3733.285979264842,3681.3835309660185,
wesmea,XC205281.ogg,4028.2470703125,441.59889221191406,-0.6492551321033204,-1.07703125,4037.4755859375,4028.1999889244157,4028.152808853443,
wesmea,XC205382.ogg,3178.694398941532,236535.16921221287,2.9917999415635967,7.617112080126759,2993.115234375,3150.013546173282,3127.6587305921353,
wesmea,XC210104.ogg,,
wesmea,XC210355.ogg,3504.52880859375,38.63990306854248,0.0,-2.0,3499.1455078125,3504.52467395169,3504.5205393145166,
wesmea,XC210356.ogg,3404.2648315429688,90838.06512504816,-0.8077361770485492,-1.3440983317489794,3596.044921875,3391.1212271471004,3377.387229452078,
wesmea,XC210358.ogg,3369.9462890625,120346.73810005188,-2.0915935560656447,2.5858585447173352,3488.37890625,3349.9629788130937,3326.6545758128777,
wesmea,XC212944.ogg,2095.8984375,309.11922454833984,-0.3242298567374695,-0.28500000000000014,2099.4873046875,2095.836878569261,2095.775213519438,
wesmea,XC213060.ogg,2320.20263671875,178393.99248361588,0.8714171458869624,-1.2380800833130945,2056.4208984375,2288.522945391706,2260.0513555002963,
wesmea,XC213061.ogg,3101.2298583984375,129532.50505678031,0.06423971093041689,-0.3412273371392711,2583.984375,3081.0425767262877,3060.6830798743335,
wesmea,XC216664.ogg,2683.820134943182,138851.73895142294,2.826349923830171,6.033890464451254,2583.984375,2663.978782444542,2648.099107986144,
wesmea,XC216669.ogg,3361.4635120738635,255043.33883862605,-2.3103669536249725,3.3612314995803025,3574.51171875,3312.8638481429575,3249.5978986084815,
wesmea,XC217760.ogg,,
wesmea,XC232491.ogg,2811.0617897727275,305945.83469087427,0.11969042625776706,-1.8972580086208162,2400.9521484375,2761.80421321247,2713.9310408094198,
wesmea,XC232492.ogg,2072.57080078125,2947.6726055145264,-1.029031649803927,-0.7193536169675547,2088.720703125,2071.9377727137676,2071.2939860138226,
wesmea,XC232501.ogg,2792.318115234375,14328.591213414544,-0.3008207895241876,-1.1930567294176924,2745.4833984375,2789.857389939912,2787.3748042953835,
wesmea,XC232512.ogg,2679.80712890625,75370.99492549896,3.8634478635937506,13.622764693426557,2605.517578125,2669.076690498331,2660.430354582142,
wesmea,XC232514.ogg,2027.2468813004032,1338.436384354868,1.1197662304197233,0.5592567633269039,2013.3544921875,2026.931502301201,2026.6201580803402,
wesmea,XC246746.ogg,2257.3974609375,446698.3557831157,0.8210159440828241,-1.063183893682893,1701.123046875,2176.691964226035,2107.620476979846,
wesmea,XC246799.ogg,3305.814792798913,510821.04583502753,-0.45208559288471933,-1.4158889946398507,3768.310546875,3225.0472833362774,3139.2822980661126,
wesmea,XC252013.ogg,,
wesmea,XC253536.ogg,,
wesmea,XC253826.ogg,,
wesmea,XC254452.ogg,3381.3858032226562,2773.8620415329933,-0.081352076103374,1.923980708415053,3380.712890625,3381.0007646726635,3380.6151138681303,
wesmea,XC254453.ogg,2302.25830078125,203640.24444538006,1.3333063682624922,-0.21675123604686597,2067.1875,2266.1868467619456,2235.628023138299,
wesmea,XC254454.ogg,3413.0126953125,7428.941363873689,0.45396469464382444,-0.39862179174437395,3359.1796875,3411.9768562652916,3410.948122033519,
wesmea,XC254455.ogg,2973.4820197610293,414419.7792165419,1.6045048739767644,2.610417857997221,2519.384765625,2916.019614577875,2866.9915679961973,
wesmea,XC254533.ogg,1840.3789813701924,1699.6461978325474,0.3683599874007222,-1.197838266153304,1808.7890625,1839.9246436338406,1839.4727386047437,
wesmea,XC256623.ogg,,
wesmea,XC293806.ogg,2208.050537109375,1906.5279445864937,-0.575450357363757,0.2982495484529655,2185.6201171875,2207.6517141604877,2207.2497507594016,
wesmea,XC293807.ogg,2282.7821312881097,1243.1681984808388,-0.916986522020393,0.5852380949671541,2304.052734375,2282.513904473965,2282.2430647507254,
wesmea,XC293808.ogg,2854.6875,206778.68127822876,-0.28867511947260227,-1.9151410716367614,3219.2138671875,2822.5480943872226,2789.8374533110073,
wesmea,XC295286.ogg,,
wesmea,XC296614.ogg,,
wesmea,XC302251.ogg,3180.4541015625,150.69562196731567,0.27154541788363945,-1.044378698224852,3176.1474609375,3180.4351605254406,3180.416231230457,
wesmea,XC303685.ogg,8.074951171875,23.710849610241976,-1.1547005383792515,-0.666666666666667,10.7666015625,0.0,0.0,
wesmea,XC303686.ogg,,
wesmea,XC305684.ogg,,
wesmea,XC306749.ogg,3485.687255859375,736081.8734765053,-1.804477576965415,2.0465307632118055,3531.4453125,3347.2622510461492,3145.8453779939778,
wesmea,XC307449.ogg,2533.38134765625,52.80786752700806,-0.3656751497879556,-0.7055324211778702,2530.1513671875,2533.371961203841,2533.362568473048,
wesmea,XC307459.ogg,2445.21484375,186.75953149795532,-0.21451013203211164,-0.9675980975029725,2454.78515625,2445.180871867108,2445.146873901394,
wesmea,XC307460.ogg,2837.59765625,67294.61118578911,0.7624063422382352,-1.3129007747979344,2670.1171875,2827.476716547303,2817.8039447281753,
wesmea,XC310726.ogg,,
wesmea,XC310757.ogg,,
wesmea,XC317137.ogg,3391.4794921875,115.91970920562744,0.0,-1.5,3380.712890625,3391.468098920059,3391.4567056526184,
wesmea,XC320545.ogg,2229.5478515625,144058.44581723213,1.8075486398592941,1.3484938162570232,2024.12109375,2203.473167284969,2181.8004297716907,
wesmea,XC324378.ogg,2993.115234375,66.23983383178711,0.0,-1.0,2993.115234375,2993.105552132367,2993.095869858419,
wesmea,XC324379.ogg,2372.2412109375,38.63990306854248,0.7071067811865475,-1.5,2368.65234375,2372.235786949978,2372.2303684384437,
wesmea,XC325136.ogg,2767.0166015625,99613.67011070251,-0.2884807843340512,-1.9154529193431802,2433.251953125,2751.22122163509,2735.189048642199,
wesmea,XC325469.ogg,2977.2216796875,149416.08917713165,2.7565695215460098,5.601838468604479,2853.1494140625,2957.6913740506043,2941.7962961016774,
wesmea,XC325941.ogg,1988.5444972826087,2481.0483215354648,0.40439423543963765,-0.614919826172811,1981.0546875,1987.9513937193808,1987.3619213066816,
wesmea,XC325944.ogg,2144.9462890625,920.9176898002625,-1.0567058126453237,-0.4337009144701449,2164.0869140625,2144.753641166317,2144.559163277338,
wesmea,XC326695.ogg,3682.177734375,829637.3587846756,-0.7374805945076445,-0.3224446392844693,3714.4775390625,3559.1642550814763,3414.138334580152,
wesmea,XC326697.ogg,2918.287353515625,424576.98354438733,0.3572855095754363,-1.7829047245438707,2411.71875,2851.6676612073297,2789.3584417439233,
wesmea,XC327948.ogg,,
wesmea,XC337563.ogg,3406.8603515625,38247.98405170441,0.9440113534805868,-1.1020305829236239,3283.8134765625,3402.2008460880897,3397.6969739428155,
wesmea,XC337565.ogg,2973.37646484375,143321.0828199106,-1.3351575185587243,-0.21509794960517814,3165.380859375,2947.6262420995013,2918.8415397394906,
wesmea,XC337566.ogg,3166.81640625,64.03183937072754,-0.20330437886625505,-1.050535077288942,3165.380859375,3166.8069672623424,3166.797525127357,
wesmea,XC337567.ogg,2390.185546875,2569.553554058075,0.2543142218873132,-1.4055910452823785,2336.3525390625,2389.6909751985604,2389.198098563456,
wesmea,XC337568.ogg,2341.73583984375,596.158504486084,1.2177950120434984,-0.10185185185185208,2325.5859375,2341.6253306132317,2341.515688760678,
wesmea,XC337569.ogg,2488.351619944853,6344.899377402138,-0.10326877699933404,-0.4834216565545031,2476.318359375,2487.1479555150654,2485.9405390784,
wesmea,XC337570.ogg,2962.60986328125,14996.146380901337,-1.7713493303279473,1.1691218809837443,3003.8818359375,2960.4009153459983,2958.089349565227,
wesmea,XC337571.ogg,3031.396484375,61.17984652519226,0.8367210142534068,-0.5027700831024933,3025.4150390625,3031.3875266865807,3031.378581117426,
wesmea,XC337573.ogg,,
wesmea,XC337574.ogg,3314.4568810096152,6082.812433059399,-0.2517576799420161,-1.3474090873628422,3359.1796875,3313.6063838101486,3312.752608431822,
wesmea,XC337575.ogg,2752.1089993990386,21165.749980853154,3.03182117391157,7.52743613263072,2713.18359375,2748.883346654382,2745.9524899253634,
wesmea,XC337577.ogg,2939.2822265625,144800.27675628662,-0.5147960829648054,-1.732149359351575,2476.318359375,2916.6991903683884,2893.308465155663,
wesmea,XC337578.ogg,2623.4619140625,313992.3982059254,0.39725997142450026,-0.9362176002042282,1959.521484375,2568.228217312122,2514.7346581140882,
wesmea,XC339637.ogg,,
wesmea,XC341528.ogg,,
wesmea,XC341529.ogg,,
wesmea,XC341688.ogg,,
wesmea,XC341689.ogg,,
wesmea,XC341690.ogg,,
wesmea,XC341691.ogg,,
wesmea,XC342484.ogg,2610.90087890625,34.77591276168823,0.0,-2.0,2605.517578125,2610.8953291057337,2610.8897793170104,
wesmea,XC349624.ogg,2184.6413352272725,2607.1396415883846,1.1036033725673653,0.05530206140630778,2142.5537109375,2184.1074436331014,2183.582044795944,
wesmea,XC355270.ogg,,
wesmea,XC355271.ogg,,
wesmea,XC355284.ogg,2453.1287560096152,17153.144662196817,0.46613114896231456,-1.7656353247304144,2357.8857421875,2449.949947458071,2446.824713758143,
wesmea,XC355285.ogg,,
wesmea,XC355287.ogg,,
wesmea,XC355300.ogg,,
wesmea,XC355301.ogg,,
wesmea,XC355302.ogg,,
wesmea,XC355303.ogg,,
wesmea,XC355304.ogg,,
wesmea,XC355305.ogg,3917.6971435546875,136667.2671586275,0.5158981035826051,-1.732467501879932,3649.8779296875,3902.8556645228678,3888.502264350743,
wesmea,XC355306.ogg,3220.0113932291665,9344.25143095163,-1.865528744708808,1.6884739239589779,3273.046875,3218.560294173945,3217.053874920724,
wesmea,XC355344.ogg,2230.6440873579545,18264.730908653954,0.7722326593519286,-1.0600225386152746,2433.251953125,2227.024423794365,2223.510165217199,
wesmea,XC355345.ogg,3227.7138157894738,280687.71271329175,1.0765947680083323,-0.1466412326748774,2853.1494140625,3190.2607222294446,3156.5203830548426,
wesmea,XC355347.ogg,2196.38671875,0.0,0.0,-3.0,2196.38671875,2196.38671875,2196.38671875,
wesmea,XC355348.ogg,2402.3413873487902,29472.52374310647,3.47287946529789,10.256530679768954,2368.65234375,2397.2162442215413,2392.7911338368312,
wesmea,XC355349.ogg,2873.415958180147,374679.7753782833,0.31496620622116706,-1.8145806438638308,2390.185546875,2813.8702196243416,2757.6785120647914,
wesmea,XC355351.ogg,13.213556463068182,98.60702536322857,0.2834067850509268,-0.7071460482100895,10.7666015625,0.0,0.0,
wesmea,XC355352.ogg,,
wesmea,XC355354.ogg,,
wesmea,XC355355.ogg,,
wesmea,XC355356.ogg,661.6566051136364,1693827.221436934,2.0979965630338953,2.9056478807473356,107.666015625,206.49639206872274,137.9930871666306,
wesmea,XC355357.ogg,2947.5449672965115,111094.34270581535,-1.8585274171111752,3.460811220634964,2982.3486328125,2925.6718054207295,2899.5244344495886,
wesmea,XC355360.ogg,3300.9421608664775,29395.682622085915,0.09856187725424365,-1.5348329750940894,3079.248046875,3296.700841221103,3292.4740431677833,
wesmea,XC355361.ogg,1441.1295572916667,1057104.853804295,-0.7068687751406239,-1.4998492659737495,2164.0869140625,0.0,0.0,
wesmea,XC355363.ogg,,
wesmea,XC355365.ogg,,
wesmea,XC355366.ogg,,
wesmea,XC355367.ogg,2308.00048828125,34763.78782658742,-0.8590809153423904,-0.9508593977634776,2465.5517578125,2300.3498932971734,2292.33998351574,
wesmea,XC355368.ogg,,
wesmea,XC355369.ogg,,
wesmea,XC355370.ogg,2882.757568359375,76867.9398975589,-2.881290175065415,6.610818845879409,3003.8818359375,2867.755245800675,2849.371338397857,
wesmea,XC355371.ogg,3219.2138671875,84466.82810783386,0.946930389984518,-1.0995993383830736,3046.9482421875,3208.5118660109097,3198.3728220939483,
wesmea,XC355372.ogg,2698.3154296875,134240.54324626923,-0.20052555735561547,-0.29983862303129616,2185.6201171875,2673.7656883261507,2648.3968623313453,
wesmea,XC355373.ogg,,
wesmea,XC355374.ogg,,
wesmea,XC355375.ogg,,
wesmea,XC355376.ogg,,
wesmea,XC355377.ogg,,
wesmea,XC355378.ogg,2993.115234375,233385.01453399658,-0.8712672120404289,-1.237497258892154,3283.8134765625,2954.282936069434,2912.1279869664413,
wesmea,XC355379.ogg,2550.2490234375,2515521.721601486,-1.0382198424982079,-0.8998692665700911,3552.978515625,815.6714696594464,53.22679782814921,
wesmea,XC355380.ogg,,
wesmea,XC355381.ogg,14.8040771484375,64.16983902454376,-0.6604840139049142,-0.7388137356919873,21.533203125,0.0,0.0,
wesmea,XC355382.ogg,,
wesmea,XC355383.ogg,,
wesmea,XC355384.ogg,,
wesmea,XC355385.ogg,,
wesmea,XC355386.ogg,,
wesmea,XC355387.ogg,3322.0947265625,76332.74968932656,1.3052638074434035,-0.24549947374837577,3143.84765625,3311.9354426233713,3302.4586744386165,
wesmea,XC355388.ogg,,
wesmea,XC355389.ogg,,
wesmea,XC357087.ogg,,
wesmea,XC357651.ogg,3273.046875,361592.21291542053,0.6717654254083768,-1.1222234613272777,3068.4814453125,3228.4586380872042,3186.9704702244253,
wesmea,XC357660.ogg,2963.2080078125,284895.2253162861,0.6605224267475511,-0.6416926324812704,2885.44921875,2922.6457660544684,2884.351779736363,
wesmea,XC367439.ogg,2872.198016826923,192197.7312711569,-0.346461340594554,-1.0376368340915338,3316.11328125,2838.241444209579,2802.5056373388575,
wesmea,XC368591.ogg,2141.357421875,476.5588045120239,0.06322928999241523,-1.2333363769174581,2121.0205078125,2141.2585451218056,2141.1597060268277,
wesmea,XC368629.ogg,3764.00390625,34.77591276168823,-0.40824829046386296,-1.8333333333333333,3768.310546875,3764.000209208291,3763.9965107595162,
wesmea,XC368631.ogg,3306.54296875,128.7996768951416,0.4555988504155822,-0.8868749999999999,3294.580078125,3306.525673188027,3306.5083945315723,
wesmea,XC368644.ogg,3331.313189338235,218.20180556353398,0.11497390533944793,-0.8581848144531192,3316.11328125,3331.2823753926696,3331.2515712452714,
wesmea,XC370746.ogg,2609.432705965909,284.53019532290375,0.18257418583507082,-1.0902880658436174,2594.7509765625,2609.383178595778,2609.3336876395374,
wesmea,XC371333.ogg,1804.302978515625,5950.821071863174,2.9430528403272853,11.198524715975184,1754.9560546875,1802.8154331008498,1801.4311573287107,
wesmea,XC371739.ogg,,
wesmea,XC371783.ogg,2779.3212890625,41015.195571459255,3.2402624344216036,8.721027129943122,2702.4169921875,2773.350293398878,2768.147886190005,
wesmea,XC371784.ogg,2958.9154411764707,1032.1968224118737,-0.071478986588397,-0.8194560459754743,2960.8154296875,2958.75118206305,2958.5868281528187,
wesmea,XC371786.ogg,2990.5517578125,1308.7887167930603,0.42213546854352224,-1.0265092523695483,2950.048828125,2990.3440284054273,2990.1369778621115,
wesmea,XC371788.ogg,2990.5517578125,1308.7887167930603,0.42213546854352224,-1.0265092523695483,2950.048828125,2990.3440284054273,2990.1369778621115,
wesmea,XC372032.ogg,,
wesmea,XC372033.ogg,,
wesmea,XC372034.ogg,2925.823974609375,124.19968843460083,-0.30983866769659335,-0.8800000000000003,2928.515625,2925.80538910494,2925.786789785414,
wesmea,XC373512.ogg,2646.27685546875,461131.78782738175,0.8532767570694911,-0.8626812485399742,2207.1533203125,2573.588392645095,2510.0504291897714,
wesmea,XC374030.ogg,2627.912109375,161736.20147109032,-0.41175745828111027,-1.8226938290601793,2950.048828125,2596.9026043636068,2564.9270776928506,
wesmea,XC374031.ogg,2406.4237000512294,1737.3387237064173,0.8103951733138427,1.4996760782550478,2368.65234375,2406.0717308829458,2405.722759637669,
wesmea,XC375744.ogg,3201.26953125,38.63990306854248,0.7071067811865475,-1.5,3197.6806640625,3201.265510858268,3201.261493473544,
wesmea,XC375745.ogg,3832.91015625,10722.573101520538,0.395870337343817,-1.8154127100073045,3746.77734375,3831.798071213996,3830.693324013746,
wesmea,XC375754.ogg,3065.789794921875,104035.30447320505,-0.6988128790450278,-1.4969778500992899,2637.8173828125,3049.419198650266,3032.322902848479,
wesmea,XC376423.ogg,3203.06396484375,77268.76616477966,0.5149860085716655,-1.7316572136598782,2993.115234375,3192.778940343373,3182.802605240326,
wesmea,XC377864.ogg,3439.92919921875,38.63990306854248,0.0,-2.0,3434.5458984375,3439.924986930738,3439.920774647887,
wesmea,XC390106.ogg,2411.71875,22797.542810440063,1.142972759485346,-0.6756794024705544,2325.5859375,2408.311487543537,2405.0425013581275,
wesmea,XC398813.ogg,2972.479248046875,94031.08229691332,-0.7648004237741012,-0.919517920088591,2497.8515625,2957.126087112075,2940.9534459926344,
wesmea,XC406586.ogg,,
wesmea,XC407866.ogg,3097.468449519231,929915.3379981332,-2.717161355583111,6.259831994261379,3359.1796875,2337.6469507579645,376.0752134704752,
wesmea,XC408939.ogg,2714.97802734375,251.15936994552612,-0.3053162697580516,-1.1517159763313605,2723.9501953125,2714.939439462071,2714.9008093906227,
wesmea,XC416307.ogg,0.0,0.0,0.0,-3.0,0.0,0.0,0.0,
wesmea,XC418020.ogg,3182.607421875,159.7115993499756,-0.03476231652131127,-1.3694068678459936,3176.1474609375,3182.5848375403466,3182.5622511920865,
wesmea,XC418077.ogg,2895.0824938322367,400874.7585823661,0.2184482926698724,-1.262641369058327,3176.1474609375,2829.871698368358,2766.4372722772655,
wesmea,XC420257.ogg,2462.615411931818,88634.31728969919,0.7278964639823949,-1.1587072845616684,2207.1533203125,2447.0389783303,2432.3103206681726,
wesmea,XC420262.ogg,3048.6046424278848,694452.6855991436,-0.43105192374802287,-1.757667461114563,2056.4208984375,2932.198700121902,2810.5868696247176,
wesmea,XC420263.ogg,3902.89306640625,34.77591276168823,0.0,-2.0,3897.509765625,3902.8893537832587,3902.885641163793,
wesmea,XC425024.ogg,93.66943359375,825.6059288978577,1.410823133127294,1.1010827952618891,75.3662109375,90.38545925834161,87.68920091449978,
wesmea,XC425095.ogg,2174.853515625,430.5589199066162,-0.18591443845254507,-1.1804733727810648,2185.6201171875,2174.761018207582,2174.6684127275525,
wesmea,XC440250.ogg,2589.36767578125,1011.0774636268616,0.0,-1.7559333035822953,2551.6845703125,2589.191954179988,2589.0162386825423,
wesmea,XC442211.ogg,1817.76123046875,449509.58436727524,-1.520941231999578,0.7557333741031629,1948.7548828125,1634.4307007362947,1352.443214680349,
wesmea,XC442212.ogg,2431.7138671875,116684.0149806096,1.0393328507121726,-0.3515851509315233,2336.3525390625,2411.1446479495776,2392.2631872380734,
wesmea,XC448722.ogg,,
wesmea,XC452089.ogg,2746.9684469288795,64838.23320988951,-1.2488011655133315,0.5355644575577139,2831.6162109375,2734.5374365429966,2720.9920756780957,
wesmea,XC453112.ogg,3417.0003255208335,42918.36413053366,-2.7778235588908498,6.756772224382349,3402.24609375,3410.1688085412284,3402.4463099211753,
wesmea,XC453179.ogg,2452.27294921875,76880.2162429382,-1.0046174989455638,-0.17228190602953752,2680.8837890625,2435.7262258090063,2417.7155888180655,
wesmea,XC453337.ogg,3203.8330078125,60002.24947929382,-2.0373387351947616,2.158146320697309,3294.580078125,3194.926885041229,3185.074280634457,
wesmea,XC453338.ogg,2639.8361206054688,1790.6790563175755,0.5832236282437343,-0.6422064405959951,2616.2841796875,2639.5094955517093,2639.18481793711,
wesmea,XC453904.ogg,2114.835438829787,192339.75069099394,0.36232210169397766,-1.2691087516960446,1711.8896484375,2071.489975660544,2030.054750814254,
wesmea,XC453905.ogg,2513.587364783654,90950.90107275889,0.006512902468031371,-1.1462205037975364,2174.853515625,2496.7536269366333,2479.879229926655,
wesmea,XC459590.ogg,2097.8309044471152,61260.594014938055,3.123196280819831,7.882827426945006,2002.587890625,2086.8430661855805,2077.898196488817,
wesmea,XC459591.ogg,2183.7201286764707,236291.24665523277,1.6882461566315525,0.8665677017417934,1959.521484375,2142.2032005906967,2109.0421049053098,
wesmea,XC459746.ogg,3679.486083984375,1604298.8606422178,0.9022239112067965,-0.8450207785884762,3348.4130859375,3496.254937537954,3344.3537564715148,
wesmea,XC459752.ogg,2486.2119932432433,381629.43940710375,0.03846926062730321,-1.4609608766833604,1754.9560546875,2409.6298154439255,2333.561540707419,
wesmea,XC459756.ogg,2031.298828125,202.85949110984802,0.305441419328485,-0.7653061224489797,2034.8876953125,2031.2545009148705,2031.2102320412594,
wesmea,XC465605.ogg,3230.518798828125,13013.207565797004,-0.4952525696142419,-1.1855017078201442,3057.71484375,3228.582123683557,3226.622961297467,
wesmea,XC466361.ogg,3045.15380859375,157457.6050043106,-1.919869631754015,1.937268117538336,3197.6806640625,3016.583093251223,2982.4059435174927,
wesmea,XC466445.ogg,2092.166015625,6363.219237327576,-0.7431806075140586,0.18998958845203573,2131.787109375,2090.6762614282766,2089.1558957116936,
wesmea,XC467104.ogg,3660.64453125,77.27980613708496,0.0,-1.0,3660.64453125,3660.6366146055207,3660.6286979439246,
wesmea,XC472284.ogg,2792.623653927365,5424.729094311998,0.36274019693517284,-0.9053118803824054,2691.650390625,2791.684087966385,2790.7501002316885,
wesmea,XC472287.ogg,3203.06396484375,38.63990306854248,0.0,-2.0,3197.6806640625,3203.0594410583863,3203.0549172794117,
wesmea,XC472289.ogg,3648.2215294471152,16860.45130737397,-0.41069648389203167,0.24388054324425168,3692.9443359375,3645.9444545558213,3643.640745373964,
wesmea,XC473804.ogg,3411.6668701171875,384470.4855233431,-0.9708256844652378,-0.5029531399773011,3832.91015625,3355.0044731232942,3290.690824842498,
wesmea,XC477781.ogg,1974.3255615234375,196.64950668811798,0.08423822259225476,-1.582049861495845,1959.521484375,1974.2820004209632,1974.2384557378243,
wesmea,XC482210.ogg,2894.7307718211205,78773.43825225171,-0.9711026392364562,1.097145499915003,2583.984375,2880.5133312954417,2865.031488839752,
wesmea,XC482953.ogg,3439.16015625,33.119916915893555,0.28867513459481287,-1.9166666666666667,3434.5458984375,3439.1560302345288,3439.1519054537325,
wesmea,XC500164.ogg,2025.4669189453125,53784.813076257706,0.5098847684871289,-1.541283276036927,1819.5556640625,2013.421369790548,2001.8520062069442,
wesmea,XC500165.ogg,2130.9589092548076,186581.68886716547,1.0023008409822267,-0.14032061682925656,2487.0849609375,2094.444403161836,2061.8791293871045,
wesmea,XC500166.ogg,2188.153435202206,369.92024849442873,0.5168757532135736,-0.6267812015545005,2174.853515625,2188.0741078786727,2187.9950093536495,
wesmea,XC503278.ogg,2656.658935546875,137947.08849354225,1.7779490337268902,1.1810602773632644,2476.318359375,2635.994152858185,2618.199192008338,
wesmea,XC509569.ogg,3149.23095703125,49644.844692486986,1.4498171319142987,4.801030855954264,3122.314453125,3142.2819904804096,3135.629268809011,
wesmea,XC510710.ogg,2646.19140625,34578.92502055449,-0.9697552445613324,-0.5214997607308192,2670.1171875,2639.7172664901436,2632.940086074386,
wesmea,XC516405.ogg,3332.9360961914062,27665.68759828806,-1.2062731869830772,-0.021684539120506052,3294.580078125,3328.881804353495,3324.6615632210433,
wesmea,XC534182.ogg,3226.3916015625,55154.26164088042,1.1300576763701033,-0.6808253114258012,3090.0146484375,3218.6053517642254,3211.2269520995637,
wesmea,XC534184.ogg,1962.0548023897059,19235.85292171029,-0.25961949242854593,-0.876884709283352,1787.255859375,1957.3679785554998,1952.6115087449132,
wesmea,XC534185.ogg,3212.880572150735,276454.8688425737,0.8425145348071841,-1.2156802319330446,2842.3828125,3175.4356235319146,3141.3278973004126,
wesmea,XC539038.ogg,43.06640625,0.0,0.0,-3.0,43.06640625,43.06640625,43.06640625,
wesmea,XC539517.ogg,2952.2918701171875,148850.77659526598,0.5172267829309006,-1.526388200481013,2583.984375,2929.0237158463096,2906.833414331631,
wesmea,XC539520.ogg,2551.6845703125,370.9430694580078,0.32979485811258485,-1.2382812500000002,2530.1513671875,2551.618594610624,2551.552722578919,
wesmea,XC539523.ogg,3842.001953125,12624.475966800343,-0.08001397933515181,-0.6161297219606312,3746.77734375,3840.391727640523,3838.7777349246317,
wesmea,XC543667.ogg,2067.1875,434.6989095211029,0.0,-1.0199999999999998,2056.4208984375,2067.094033662466,2067.000563267473,
wesmea,XC543669.ogg,2951.2911283052886,19273.524204584268,1.7887709107815681,1.4338408315184132,2874.6826171875,2948.3119869792067,2945.4876895691323,
wesmea,XC543671.ogg,2143.3819110576924,182.79646451656632,0.11507482138214745,-1.0570097164386294,2131.787109375,2143.342566409231,2143.3032394208462,
wesmea,XC543672.ogg,3391.4794921875,185.4715347290039,-0.649519052838329,-1.1250000000000002,3402.24609375,3391.4566693488227,3391.433810225487,
wesmea,XC544026.ogg,3468.28125,285292.756319046,-0.8824435825449265,0.8135849429722466,4026.708984375,3424.549929392983,3374.0279390189553,
wesmea,XC544064.ogg,1313.525390625,1367968.4883356094,-0.4082049993112383,-1.833309636665219,32.2998046875,402.97289954008073,78.98412832736331,
wesmea,XC545898.ogg,1949.951171875,418.5989499092102,-0.16696983502393445,-0.8572189349112427,1948.7548828125,1949.8556495685255,1949.7600161779371,
wesmea,XC54610.ogg,2084.1064453125,262.41164941054126,0.20950205040580602,-0.8270336506739562,2077.9541015625,2084.0480451098338,2083.9897038527824,
wesmea,XC54611.ogg,2947.8955078125,1772.2835540771484,0.875044146504065,-0.4425196051919955,2917.7490234375,2947.6270543533983,2947.360687538906,
wesmea,XC54615.ogg,2923.13232421875,127.51168012619019,0.0,-0.9421487603305785,2917.7490234375,2923.1141483801357,2923.095972415428,
wesmea,XC54617.ogg,,
wesmea,XC550994.ogg,2982.3486328125,77.27980613708496,0.0,-1.2500000000000002,2982.3486328125,2982.33752744718,2982.326422061185,
wesmea,XC554560.ogg,1948.7548828125,92.73576736450195,0.0,-1.5,1937.98828125,1948.735054615244,1948.715226417986,
wesmea,XC554562.ogg,3133.0810546875,187542.63353347778,-0.599023129858729,-0.6227655528049523,3520.6787109375,3102.9164060841517,3070.516434195033,
wesmea,XC554563.ogg,2260.986328125,85250.66614151001,2.2522248369374385,3.1035783693126353,2153.3203125,2246.9392361686805,2235.0408495453757,
wesmea,XC554565.ogg,3240.7470703125,631.1184167861938,-0.5391615746037006,-0.47959183673469363,3240.7470703125,3240.6545672801035,3240.5618086300283,
wesmea,XC554581.ogg,2239.9017333984375,63327.23113829675,-1.043224094879045,0.024567217209638503,2121.0205078125,2225.066444219036,2208.8625817945895,
wesmea,XC558361.ogg,176.3031005859375,196.64950668811798,0.9136607219621476,0.11988919667590059,172.265625,175.83400986372575,175.38324774762944,
wesmea,XC559010.ogg,,
wesmea,XC570616.ogg,3205.134465144231,1205.2677457149211,0.13336491482521187,-1.1574322547098268,3165.380859375,3204.9610549361455,3204.7877989364747,
wesmea,XC572420.ogg,,
wesmea,XC573681.ogg,,
wesmea,XC574373.ogg,3032.1441650390625,859.0478450059891,0.6039606799755433,-1.190291769487589,3003.8818359375,3032.0206599945927,3031.8976031133175,
wesmea,XC574374.ogg,2956.6744290865386,193461.0777634841,0.11257679316392827,-1.9203341773829277,2627.05078125,2926.6212453351977,2897.141035526779,
wesmea,XC574375.ogg,3705.2490234375,610565.6683444977,-0.8933395262393954,-0.5570362403602163,3294.580078125,3622.7245320489014,3527.7906106248665,
wesmea,XC574377.ogg,2881.142578125,119737.33162879944,2.4447243411109487,4.434176821054528,2702.4169921875,2865.2430422519706,2851.7485598239728,
wesmea,XC574379.ogg,3050.0740297379034,4064.3620093873674,-0.8022996579423912,-0.31962589034607536,3079.248046875,3049.4109174602204,3048.740186113337,
wesmea,XC577773.ogg,2524.76806640625,57.95985460281372,0.0,-2.0,2519.384765625,2524.7623272730957,2524.756588152985,
wesmea,XC580988.ogg,7.988123739919355,22.93465214390909,-1.1058146711617285,-0.7771739130434803,10.7666015625,0.0,0.0,
wesmea,XC598459.ogg,3122.314453125,97800.56696671706,-1.1908451265253024,-0.2979876210404,3348.4130859375,3106.48556518721,3089.355360824631,
wesmea,XC607437.ogg,3553.6962890625,111356.88865184784,-1.043755733569773,-0.8926307837850436,3014.6484375,3538.0414277177024,3521.385843657473,
wesmea,XC607446.ogg,3491.8622185202207,238469.46787547297,-0.4583196497774204,2.5013388339648737,3402.24609375,3455.5076169078793,3414.591795312354,
wesmea,XC607447.ogg,2816.2353515625,86741.06240272522,-0.28844816759051367,-1.91529030785738,2497.8515625,2802.751294182299,2789.0761599079483,
wesmea,XC607448.ogg,2892.626953125,811.4379644393921,-0.1765833205492804,-1.6262755102040813,2863.916015625,2892.502136861477,2892.3771856912213,
wesmea,XC607449.ogg,3537.111944901316,325610.328442172,0.1539415183253396,-1.9203572692519706,2993.115234375,3493.9080764798227,3451.8491068279145,
wesmea,XC607452.ogg,3401.2673117897725,423279.76434881036,0.3425839346645346,-1.4946939513739237,3025.4150390625,3346.1110684702517,3293.1223052023734,
wesmea,XC607454.ogg,4207.43408203125,609.5338555482717,-0.16497105380623261,0.0703674950783375,4198.974609375,4207.366776043495,4207.299424836296,
wesmea,XC607456.ogg,2931.048943014706,543.7998123028699,0.7912650195977247,-0.12264521771601666,2928.515625,2930.961983766454,2930.8753729316804,
wesmea,XC607458.ogg,2717.300235523897,58683.57792098254,-0.07756034317169937,-1.1594073538337044,2594.7509765625,2706.7151844248174,2696.0493373757886,
wesmea,XC607461.ogg,3275.439453125,89715.41494131088,-0.7743473426390607,-1.2995095110230332,2820.849609375,3262.6641887928786,3249.3279981279434,
wesmea,XC607463.ogg,2740.10009765625,1506.9562196731567,0.0,-1.2167832167832169,2680.8837890625,2739.8480010922103,2739.5958913878944,
wesmea,XC607464.ogg,2116.7138671875,649.1503715515137,-0.025453451610707084,-1.304232804232804,2099.4873046875,2116.5758243996374,2116.4377513092554,
wesmea,XC607465.ogg,2157.436954273897,12842.602007848058,4.713022011832062,23.195777374234087,2142.5537109375,2154.9364843048675,2152.7623567862,
wesmea,XC607466.ogg,2581.292724609375,7844.740320806918,-3.9060994867339014,15.108977419645441,2594.7509765625,2579.692656284039,2577.9322739874865,
wesmea,XC612865.ogg,3648.5321044921875,124346.65806591511,-0.5153423127668054,-1.7321920194484248,3897.509765625,3633.108019220486,3617.2531223471283,
wesmea,XC613111.ogg,2630.363581730769,211560.90005086022,0.7939144199660316,-1.3071916772351724,2390.185546875,2596.004388815608,2564.7407725741828,
wesmea,XC619061.ogg,3294.0134148848683,180068.04933673458,-0.014679872400096996,-0.722501790732538,2993.115234375,3267.67508380243,3240.8483089631636,
wesmea,XC76505.ogg,2177.545166015625,28.97992730140686,1.1547005383792515,-0.6666666666666665,2174.853515625,2177.5401835208895,2177.535209232429,
