primary_label,filename,mean,variance,skewness,kurtosis,mode,gmean,hmean
westan,XC113834.ogg,657.1614583333334,1542877.789048048,1.3422311991464921,-0.1879953678026136,10.7666015625,0.0,0.0,
westan,XC116588.ogg,9.4207763671875,13.523966073989868,-2.2677868380553634,3.1428571428571423,10.7666015625,0.0,0.0,
westan,XC126364.ogg,3220.437344637784,50348.05919447359,0.05642670741364807,-1.847972210778693,3445.3125,3212.8060307075566,3205.206978308589,
westan,XC126366.ogg,3045.7737038352275,61835.31978997317,0.47148868281427264,-0.8026638899096699,2928.515625,3036.0088938921112,3026.457822655104,
westan,XC131565.ogg,2915.057373046875,1408.9513746174898,-0.22762563873297897,-0.8943755457831277,2939.2822265625,2914.8195299478075,2914.5812038738163,
westan,XC132822.ogg,2999.14453125,44050.2622961998,0.37551044817736673,-1.1793610134395531,3283.8134765625,2992.194350778509,2985.3551192067916,
westan,XC146191.ogg,2905.615234375,30578.467807462137,0.5883109163772262,1.0923951799531268,2842.3828125,2900.527217538391,2895.518146161035,
westan,XC149577.ogg,3647.186279296875,1051.5573620796204,-0.046114590253120875,-1.8177196354392708,3617.578125,3647.0601039904436,3646.9338992007406,
westan,XC149593.ogg,2613.4755010190215,20330.392635858105,0.8085252744474737,-0.22126170493159725,2476.318359375,2609.8510383417297,2606.3220934854903,
westan,XC154218.ogg,,
westan,XC163535.ogg,0.0,0.0,0.0,-3.0,0.0,0.0,0.0,
westan,XC168395.ogg,3210.24169921875,139818.48925352097,1.7821841645816576,1.1880752086014006,3036.181640625,3194.065604111105,3179.725310460339,
westan,XC169392.ogg,3506.8359375,2925.5926609039307,-1.5647139768411964,1.170676397294411,3391.4794921875,3506.472937037504,3506.1044099179517,
westan,XC172413.ogg,5.38330078125,30.68462890737197,0.0,-2.0,0.0,0.0,0.0,
westan,XC172987.ogg,6.5166272615131575,40.975885828731755,0.36823543669745007,-0.7094235432717038,10.7666015625,0.0,0.0,
westan,XC172990.ogg,5.38330078125,34.77591276168823,0.0,-2.0,0.0,0.0,0.0,
westan,XC179454.ogg,3476.53564453125,22834.894716739655,-0.5072020207988874,-0.5200441486159848,3380.712890625,3473.533447012627,3470.484541258491,
westan,XC181480.ogg,3137.5452553353657,18268.804805307853,0.0870765927001987,-0.7211374783635303,3240.7470703125,3134.707520471627,3131.8731781940633,
westan,XC181721.ogg,2897.8981018066406,24201.861787587404,-1.0083979976210324,1.2037956675751085,2842.3828125,2893.6863571549616,2889.2962963884142,
westan,XC188536.ogg,,
westan,XC188829.ogg,3119.829852764423,34798.20501345854,0.5265228371992604,-1.6626185462622347,2982.3486328125,3114.778920294781,3109.8343947158583,
westan,XC188830.ogg,2899.0123401988635,25945.889362307826,0.6249678614752218,0.8294783527559924,2960.8154296875,2894.675951672492,2890.4126432156113,
westan,XC190053.ogg,2910.1725260416665,39723.1413767888,0.8133653113488318,0.7564633456559493,2950.048828125,2903.7958485509366,2897.6009967045225,
westan,XC190054.ogg,2916.9978651889537,7901.282504547475,-0.12987821127433435,-1.4028054986237595,3003.8818359375,2915.6708937838725,2914.34034368332,
westan,XC190055.ogg,2717.490234375,1432.5235642884907,3.0067446430353297,9.517719237656319,2723.9501953125,2717.2463859073873,2717.0088717009116,
westan,XC191059.ogg,3062.4252319335938,35594.595707952976,0.5701035098468896,-1.3732184336100015,2874.6826171875,3057.0899961897844,3051.875779877282,
westan,XC191751.ogg,814.1207181490385,1337472.687913821,1.276764883486845,-0.3678968070415336,2842.3828125,375.0759852646783,258.33234931810233,
westan,XC192730.ogg,2719.3359375,496.7987537384033,0.1341640786499874,-1.6262962962962966,2702.4169921875,2719.257692444403,2719.179501094996,
westan,XC192747.ogg,3334.0576171875,63757.87374220396,-0.050327680380199045,-1.0431397435395913,3046.9482421875,3324.6782974538773,3315.248034355009,
westan,XC192751.ogg,3103.472900390625,5787.705481052399,-0.04772575654395638,-1.878944169168708,3165.380859375,3102.656272221636,3101.839211255261,
westan,XC192752.ogg,2858.7320963541665,8037.430093838617,-1.3028752300101134,1.0738313973244997,2842.3828125,2857.339776787968,2855.90767317989,
westan,XC192753.ogg,2744.40673828125,140.39164781570435,0.20035265415635095,-0.03248884774008953,2745.4833984375,2744.3837303997716,2744.3607345466835,
westan,XC196471.ogg,3300.377478966346,345285.22268442006,0.677250165541482,-1.170727944361596,4188.2080078125,3253.158072291634,3209.4735132298006,
westan,XC197672.ogg,3495.556640625,217.78854456814852,-0.254000254000381,-0.3340270551508846,3499.1455078125,3495.5280643916603,3495.499468066815,
westan,XC199577.ogg,3302.5380010190215,189488.86283301553,0.4864858001014133,-1.5100516823127212,2950.048828125,3276.030970937315,3250.6584867409615,
westan,XC200034.ogg,,
westan,XC205945.ogg,,
westan,XC254618.ogg,3292.3134251644738,63698.897048046696,-1.6710654745771276,1.4060385616914663,3369.9462890625,3282.2718647756988,3271.290942422135,
westan,XC278610.ogg,0.0,0.0,0.0,-3.0,0.0,0.0,0.0,
westan,XC278879.ogg,3172.347483915441,976173.5088334363,-1.3075229198072886,0.2805937789184316,3208.447265625,2954.2012871543548,2651.539316425551,
westan,XC288443.ogg,,
westan,XC290281.ogg,1762.2118079144022,2235741.135454696,-0.27978775888334906,-1.8178758090893015,21.533203125,366.69937760473744,42.09696524484979,
westan,XC292596.ogg,,
westan,XC293658.ogg,3243.280388327206,110595.07373939542,-0.00035755768889722084,-1.7364747493678352,2939.2822265625,3227.172053491851,3211.1014353789387,
westan,XC293659.ogg,2820.849609375,386.3990306854248,0.0,-1.64,2799.31640625,2820.7982411966673,2820.746873280249,
westan,XC298044.ogg,,
westan,XC302200.ogg,2685.000430836397,12730.195017103204,-1.041712238923036,0.1671769922402495,2713.18359375,2682.6277914983766,2680.181831155633,
westan,XC305432.ogg,53.8330078125,132.47966766357422,-0.75,-0.5,53.8330078125,52.5892246430076,51.16800742574257,
westan,XC318002.ogg,2742.4072265625,2320215.779542923,-1.07479710748596,-0.5942286608193861,3154.6142578125,1637.8773667371463,516.0358980980834,
westan,XC319003.ogg,3416.1529541015625,55263.25136747049,-0.048922042538257694,-1.439181406992474,3154.6142578125,3408.364951849519,3400.555831752731,
westan,XC320546.ogg,2875.203581779234,67219.8532241983,0.9328049962417245,0.006212205046858266,2691.650390625,2864.2393029585596,2853.7976647933015,
westan,XC323199.ogg,3018.3610587284484,20793.311976153276,2.0275845098957466,3.9884760200253275,2906.982421875,3015.2250279905575,3012.2654349992777,
westan,XC323201.ogg,3000.29296875,5228.1468847523565,-0.32314386858156646,1.5116969885210905,2971.58203125,2999.452801757092,2998.6069356414437,
westan,XC323203.ogg,2944.1761363636365,4324.6582421389485,0.14279018602171853,-1.4010764303461531,2896.2158203125,2943.476350930288,2942.7779888686086,
westan,XC323204.ogg,2913.833895596591,40833.24447545138,1.4509696483490857,0.3636052880684124,2788.5498046875,2907.8352795056903,2902.1975311918695,
westan,XC323206.ogg,3085.6282552083335,51880.840108944816,0.9387347928898769,-0.9062502581971565,2939.2822265625,3077.8684341492553,3070.4519020088946,
westan,XC323208.ogg,3130.0048828125,36446.81257009506,0.3056605256857539,-1.2444925591790656,2960.8154296875,3124.5150155077163,3119.08706774877,
westan,XC323209.ogg,2967.2080993652344,11628.312684235072,-0.05189578000235198,-0.8454503331654464,2906.982421875,2965.305477442158,2963.398853265441,
westan,XC323211.ogg,3842.138671875,441.59889221191406,-1.0939504280644987,0.30109374999999927,3843.6767578125,3842.089230028363,3842.0396039760412,
westan,XC324863.ogg,,
westan,XC325474.ogg,529.2457580566406,1308958.6956408476,1.8998513424959174,1.6215733332399997,53.8330078125,86.12401559686516,51.29131242343657,
westan,XC333546.ogg,3138.46435546875,193.1995153427124,0.0,-1.3599999999999999,3122.314453125,3138.441270794992,3138.4181860736817,
westan,XC333902.ogg,2587.82958984375,8250.043919453254,0.3633706817319943,-1.0360859784123881,2519.384765625,2586.360343015247,2584.9024410612683,
westan,XC339533.ogg,,
westan,XC355401.ogg,,
westan,XC355402.ogg,,
westan,XC355403.ogg,,
westan,XC355404.ogg,,
westan,XC355406.ogg,,
westan,XC355407.ogg,,
westan,XC355408.ogg,,
westan,XC355409.ogg,,
westan,XC355410.ogg,,
westan,XC369965.ogg,4.6142578125,33.119916915893555,0.28867513459481287,-1.9166666666666667,0.0,0.0,0.0,
westan,XC372042.ogg,3253.1884765625,18852.525797757236,-0.6293620632253945,-0.8125989632755011,3273.046875,3250.301332794594,3247.3608692818198,
westan,XC373383.ogg,0.0,0.0,0.0,-3.0,0.0,0.0,0.0,
westan,XC373824.ogg,2910.3469848632812,42344.98677402735,2.136928357098605,2.7842396724050307,2820.849609375,2904.1175774126054,2898.4367930452327,
westan,XC374229.ogg,3231.6804584703946,175766.52749588617,0.3699309114180531,-1.0068206650124039,3628.3447265625,3205.514222902531,3180.0410778576766,
westan,XC378426.ogg,2811.9829963235293,24027.76913607822,1.3575573483444137,2.6166914067253364,2627.05078125,2808.1302277411733,2804.4321272912266,
westan,XC381710.ogg,3407.62939453125,38.63990306854248,0.0,-2.0,3402.24609375,3407.6251423162857,3407.620890106635,
westan,XC383031.ogg,3018.2373046875,38.63990306854248,0.7071067811865475,-1.5,3014.6484375,3018.233040683533,3018.2287800623517,
westan,XC384886.ogg,3132.5916637073865,30505.50909803484,0.42928608040357413,-0.9262013424609932,2971.58203125,3127.897357621068,3123.270325277939,
westan,XC386343.ogg,,
westan,XC406588.ogg,,
westan,XC411261.ogg,,
westan,XC418561.ogg,3353.79638671875,193.1995153427124,0.0,-1.3599999999999999,3337.646484375,3353.774784229541,3353.753181701371,
westan,XC420305.ogg,,
westan,XC420311.ogg,,
westan,XC424051.ogg,34.991455078125,108.01609266888012,0.11875648846839351,-0.9458655562165377,32.2998046875,33.52051811841647,32.032864152892564,
westan,XC424052.ogg,50.707220262096776,71.0475637066749,0.9726228649383997,0.6196306555863331,43.06640625,50.079425989071964,49.498994471663146,
westan,XC424053.ogg,75.3662109375,77.27980613708496,0.0,-1.0,75.3662109375,74.9787111545482,74.58923969072164,
westan,XC424518.ogg,,
westan,XC441366.ogg,,
westan,XC441367.ogg,,
westan,XC441368.ogg,,
westan,XC441369.ogg,,
westan,XC442214.ogg,3114.239501953125,450938.3456252123,-3.991444541157039,14.32445780903874,3283.8134765625,2890.0585031230003,2157.8879658282062,
westan,XC449567.ogg,3036.181640625,115.91970920562744,0.0,-1.5,3025.4150390625,3036.168914092273,3036.156187559534,
westan,XC466367.ogg,3113.1729989681603,24563.36955633149,-0.12663714496641387,-0.12974403554272085,3165.380859375,3109.274182483544,3105.3446232188435,
westan,XC466881.ogg,,
westan,XC470668.ogg,5188.73291015625,4127.88810638281,-1.4552237579694425,0.7936050165128448,5211.03515625,5188.359184401598,5187.981059269347,
westan,XC475282.ogg,3424.2919921875,314181.72501936194,-0.13927976894753694,-1.90938885553409,2745.4833984375,3378.4714298832127,3332.489585692479,
westan,XC483718.ogg,3135.234375,892.5817608833313,1.2621071358631282,-0.05675493337831039,3122.314453125,3135.121304156835,3135.0090381850086,
westan,XC484149.ogg,2383.0078125,309.11922454833984,-0.2795084971874737,-1.365,2400.9521484375,2382.9536940654953,2382.899507461188,
westan,XC487924.ogg,2973.37646484375,5181.259729645469,-0.3329658629044474,-0.2345725940821599,3057.71484375,2972.5731869719552,2971.765224481959,
westan,XC489340.ogg,3056.94580078125,2219.67135484402,-0.8932932936087288,-0.1944891099176833,3079.248046875,3056.6056104919885,3056.2623390765402,
westan,XC489341.ogg,2873.486328125,13981.20492696762,0.25550252896830405,-0.5253081160076478,2831.6162109375,2871.334941529159,2869.1946727964973,
westan,XC490597.ogg,6216.741643186476,170333.8776211269,-0.5919920138977375,-1.4219965739198575,5663.232421875,6202.883138018673,6188.670273062357,
westan,XC492061.ogg,3120.52001953125,38406.92718239391,1.1956475089600933,-0.36827372055486896,2993.115234375,3114.9693562208085,3109.6787153237456,
westan,XC492229.ogg,,
westan,XC494027.ogg,6729.868500808189,27074.961045692708,1.5569041721085533,1.2173980174745962,6610.693359375,6727.972748660463,6726.122553275011,
westan,XC494384.ogg,34.25736860795455,158.0723307349465,0.42784420840612836,-1.1922666666666661,21.533203125,32.22693338265023,30.36733774038462,
westan,XC494385.ogg,3077.2293090820312,5305.94722149854,-2.161208356939614,8.31804237604651,3100.78125,3076.353912633447,3075.4448233723474,
westan,XC515394.ogg,3061.90185546875,1229.2792691903956,2.0710939185904294,4.466344381898429,3046.9482421875,3061.7151031369795,3061.5311291290527,
westan,XC537678.ogg,3106.3798828125,17427.755481004715,-0.29669764429799145,-0.8297710178389655,3122.314453125,3103.6607983773292,3100.916390306696,
westan,XC537679.ogg,3085.400390625,2023.6269235610962,-0.32202969110835056,1.0059298833979327,3090.0146484375,3085.0870051991624,3084.7725059704267,
westan,XC539763.ogg,40.972900390625,58.4198534488678,0.28784808577563015,-0.950670221340443,43.06640625,40.28779844082625,39.61815907155025,
westan,XC558376.ogg,98.03274054276316,1570.000272048147,0.3744476344975839,-0.8113942656178685,118.4326171875,90.25799883503197,82.60273292114904,
westan,XC559251.ogg,,
westan,XC559252.ogg,,
westan,XC562357.ogg,3177.94189453125,10572.559360195608,-1.2465528230352356,1.7890339438620293,3186.9140625,3176.326271168714,3174.6639574188625,
westan,XC565238.ogg,2850.0732421875,1095.5049441410945,0.5924857743084389,-0.11893996755002778,2863.916015625,2849.8955435684597,2849.7186034255187,
westan,XC575312.ogg,,
westan,XC575313.ogg,,
westan,XC575314.ogg,,
westan,XC582726.ogg,2935.8369140625,1662508.357000351,0.37599220947476647,2.120722264124959,2853.1494140625,2211.6765485105957,505.4520293641115,
westan,XC585968.ogg,3107.958984375,4896.729534322565,-0.6394243298316252,-1.4616793842847704,3014.6484375,3107.230046167519,3106.494460360386,
westan,XC592856.ogg,3459.3558933423915,67680.61567200972,-0.8366310104268437,-0.06975701471709828,3143.84765625,3449.544686575698,3439.2582588879845,
westan,XC592858.ogg,3275.738525390625,46988.88212442398,0.38495718161499126,-1.635744252750878,3025.4150390625,3269.552370454515,3263.468765602238,
westan,XC596704.ogg,2956.3159544076493,58062.24772451366,0.8930005370566928,-0.13820617943491253,2820.849609375,2947.04027504145,2938.154889845486,
westan,XC596722.ogg,2956.3159544076493,58062.24772451366,0.8930005370566928,-0.13820617943491253,2820.849609375,2947.04027504145,2938.154889845486,
westan,XC608424.ogg,2930.5094401041665,26938.287294827976,0.40137248352386234,-0.21262089951307894,2723.9501953125,2926.133818906022,2921.8070991941563,
westan,XC611971.ogg,3035.7509765625,10437.410616874695,0.6731552660642134,-0.8162625971128352,2917.7490234375,3034.1236197747794,3032.519524918972,
westan,XC611973.ogg,3555.463115985577,79272.73344535094,1.329068543450017,0.3073443268620726,3477.6123046875,3545.79137759838,3536.71913353817,
westan,XC611974.ogg,2961.7942116477275,14114.266157654325,1.1338421116822002,2.9051103237567784,2950.048828125,2959.5262905138184,2957.313889373047,
westan,XC611975.ogg,3084.033203125,3104.0722131729126,-1.584874491196259,1.9779198446996435,3090.0146484375,3083.5775205974633,3083.1133163821723,
westan,XC65766.ogg,,
