primary_label,filename,mean,variance,skewness,kurtosis,mode,gmean,hmean
wewpew,XC114077.ogg,32.71390474759615,41.55275729986337,-0.0067480355235748635,-0.11026174731529315,32.2998046875,32.072706750026796,31.394202686915886,
wewpew,XC11576.ogg,,
wewpew,XC123304.ogg,3847.86376953125,15944.26353188122,-1.3905867687130549,0.4909479852964469,3929.8095703125,3845.8460463315223,3843.7662320838126,
wewpew,XC124502.ogg,2583.984375,2454363.3662223816,-1.0359612909692495,-0.9175222972004717,10.7666015625,1017.3714169979079,83.30721864883435,
wewpew,XC124503.ogg,3718.8571735963983,144320.51220879366,0.1596710294299986,-1.3458717213536529,3273.046875,3699.879029138361,3681.0846951945796,
wewpew,XC124504.ogg,3425.1251220703125,710.0082188844681,-0.6356603673516282,-0.9174918613842871,3423.779296875,3425.034147399156,3424.9428902278373,
wewpew,XC124507.ogg,3707.9166412353516,152828.60786654055,-0.22908289390670522,-1.3757086696801306,4166.6748046875,3687.175260301621,3666.0810513148094,
wewpew,XC124508.ogg,3511.178768382353,71158.50678699858,2.166624548321099,3.126346136346748,3413.0126953125,3502.5301972004786,3494.6965776188945,
wewpew,XC124509.ogg,3765.955352783203,11694.68606611894,-0.5167911935833919,1.7376391666560798,3789.84375,3764.4339718894835,3762.894023773246,
wewpew,XC124510.ogg,4037.828589267418,79663.76146820725,-0.3294268044406049,-1.0307786788628825,4123.6083984375,4027.9427079545194,4017.887475523466,
wewpew,XC124511.ogg,4242.041015625,68299.89266395569,-0.24283460466762474,-0.35576424521218986,4177.44140625,4235.247959919562,4228.368646655812,
wewpew,XC124512.ogg,3952.6885986328125,1306.166723370552,-2.077784213583491,2.6540268886204323,3962.109375,3952.54228615958,3952.394216001785,
wewpew,XC124513.ogg,3517.6025390625,1396.701759413669,-1.0232540725460273,0.3957700161360589,3520.6787109375,3517.405143943394,3517.206295461202,
wewpew,XC124514.ogg,3728.689453125,36946.70251607895,-0.3038756652966594,-0.9711237586470105,3843.6767578125,3723.875125407914,3719.005687535534,
wewpew,XC124515.ogg,,
wewpew,XC124516.ogg,,
wewpew,XC124517.ogg,3286.2060546875,2160.8622716023374,1.55475032418053,3.9282773509116806,3283.8134765625,3285.893818227527,3285.5858181966305,
wewpew,XC124519.ogg,2329.501065340909,22046.801353357812,1.1816063166782422,-0.0907453636327844,2271.7529296875,2325.085827504618,2320.8769746884864,
wewpew,XC124521.ogg,3406.3569779829545,33295.504959152575,-0.13438473418388797,7.684134421813566,3348.4130859375,3401.406245393423,3396.258191734561,
wewpew,XC124522.ogg,3987.442555147059,9548.033695010578,1.170319382309344,-0.48064526601962987,3951.3427734375,3986.335996933437,3985.24970862668,
wewpew,XC124523.ogg,3624.9801635742188,31113.861948251724,-0.584579725766534,-1.4293407347752225,3380.712890625,3620.6706777946674,3616.281123707508,
wewpew,XC124524.ogg,3677.2838245738635,20479.851170019672,-0.05095057249770884,-0.34483863386318214,3725.244140625,3674.7454427021507,3672.2000494240915,
wewpew,XC124525.ogg,3887.9563022667253,28935.37868076646,-0.007378414477957027,0.375261948445861,3865.2099609375,3884.276411909501,3880.581563493536,
wewpew,XC124526.ogg,3880.669696514423,17746.66608827799,0.3303753136331084,3.1970201848709277,3951.3427734375,3878.451137005406,3876.2371650458863,
wewpew,XC124527.ogg,3453.594501201923,80.2521063731267,0.4383585377181222,-1.3055555555555134,3445.3125,3453.583784079591,3453.573074755388,
wewpew,XC124997.ogg,595.751953125,1818532.942056656,1.78881338561789,1.1999264724321543,43.06640625,92.343649578437,53.689146220269905,
wewpew,XC124998.ogg,3783.2181490384614,90756.21540729818,0.91840421233061,-0.6055554340314284,3574.51171875,3772.609812319325,3762.4714895659786,
wewpew,XC124999.ogg,,
wewpew,XC125000.ogg,3518.7787224264707,14276.023599154809,0.8157805472635956,0.20843965255484997,3413.0126953125,3516.9010595960535,3515.0544153864626,
wewpew,XC125001.ogg,4235.3118896484375,93329.8558741808,-1.0031665963446408,-0.8045241660918951,4446.6064453125,4225.195570724591,4214.611637943462,
wewpew,XC125002.ogg,3516.4815611758477,295535.3677537551,-0.14526977899177837,-1.6075777866863155,2863.916015625,3474.100105247492,3431.2166272103304,
wewpew,XC125003.ogg,3554.2304460392443,57651.890724204306,1.7037934471757756,1.3507075173710525,3413.0126953125,3546.8486773618492,3539.9800518481898,
wewpew,XC125004.ogg,3552.1285207648025,40423.90684357409,1.252807014946139,0.020660208728429108,3413.0126953125,3546.826693147966,3541.7599959790127,
wewpew,XC131562.ogg,236.1474609375,751680.8023452759,3.4736197962820787,10.068111193692722,21.533203125,0.0,0.0,
wewpew,XC131563.ogg,12.503150201612904,62.571714001317176,-0.2533898907630954,-1.0654195965143398,10.7666015625,0.0,0.0,
wewpew,XC132924.ogg,4189.624665912829,24456.997481128397,0.018889262249890206,-1.8991365290578113,4338.9404296875,4186.7828789869955,4183.943951243498,
wewpew,XC132929.ogg,4306.939697265625,25989.10680413246,0.06132920680984072,-0.6598667172910417,4511.2060546875,4304.006998381552,4301.074939968368,
wewpew,XC135948.ogg,4226.9677734375,52693.43918248227,-0.2931400364713159,-1.664755051443449,4414.306640625,4220.978009427069,4214.929709219698,
wewpew,XC138705.ogg,,
wewpew,XC139868.ogg,15.252685546875,120.11969866959944,0.1040916627840994,-1.0424959655728887,10.7666015625,0.0,0.0,
wewpew,XC139907.ogg,,
wewpew,XC140140.ogg,3453.9642333984375,13751.954047517343,-1.4107466785344924,1.5269402438285038,3466.845703125,3451.942404117839,3449.851359136768,
wewpew,XC140777.ogg,,
wewpew,XC141880.ogg,,
wewpew,XC146085.ogg,3573.43505859375,1376.8685460090637,-1.3874059052862127,0.1315533169227865,3596.044921875,3573.2600682610196,3573.0834701939702,
wewpew,XC146201.ogg,4219.610595703125,48105.80114072019,-0.6195769226312831,-0.6069621031709107,4091.30859375,4214.264698362299,4208.7978480334195,
wewpew,XC152831.ogg,,
wewpew,XC153956.ogg,,
wewpew,XC161787.ogg,3536.3671875,3370.828249875237,0.02868719462877766,-0.17381968987330687,3520.6787109375,3535.904211543441,3535.4412166940556,
wewpew,XC161807.ogg,3380.712890625,2285.2742671966553,-1.067770175195518,-0.5727788279773156,3402.24609375,3380.4143166716285,3380.1129093304544,
wewpew,XC161812.ogg,3793.8812255859375,54121.41648992415,0.4237446277986629,-1.6240531264512232,3617.578125,3787.0785672885418,3780.3966127741273,
wewpew,XC161820.ogg,3887.7525329589844,22752.86542251706,0.5276188217160032,-1.169042074283482,3725.244140625,3884.953174146497,3882.190622707022,
wewpew,XC161823.ogg,3649.8779296875,77.27980613708496,0.0,-1.2500000000000002,3649.8779296875,3649.868855405987,3649.8597811131813,
wewpew,XC161825.ogg,4046.8963623046875,146.96963131427765,-0.39113649016529817,-1.137472723665939,4059.0087890625,4046.8804620849864,4046.864550210175,
wewpew,XC161826.ogg,4192.9931640625,12399.620659211103,-0.4740381600757599,-0.7495070786135005,4285.107421875,4191.584470196785,4190.163647799092,
wewpew,XC164299.ogg,3499.91455078125,611815.137405221,-4.22956619982487,15.947988526215315,3671.4111328125,2987.4299680901004,797.1288819965846,
wewpew,XC172505.ogg,3700.1220703125,724.4981825351715,-1.3293607486307093,0.9767999999999999,3703.7109375,3700.0345102196416,3699.9464108635316,
wewpew,XC180749.ogg,3709.6923828125,957.6634799732882,-2.857901076152482,8.443253284730007,3703.7109375,3709.568549989175,3709.442751772338,
wewpew,XC181383.ogg,3775.0709711119184,360173.7048459607,-5.828425752518885,33.8808573053399,3929.8095703125,3455.122490686342,1027.6483085848058,
wewpew,XC184228.ogg,3689.7776884191176,10603.24398910298,0.7676959702168283,2.3558050151983547,3671.4111328125,3688.441733239497,3687.1207497142054,
wewpew,XC187323.ogg,,
wewpew,XC190093.ogg,3930.7883522727275,10536.0477512533,-0.5237111054757208,-0.6171246851890837,3757.5439453125,3929.558675237105,3928.3177178535334,
wewpew,XC191192.ogg,116.89453125,1584.6606401296763,-0.21447033188078046,-0.3533048665749936,96.8994140625,108.88439221689372,97.86856708066895,
wewpew,XC193158.ogg,3439.92919921875,38.63990306854248,0.0,-2.0,3434.5458984375,3439.924986930738,3439.920774647887,
wewpew,XC194660.ogg,,
wewpew,XC196042.ogg,4147.674919577206,171279.04150854138,0.7396023724586213,-0.257705676889068,3768.310546875,4128.990962004215,4111.058865079523,
wewpew,XC196669.ogg,3849.06005859375,126286.24320030212,1.6966090813765795,1.3295345770391283,3671.4111328125,3835.9309017579158,3823.9522595908293,
wewpew,XC196675.ogg,4196.103515625,120819.78187889888,-0.4944321618749708,-0.5981915001203872,3746.77734375,4181.718897136727,4166.86866040458,
wewpew,XC199594.ogg,3688.9068603515625,29549.865871667862,-0.33880603797862474,-1.0308626178348639,3703.7109375,3685.1079379602515,3681.267072704523,
wewpew,XC205808.ogg,3.076171875,27.59993076324463,0.9486832980505138,-1.1,0.0,0.0,0.0,
wewpew,XC232646.ogg,3771.755859375,111135.31640768051,0.5020672881243616,-1.5778507677811655,4145.1416015625,3757.9766789547816,3744.615266189487,
wewpew,XC240745.ogg,,
wewpew,XC241173.ogg,107.666015625,77.27980613708496,0.0,-1.0,107.666015625,107.39583528826988,107.124980370603,
wewpew,XC244539.ogg,3534.2366536458335,6639.458216153658,1.585247508924701,1.7606481018164235,3466.845703125,3533.3528180224002,3532.489183264403,
wewpew,XC248620.ogg,3724.917879971591,2046.5975932099607,-2.0497611472849915,4.219794631244012,3736.0107421875,3724.647002016767,3724.3715428944765,
wewpew,XC249992.ogg,,
wewpew,XC249993.ogg,1210.0723930027175,2827700.484656534,0.8493182935903275,-1.2768791156785317,96.8994140625,335.2174013610435,160.07196453699763,
wewpew,XC250722.ogg,3625.1780790441176,503.7393245626898,-1.9857063707150158,4.40679996907931,3628.3447265625,3625.112159896174,3625.0457065669434,
wewpew,XC254038.ogg,1807.3341163429054,4595315.916586567,0.3899074490091477,-1.8416182663631429,64.599609375,349.22510200884744,103.56421418103892,
wewpew,XC254043.ogg,3565.1806640625,39940.41180610657,2.8563810584998923,7.1418788146780265,3477.6123046875,3560.427336940043,3556.1035073314315,
wewpew,XC254457.ogg,3966.024502840909,7438.964947120292,-0.21819601451258988,0.23493199290329292,3951.3427734375,3965.0973799488966,3964.166591947596,
wewpew,XC254458.ogg,4130.975020559211,59827.76138216129,-0.8182591718032565,0.08934547130582393,4048.2421875,4123.666157440308,4116.090810890156,
wewpew,XC260929.ogg,3471.15234375,1304.924726486206,-0.3603445147054877,-1.4111803962998273,3509.912109375,3470.976474371358,3470.8001796631734,
wewpew,XC264711.ogg,3601.42822265625,7348.021566867828,-2.230644125768344,3.614571531499424,3639.111328125,3600.477747612726,3599.493879328712,
wewpew,XC264712.ogg,3498.4725952148438,395.90320039180017,-1.0600205731170018,0.9523075400503753,3499.1455078125,3498.4175612835306,3498.3623062305514,
wewpew,XC264713.ogg,3603.0846228966348,778.445431819329,-0.5100221762931588,-1.0179249969493251,3628.3447265625,3602.980480200035,3602.8760664126644,
wewpew,XC275898.ogg,3359.1796875,1159.1970920562744,0.2,-1.6296296296296298,3326.8798828125,3359.024592828763,3358.8696990808744,
wewpew,XC275899.ogg,728.5400390625,1859600.7750345313,1.7840459045488324,1.1911992446176267,107.666015625,219.00133423215203,141.69225821610476,
wewpew,XC275900.ogg,3625.5904796511627,1860.7488205266552,-0.8236949908606278,-0.0667044279402722,3671.4111328125,3625.3381727732267,3625.0841960901935,
wewpew,XC275901.ogg,3039.080341045673,1157699.94442738,-2.4055088653767855,3.7912517495814306,3413.0126953125,2319.294765325389,807.528407648223,
wewpew,XC283161.ogg,4020.2490234375,8557.450532913208,1.3147416996136483,1.3685509661204511,3940.576171875,4019.308637506376,4018.385341885813,
wewpew,XC284048.ogg,,
wewpew,XC293098.ogg,2317.2119140625,8267442.9264217615,0.8692715680258964,-1.177363135450867,333.7646484375,899.1729699405803,365.7812819109681,
wewpew,XC312797.ogg,,
wewpew,XC323689.ogg,3415.31982421875,1322.8859121982869,-0.5642662767449657,-0.46225007412036634,3423.779296875,3415.1392746233637,3414.9580108356026,
wewpew,XC323691.ogg,4423.876953125,16465.678131076653,-0.3894824784686114,-1.5626700522429102,4511.2060546875,4422.027348642813,4420.164120186874,
wewpew,XC323692.ogg,4403.2639723557695,12638.220603649432,-0.7898284081004365,-0.41606623274141885,4446.6064453125,4401.846166485038,4400.408808882601,
wewpew,XC323694.ogg,4194.833608774038,20141.792549536778,0.20046542592912775,-1.879526766019969,4069.775390625,4192.62640966749,4190.429723071442,
wewpew,XC323942.ogg,3596.044921875,231.83941841125488,0.0,-0.9600000000000004,3596.044921875,3596.0180587876125,3595.9911954835056,
wewpew,XC323943.ogg,3647.0692510190215,45326.897202744316,2.054577995345158,2.708188488199034,3542.2119140625,3641.545061027691,3636.41543755603,
wewpew,XC323944.ogg,3531.983642578125,14257.819180425844,-0.20004928534499175,-1.4075079425138444,3369.9462890625,3530.056602508897,3528.1209529473713,
wewpew,XC323945.ogg,3271.3904747596152,267.50702124375556,-0.17743891315386595,-0.836111111111117,3262.2802734375,3271.3527118234283,3271.314926860233,
wewpew,XC323946.ogg,3452.490234375,546.6132629208448,-0.7211026358567714,-0.40458977407847785,3466.845703125,3452.4127047994216,3452.334922822344,
wewpew,XC323948.ogg,,
wewpew,XC323949.ogg,3548.492431640625,2075.13843070377,0.09278550449774478,-1.1812934954866507,3531.4453125,3548.224577909419,3547.956914792111,
wewpew,XC323951.ogg,4080.2510029560813,38147.157277609855,0.3898511453025588,-0.8983415122817715,4102.0751953125,4075.7506159173167,4071.3001227199065,
wewpew,XC325001.ogg,4501.7852783203125,134.1896633739057,-0.036773516169387004,-0.934338424915691,4511.2060546875,4501.770994319633,4501.756709385589,
wewpew,XC325120.ogg,4328.173828125,77.27980613708496,0.0,-1.0,4328.173828125,4328.167132461729,4328.160436788092,
wewpew,XC325271.ogg,3424.9126233552633,3634570.9665825497,-1.0757726307394215,-0.8329866867823039,4532.7392578125,2225.878467876872,927.8759504941321,
wewpew,XC325472.ogg,39.11865234375,139.76985627207262,0.4487966959794088,-0.3721425189544538,32.2998046875,37.39824154908334,35.69039191988951,
wewpew,XC325946.ogg,,
wewpew,XC326580.ogg,93.310546875,981.908125035903,0.07529377762634533,-1.358796296296296,64.599609375,88.07799647239929,82.79089135549748,
wewpew,XC326782.ogg,7.177734375,77.27980613708496,0.6260990336999411,-0.9600000000000004,0.0,0.0,0.0,
wewpew,XC328984.ogg,,
wewpew,XC330638.ogg,3616.3818359375,66465.31690250743,0.6858357602322712,-0.8455651929368382,3402.24609375,3607.651798752262,3599.185348797306,
wewpew,XC330664.ogg,,
wewpew,XC334682.ogg,0.0,0.0,0.0,-3.0,0.0,0.0,0.0,
wewpew,XC334683.ogg,0.0,0.0,0.0,-3.0,0.0,0.0,0.0,
wewpew,XC338017.ogg,4030.477294921875,70287.30557309954,-0.5483780996239558,-1.576853302024247,3692.9443359375,4021.9830871611025,4013.2978960843984,
wewpew,XC338018.ogg,3390.71044921875,835040.3636923203,-1.111434271910599,-0.3330065557529567,1765.72265625,3241.4841185565356,3057.0893517934187,
wewpew,XC347895.ogg,3062.8828125,397.2182035446167,0.11269450258162139,-1.1344125194931036,3036.181640625,3062.8205905018203,3062.758397404895,
wewpew,XC349353.ogg,3448.004150390625,389.15902376174927,0.9496741999650156,0.31598008148483503,3434.5458984375,3447.954937281632,3447.9058889416037,
wewpew,XC349354.ogg,3314.5097448470747,486356.61449756374,4.451150856902581,18.069391122867778,3100.78125,3268.435764441709,3238.904585449453,
wewpew,XC355535.ogg,,
wewpew,XC355536.ogg,,
wewpew,XC355537.ogg,,
wewpew,XC355538.ogg,,
wewpew,XC355539.ogg,,
wewpew,XC355540.ogg,,
wewpew,XC355541.ogg,,
wewpew,XC368295.ogg,4436.365043826219,27930.571202097875,-0.29501842380532983,3.2876013325757096,4457.373046875,4433.25822755578,4430.105924217826,
wewpew,XC370541.ogg,3229.98046875,26508.519101142883,0.40765563518907477,-0.7166116669184199,3283.8134765625,3226.003479417829,3222.074060024769,
wewpew,XC370877.ogg,123.20068359375,18344.329981700233,8.140265729130576,64.52030436683839,107.666015625,110.53361542350392,107.8276996718132,
wewpew,XC370920.ogg,,
wewpew,XC372122.ogg,4204.847301136364,180864.15516649693,-0.7094029385585252,-0.08105691365368672,3811.376953125,4182.528903773666,4158.797253546786,
wewpew,XC373899.ogg,4243.5260641163795,40751.773632805925,0.7736496937434016,-0.9697770955827032,4091.30859375,4238.994378357649,4234.569381082931,
wewpew,XC374084.ogg,3795.1100225033965,46799.70259899678,0.25255138638448515,-0.8148082058889226,3854.443359375,3789.053420463825,3783.042509709536,
wewpew,XC374652.ogg,3500.3567504882812,1661939.3852012632,-1.4660223693245424,1.2202721639096863,452.197265625,2971.560729382987,1982.8710584785704,
wewpew,XC376293.ogg,3627.408500339674,1674.6503444528391,-1.0386046508467974,1.3873549529250884,3628.3447265625,3627.1859635260685,3626.9616597470545,
wewpew,XC376294.ogg,4034.539240056818,21006.75893913616,-2.6185967092866065,5.39519990061714,4059.0087890625,4032.019082809241,4029.3359076671495,
wewpew,XC378357.ogg,3950.26611328125,87014.53013050146,0.18029853948668517,-1.2594877303010112,3703.7109375,3939.6795142226138,3929.176746632226,
wewpew,XC378529.ogg,479.11376953125,79115.20153284073,-4.5396011755517086e-17,-1.2002963328806024,0.0,0.0,0.0,
wewpew,XC381388.ogg,1327.880859375,4180559.304714203,0.7071023576511393,-1.4999750107818834,10.7666015625,0.0,0.0,
wewpew,XC381741.ogg,4327.500915527344,7596.121944487095,-2.1490414485581426,2.8351337773178074,4349.70703125,4326.654255957546,4325.783181979341,
wewpew,XC385086.ogg,,
wewpew,XC386351.ogg,,
wewpew,XC386352.ogg,,
wewpew,XC388453.ogg,,
wewpew,XC388454.ogg,,
wewpew,XC389663.ogg,,
wewpew,XC402659.ogg,912.85400390625,646210.9789252281,3.2295676512474087,8.682117528493473,549.0966796875,779.4070140720747,725.4211528151136,
wewpew,XC406669.ogg,,
wewpew,XC407864.ogg,1612.1662077356557,9199.780855999617,-0.008269328729938618,-1.183558829452388,1464.2578125,1609.3523608850733,1606.5344617782898,
wewpew,XC416925.ogg,4235.5810546875,48974.78914260864,-2.6500146157796203,5.058148730762754,4306.640625,4229.867571985235,4223.599798062373,
wewpew,XC420294.ogg,1354.3251439144738,6770138.090221506,1.8763265654243002,1.5207802569263764,236.865234375,414.6485445588923,285.5521716856303,
wewpew,XC420371.ogg,,
wewpew,XC421652.ogg,3418.9038546580186,34270.173072468904,1.2919219605904448,0.3109840864913642,3348.4130859375,3414.1954742672146,3409.691455407555,
wewpew,XC421845.ogg,4356.653225806452,12214.447294512102,-0.6653490855151627,-0.29831864952023457,4446.6064453125,4355.280648345092,4353.891967042783,
wewpew,XC422905.ogg,,
wewpew,XC424791.ogg,3757.5439453125,29057.207107543945,0.07065054284415943,-1.9146908480458729,3596.044921875,3754.0692618376524,3750.604308418418,
wewpew,XC426289.ogg,,
wewpew,XC436038.ogg,3489.3576882102275,196.0096901113337,0.11353325033906565,-1.0265348595213395,3477.6123046875,3489.332161885848,3489.3066427776866,
wewpew,XC438122.ogg,,
wewpew,XC443221.ogg,,
wewpew,XC451385.ogg,3722.216033935547,12700.569994387126,0.8469261758982407,2.10771352682458,3639.111328125,3720.587891040268,3718.982670433541,
wewpew,XC451386.ogg,3607.464044744318,186239.06371268362,0.6121496564302786,-1.1162360360087138,3143.84765625,3583.417663969713,3560.457351359163,
wewpew,XC451388.ogg,3824.9522333559785,3083.1282657125726,-0.8326668330413785,0.36029084249196774,3832.91015625,3824.554705987543,3824.153881801056,
wewpew,XC451389.ogg,4006.25244140625,27780.802309513092,0.811878097532751,-1.2362552963209306,3908.2763671875,4003.195682715833,4000.2043021655054,
wewpew,XC451392.ogg,3840.44677734375,18857.560694217682,-1.7258812990351453,2.5694088877054737,3822.1435546875,3838.1440013601896,3835.743570118137,
wewpew,XC451394.ogg,3514.367254849138,176028.36117662236,-0.9803848796902048,-0.9974373767785134,3746.77734375,3488.0433237224574,3459.6880910234545,
wewpew,XC453984.ogg,,
wewpew,XC460290.ogg,,
wewpew,XC462285.ogg,,
wewpew,XC476129.ogg,34.60693359375,92.35361447701088,0.24741825721941837,-0.6210701545778834,32.2998046875,33.34334577519745,32.070728058510646,
wewpew,XC479593.ogg,61.79093070652174,244.6684771375694,0.5569797187677573,1.9417897571855418,64.599609375,59.845261544829334,57.748679119239306,
wewpew,XC480951.ogg,1981.6880170036766,282648.049777045,-1.1472016833093166,-0.12345000583143584,958.2275390625,1892.3158569982202,1778.640407586962,
wewpew,XC488842.ogg,,
wewpew,XC492062.ogg,,
wewpew,XC493474.ogg,4214.5263671875,45704.565346241,2.2306927526428253,3.443505407435193,4091.30859375,4210.019601607373,4205.807534665949,
wewpew,XC493679.ogg,3245.8963145380435,2538.3209051350827,0.792522808508904,-1.2281654589529396,3208.447265625,3245.5252558826255,3245.157173670475,
wewpew,XC493680.ogg,,
wewpew,XC494105.ogg,3588.8671875,16537.87851333618,-0.4379104376376493,-1.340881968124834,3402.24609375,3586.6934767552816,3584.4976160482215,
wewpew,XC494251.ogg,4433.882279829545,1332353.7384054877,0.7558124195491748,-1.1697569465396012,3413.0126953125,4309.833176935405,4200.623665614783,
wewpew,XC494255.ogg,4114.541786595395,670869.3865412159,2.3522915591818174,4.06374392470138,3854.443359375,4054.042930164391,4006.7476652345363,
wewpew,XC494402.ogg,,
wewpew,XC495246.ogg,3263.384540264423,45738.22534277372,0.9377551115953798,-0.7018379484053927,3068.4814453125,3256.8087724317406,3250.4883291284696,
wewpew,XC500161.ogg,4245.6298828125,30.911922454833984,0.7071067811865475,-1.5,4242.041015625,4245.626850819871,4245.623820536845,
wewpew,XC509610.ogg,3828.603515625,12395.680904388428,-0.23900009141772674,-1.570378915554008,3897.509765625,3827.139650899192,3825.669471396703,
wewpew,XC533791.ogg,3345.879767922794,210.530648336691,0.2825214132804516,-1.18009637922274,3337.646484375,3345.8501805190117,3345.8206164116355,
wewpew,XC542236.ogg,4145.969801682692,3022.8293400544385,1.5442113428724518,2.233996977633903,4102.0751953125,4145.637581592433,4145.3095791126,
wewpew,XC542237.ogg,4103.86962890625,900.3097414970398,-1.0976804451682203,0.13848109193390945,4102.0751953125,4103.777768403527,4103.685454688933,
wewpew,XC546137.ogg,,
wewpew,XC546139.ogg,,
wewpew,XC546142.ogg,,
wewpew,XC553402.ogg,4046.44775390625,34424.289643764496,1.7866656703212729,1.1961595297867218,3972.8759765625,4043.0690545420084,4039.8515918873813,
wewpew,XC559003.ogg,3717.70751953125,48724.10429778852,2.2941076930176583,4.036388927269277,3682.177734375,3711.9727321951723,3706.690510151782,
wewpew,XC559349.ogg,,
wewpew,XC561721.ogg,3917.96630859375,120774.91471014525,0.18120071203083696,-1.4062493225719115,4242.041015625,3903.4199055104646,3889.0218674115076,
wewpew,XC568461.ogg,3191.6244506835938,105381.7662861078,2.882709707502661,10.87960821170889,3154.6142578125,3177.9142597479267,3165.9923409407156,
wewpew,XC568465.ogg,3244.948670922256,38745.45597448581,1.2082582095694188,0.07521885823504748,3111.5478515625,3239.3806637730463,3234.064526000088,
wewpew,XC573470.ogg,,
wewpew,XC575706.ogg,4091.30859375,59524.77067708969,0.645530335736843,-0.37917275432836295,3800.6103515625,4085.6056712766535,4080.0186489460475,
wewpew,XC576185.ogg,3579.17724609375,15162.964169321389,0.28749253580968137,-1.1695070843166797,3456.0791015625,3577.1413866677494,3575.118088283284,
wewpew,XC576361.ogg,4602.4658203125,286804.1285276413,-0.5540685956681775,-1.5848687364621428,5038.76953125,4571.352927641705,4539.03636958121,
wewpew,XC577489.ogg,3926.69921875,48015.11445912448,1.264614437606906,0.30862796584490626,3843.6767578125,3920.9755930469505,3915.500125013758,
wewpew,XC577490.ogg,3536.82861328125,136662.89716959,0.011839458797896484,-1.9841750478733036,3186.9140625,3519.410097789222,3502.0884508922345,
wewpew,XC577491.ogg,3886.7431640625,37712.54539489746,-2.602521572908605,4.910088013974739,3919.04296875,3881.9769589406924,3876.7782927025864,
wewpew,XC577492.ogg,4252.8076171875,0.0,0.0,-3.0,4252.8076171875,4252.807617187502,4252.8076171875,
wewpew,XC582671.ogg,4263.007555509868,24658.35919505671,-0.520398207747567,1.0573053431112056,4263.57421875,4260.227030459797,4257.402786217689,
wewpew,XC586940.ogg,3513.9495849609375,21544.238857684595,1.0194535265759812,-0.6446786989280553,3423.779296875,3511.0584250813145,3508.246237268984,
wewpew,XC608192.ogg,3625.653076171875,1878.426196900281,-0.9536093221967358,-0.5809756299066224,3660.64453125,3625.413858708994,3625.1728842941507,
wewpew,XC617252.ogg,6.92138671875,28.66146656183096,-0.5962847939999439,-1.644444444444444,10.7666015625,0.0,0.0,
wewpew,XC617970.ogg,3812.4237060546875,19259.51999572801,-0.20382329923293485,-0.9580650476041535,3757.5439453125,3809.918082037857,3807.3983058744466,
wewpew,XC617971.ogg,3689.029208096591,53584.4124880704,-1.0421549738533098,-0.5826000425483588,3811.376953125,3682.1277284160597,3674.928074104723,
wewpew,XC617972.ogg,3626.2939453125,99884.86168846008,-0.23715850539957137,-1.4260966369005545,3176.1474609375,3612.498948489084,3598.5125024572453,
wewpew,XC617973.ogg,3908.2763671875,124.83660991375262,-0.8571428571428571,-0.28571428571428603,3908.2763671875,3908.2615136875725,3908.246636705066,
wewpew,XC6670.ogg,3336.8182842548076,994.2344289559582,-0.584402724774976,-1.2926226816009483,3359.1796875,3336.6802714757205,3336.541769891932,
