primary_label,filename,mean,variance,skewness,kurtosis,mode,gmean,hmean
whevir,XC123341.ogg,3945.574951171875,62884.14224982262,-0.18470230287079226,-1.4567057278223268,4209.7412109375,3937.815094014404,3929.993306742415,
whevir,XC126394.ogg,3361.3963407628676,98031.39707462036,-0.23602942077514893,-0.7422500604392321,3273.046875,3346.9283749594024,3332.1568907566575,
whevir,XC126396.ogg,,
whevir,XC127134.ogg,3187.452392578125,107835.52969600025,0.06589110423735735,-0.6575568677584465,3090.0146484375,3171.2951613177115,3155.046191489961,
whevir,XC131042.ogg,3852.4495442708335,799623.401256708,0.7066746700866934,-0.7258043365363718,3499.1455078125,3758.9551509120124,3671.864605308945,
whevir,XC131043.ogg,2830.2703857421875,56753.40762928776,1.6596115078503921,2.1308958404837224,2734.716796875,2821.4047581948435,2813.2133429544406,
whevir,XC131045.ogg,3059.0606689453125,542440.4832422733,0.6779726011871952,-1.2814050219958337,2745.4833984375,2982.3816966430327,2913.575617507558,
whevir,XC131047.ogg,3555.849609375,459713.0503572267,2.0032789198402265,2.342887724979052,3273.046875,3505.062482175844,3464.1127707958635,
whevir,XC131889.ogg,2487.0849609375,92.73576736450195,0.0,-1.5,2476.318359375,2487.069424618857,2487.053888300215,
whevir,XC131890.ogg,3083.163174715909,2122619.7644469603,-0.23271671560337848,0.5399281648340879,86.1328125,2189.4883356188507,580.9527405601496,
whevir,XC134008.ogg,3539.9452611019738,10594.790264179832,-0.21888236317954868,-1.4949161167533984,3413.0126953125,3538.521130506532,3537.091145592205,
whevir,XC134105.ogg,3699.795809659091,168.61048611727628,-0.3350037896241077,-1.3301562499999915,3703.7109375,3699.7750790796554,3699.754332979382,
whevir,XC134106.ogg,3214.1712816455697,48641.20425012583,-0.17411460757540842,-0.21755085163644106,3090.0146484375,3206.5984446449365,3198.913455451424,
whevir,XC135037.ogg,3446.209716796875,220.42308341373098,-0.15339784298392825,-1.092649323026618,3445.3125,3446.180388613071,3446.1510478600567,
whevir,XC135097.ogg,4663.205135569853,309721.2683321799,-2.3588613180572033,3.594550407577091,3186.9140625,4624.562743851066,4577.160826533543,
whevir,XC135710.ogg,2812.236328125,81.14379644393921,-0.3436215967445456,-1.153061224489796,2810.0830078125,2812.2247789531502,2812.2132221733946,
whevir,XC136284.ogg,3293.14453125,175981.3438493814,0.023409330388489313,2.172685982040746,3520.6787109375,3265.7752235834114,3237.1578083205213,
whevir,XC137545.ogg,2811.4288330078125,13428.056314587593,1.1344036491058265,-0.6765904720945364,2745.4833984375,2809.3974553628254,2807.4245401026974,
whevir,XC137584.ogg,4559.166370738636,622937.7638535065,-0.5666313448006841,-1.6781692601405,3563.7451171875,4492.377659278983,4422.1344577339605,
whevir,XC140262.ogg,3015.1611328125,38055.323071596096,0.13164689328902676,-0.5005064170977018,2939.2822265625,3009.010508900215,3002.870217218796,
whevir,XC140263.ogg,2841.2690261314656,96820.65228963718,0.9860289630896852,-0.9950966644740076,2659.3505859375,2825.8542221055673,2811.5131242551092,
whevir,XC140264.ogg,3988.641357421875,87304.56098914146,-2.201346888768712,6.371335266686964,3865.2099609375,3976.640444769242,3962.8635562988457,
whevir,XC140979.ogg,2977.5634765625,10638.853311538696,-0.6137630270240086,-1.4636311954399688,3025.4150390625,2975.9533505094832,2974.3219519199315,
whevir,XC141557.ogg,3512.98828125,218329.0399954869,0.7728991694865952,-1.1909066480423096,3122.314453125,3485.762429858848,3460.3055393321556,
whevir,XC141687.ogg,,
whevir,XC143926.ogg,2469.140625,502.31873989105225,-0.5280049792181878,-1.5000000000000002,2444.0185546875,2469.0726333183165,2469.0044647295904,
whevir,XC147928.ogg,,
whevir,XC167850.ogg,5857.03125,115.91970920562744,0.0,-1.5,5846.2646484375,5857.02465281024,5857.018055620478,
whevir,XC17026.ogg,,
whevir,XC174463.ogg,3010.215130974265,289637.8036779516,1.5510094288506615,1.3625241354494522,2670.1171875,2969.5195932396173,2934.545328316791,
whevir,XC178217.ogg,3234.466552734375,471782.29649429733,0.3242986027509053,-1.729483788422305,2723.9501953125,3166.6270326534454,3102.509338546362,
whevir,XC179784.ogg,3635.196200284091,511351.34414109326,-0.8313114490360349,-1.15774778215558,2551.6845703125,3562.699735451602,3482.7105995300362,
whevir,XC179786.ogg,4909.5703125,115.91970920562744,0.0,-1.5,4898.8037109375,4909.562442164603,4909.554571829208,
whevir,XC179813.ogg,2908.071179336376,180740.02136857808,0.6358092285928222,-0.7710349756235395,2368.65234375,2878.7484350182795,2850.9495665868144,
whevir,XC180195.ogg,,
whevir,XC184212.ogg,2830.565810785061,26712.566062444595,0.3870223410846471,0.7716908566492249,2648.583984375,2826.0061906066044,2821.4815108549483,
whevir,XC184218.ogg,3127.8971354166665,332371.8595504761,0.9225334161176393,-0.7231690055436952,2917.7490234375,3081.1847141309645,3039.1027276845803,
whevir,XC184226.ogg,3215.4689622961955,150166.5715297775,1.4586445227213147,2.651789589363137,2799.31640625,3194.4509956502156,3175.1172826242637,
whevir,XC184317.ogg,3565.8984375,12058.847542466789,0.42607198934964113,-0.7013826786384474,3456.0791015625,3564.276691028005,3562.6678792888583,
whevir,XC186555.ogg,4729.436786358173,2091261.640909085,-0.650139698746583,-1.5684350866535537,5760.1318359375,4476.694394101151,4200.554719229828,
whevir,XC192756.ogg,3488.37890625,154484.3661471417,0.8424100266385647,2.7575814999526758,3186.9140625,3467.541508975309,3447.135315985714,
whevir,XC192757.ogg,3280.6468290441176,55580.091160886426,-2.1925700182761494,4.426926283727635,3337.646484375,3271.6977593780775,3261.6300070530774,
whevir,XC196306.ogg,2915.595703125,587.3265266418457,-0.7246216542237316,0.24422899353647232,2906.982421875,2915.5047006173695,2915.41334280331,
whevir,XC197323.ogg,7628.13720703125,1062.5973343849182,0.0,-1.2242424242424241,7579.6875,7628.074521502572,7628.011835689819,
whevir,XC197324.ogg,3209.1201782226562,93624.00213629007,1.4243712006817162,1.249752111224879,3154.6142578125,3196.458034827692,3184.7407950882366,
whevir,XC197327.ogg,2956.201171875,62320.64366340637,0.947139656567589,-1.0991323596212585,2810.0830078125,2947.576742422521,2939.376895787237,
whevir,XC197328.ogg,2814.27001953125,8539.039755568785,0.82918379138878,-0.5445332204403832,2723.9501953125,2812.861111581883,2811.476171928647,
whevir,XC197329.ogg,3299.365234375,23419.00125145912,0.6887909542099867,-1.496201716751585,3197.6806640625,3296.2709889842713,3293.2400153542612,
whevir,XC197331.ogg,3441.0994819972825,305624.83331431507,-0.47305892855920995,-0.5902232356628003,3714.4775390625,3395.3543262749854,3346.3261313777202,
whevir,XC197334.ogg,2971.58203125,289.7992730140686,0.0,-1.3,2950.048828125,2971.543021209514,2971.5040109641836,
whevir,XC197335.ogg,2986.6552734375,5047.475337982178,0.4846725549925461,3.17001209002418,2971.58203125,2985.871293570761,2985.0912614248928,
whevir,XC197336.ogg,3112.060546875,27930.5779337883,0.8220420166997996,0.49914955355327795,3219.2138671875,3107.8933928669417,3103.828846091524,
whevir,XC197337.ogg,3244.3359375,2581.1455249786377,1.0101405071403702,0.13854924880777375,3186.9140625,3244.0075470967236,3243.682239396322,
whevir,XC208799.ogg,,
whevir,XC210349.ogg,3125.9033203125,262.75134086608887,0.9273420957271555,-0.33217993079584796,3111.5478515625,3125.868398576333,3125.8335784287556,
whevir,XC213560.ogg,,
whevir,XC215875.ogg,,
whevir,XC216102.ogg,2.30712890625,20.239949226379395,1.3926212476455828,-0.06060606060606144,0.0,0.0,0.0,
whevir,XC216185.ogg,3923.349609375,445460.122525692,-0.7833856491713025,-1.1545566814303059,2842.3828125,3862.8495532220086,3796.977384915723,
whevir,XC216804.ogg,699.8291015625,2997981.7593097687,2.2676651118408335,3.1425505872311286,96.8994140625,144.5986416248095,98.86601964849628,
whevir,XC216860.ogg,4705.60302734375,46210.67231192308,1.0330264904154927,-0.6083950098661135,4532.7392578125,4701.099234087497,4696.729523140121,
whevir,XC216963.ogg,3054.881527549342,349199.6503189991,2.542579148673746,4.526759282873849,2853.1494140625,3013.2511561038123,2981.532811372966,
whevir,XC217025.ogg,3435.263671875,453435.9505176544,0.6705280947076021,-0.966800617126375,2939.2822265625,3377.4203732888277,3323.8305312700927,
whevir,XC217073.ogg,4961.0107421875,620618.8774108887,-1.7923169551792748,13.796735863030982,4565.0390625,4770.009029038507,2991.849338465131,
whevir,XC217751.ogg,1713.6025168678977,3533194.6889451263,0.42276541483080393,-1.5165441809712426,43.06640625,453.5725008913025,125.56859810261034,
whevir,XC235431.ogg,,
whevir,XC237373.ogg,3038.3349609375,28304.280996322632,0.3031867338370324,-1.4551493441777263,3014.6484375,3034.0282404467794,3029.7678849645436,
whevir,XC240540.ogg,,
whevir,XC241179.ogg,2927.3193359375,32112.731750194842,-2.5597920832382517,9.12169181138912,2896.2158203125,2921.357998755697,2914.574175912396,
whevir,XC241710.ogg,,
whevir,XC241712.ogg,,
whevir,XC244537.ogg,1259.162877817623,2059129.8094499304,0.40387300032003925,-1.7951126889424285,64.599609375,346.193175595952,125.38281374029694,
whevir,XC246424.ogg,365.490234375,637953.2848806189,3.7069000265378045,11.74629622773745,161.4990234375,197.48746871615887,174.23126515985828,
whevir,XC247624.ogg,3303.193359375,5181.611001491547,-0.40560483630798877,-1.8093103914238098,3359.1796875,3302.5625020159864,3301.928412588374,
whevir,XC247625.ogg,4245.3538161057695,47109.47259114339,-0.5211139855455608,-1.171767127112509,3908.2763671875,4240.136304727761,4234.827110385865,
whevir,XC247660.ogg,1988.0213120404412,3340500.8777187155,0.03055146758366771,-1.8260058082200075,150.732421875,817.3927711020328,313.6408851395263,
whevir,XC253128.ogg,3094.1556490384614,28565.29141847904,-0.5063768339276202,-1.507825629235792,2863.916015625,3089.813150649599,3085.3952721872934,
whevir,XC253129.ogg,2918.8823499177633,3579.2752316123565,1.121912079260037,0.16638408230026025,2896.2158203125,2918.309863151836,2917.745673222155,
whevir,XC253130.ogg,2969.9256310096152,7001.174987569028,0.3614316856801674,-0.18851437687305328,2982.3486328125,2968.7838629413727,2967.648663005867,
whevir,XC253131.ogg,2948.25439453125,8040.96382856369,0.6660836881301797,-1.4870909334841373,2874.6826171875,2947.131570675585,2946.022742017129,
whevir,XC253970.ogg,2756.25,26951.33239030838,0.9478224656569116,-0.1945785639958375,2680.8837890625,2752.0436781254093,2747.975589364318,
whevir,XC254926.ogg,3189.447380514706,54272.585029111186,3.4382343430447717,10.559164165667507,3090.0146484375,3182.524195149878,3176.531590666974,
whevir,XC263467.ogg,3177.0087890625,6877.129948139191,1.2856004681712272,1.3290735883196376,3154.6142578125,3175.9912783928658,3174.994719788485,
whevir,XC263476.ogg,,
whevir,XC263477.ogg,,
whevir,XC263913.ogg,,
whevir,XC267577.ogg,,
whevir,XC267584.ogg,,
whevir,XC267585.ogg,,
whevir,XC278589.ogg,4095.0212149784484,1145380.0908553188,0.5027709333656016,-1.7341873539064885,3251.513671875,3968.726235889131,3855.6864114181794,
whevir,XC278598.ogg,,
whevir,XC278599.ogg,,
whevir,XC28782.ogg,32.2998046875,405.71898221969604,0.2561204162859415,-1.7244897959183674,21.533203125,27.044480378313594,22.430419921875,
whevir,XC290066.ogg,3384.6795333059213,1129662.1352510464,1.2696601669646805,-0.03709127915382204,2605.517578125,3251.4313474247265,3145.963253548962,
whevir,XC301530.ogg,1865.9866333007812,2789734.830714762,-0.25184626088072665,-1.9363092885336637,32.2998046875,429.00574942931655,68.10442056037442,
whevir,XC305850.ogg,3695.880681818182,16277.23480354656,0.24090218440676153,-1.0532380572975708,3736.0107421875,3693.8878280678873,3691.9046185372404,
whevir,XC309815.ogg,2235.146484375,4083422.452390194,-0.4082338132597061,-1.8333254785012147,21.533203125,473.07496543557187,53.36848435163683,
whevir,XC310331.ogg,,
whevir,XC310829.ogg,3964.6728515625,731232.0136427879,-0.2864818231719259,-1.1057183269814628,2519.384765625,3869.9207851608066,3769.0427509623983,
whevir,XC310831.ogg,3902.89306640625,193.1995153427124,0.0,-1.3599999999999999,3886.7431640625,3902.8745031994517,3902.8559399679393,
whevir,XC313142.ogg,4123.6083984375,256224.70996596597,-0.047876314921377644,-1.9199630490417694,3671.4111328125,4094.904366728003,4066.255816541001,
whevir,XC314887.ogg,3073.86474609375,2777.614570580996,1.029031649803927,-0.36788284307536934,3036.181640625,3073.4498424699827,3073.039567372026,
whevir,XC316126.ogg,,
whevir,XC316307.ogg,3438.134765625,1333.0766558647156,2.103275828749624,3.072306238185255,3423.779296875,3437.9648121728665,3437.797201097806,
whevir,XC316308.ogg,1120.623779296875,2143263.863441737,0.6824291052621887,-1.4144464128344096,53.8330078125,229.7249727525593,79.02452484164549,
whevir,XC316310.ogg,1474.306640625,353993.399977684,1.8972314421805876,1.9708749320376695,1173.5595703125,1395.2783574766652,1341.4312521565448,
whevir,XC316433.ogg,3084.093017578125,68323.5677910053,-0.8354678728284167,0.5489965634139127,2906.982421875,3072.551685349347,3060.2894431446653,
whevir,XC318480.ogg,391.6351318359375,1087556.7797720432,2.267579692084312,3.142400006838958,10.7666015625,0.0,0.0,
whevir,XC318481.ogg,1358.4375,2018847.3299040515,0.7344019615937923,-1.3578334090719928,355.2978515625,753.590322050308,490.6472800455001,
whevir,XC319243.ogg,3220.9815181902986,238352.1781928504,2.369656351843386,5.160614365850497,2960.8154296875,3190.697749274107,3165.603849572414,
whevir,XC319605.ogg,3586.35498046875,1248.0688691139221,-0.39146296293745125,-1.4339956611616456,3606.8115234375,3586.197989026721,3586.0406147303124,
whevir,XC322036.ogg,,
whevir,XC322038.ogg,52.13301809210526,389.7884958668759,1.0714286427784738,-0.04875463137996183,43.06640625,49.11935045345356,46.62670792443017,
whevir,XC322368.ogg,4672.098509022887,156772.75353921973,0.6948401383710985,0.04370768707441686,4931.103515625,4656.06809760823,4640.532689772959,
whevir,XC322508.ogg,,
whevir,XC324793.ogg,2808.499684053309,134692.60649725716,1.9913555612190672,1.9924930367745644,2670.1171875,2788.501468332303,2771.4375449522227,
whevir,XC324794.ogg,26.91650390625,38.63990306854248,0.0,-2.0,21.533203125,26.37268009197709,25.83984375,
whevir,XC324796.ogg,2718.7150587729357,1228812.4902642102,-1.631530669327128,1.8378024568581992,3240.7470703125,1690.4622204514123,201.16393273226487,
whevir,XC325223.ogg,3975.7470703125,52039.11745548248,-1.0208905081972297,-0.9049449571885133,3606.8115234375,3969.3923413979774,3962.79556484846,
whevir,XC325405.ogg,3112.015964673913,132153.39648205304,3.2833302687885975,13.262948657114269,2917.7490234375,3094.9888856179655,3080.79986116914,
whevir,XC326438.ogg,3537.1875,148358.45983028412,-0.1768613338212968,-1.4942684236844803,3036.181640625,3517.2566608626407,3497.0773964832883,
whevir,XC327665.ogg,3751.6712535511365,34807.52722783522,-1.630500344497149,0.6938325299737182,3822.1435546875,3747.220303417429,3742.529348830054,
whevir,XC333313.ogg,3172.4025560461955,82414.78961918192,0.3644380374104229,-1.0632589171352662,2831.6162109375,3160.179050631424,3148.185903373604,
whevir,XC335046.ogg,198.50921630859375,1127.8021708130836,0.5447947148627563,-0.5624782542906792,161.4990234375,195.94363742418943,193.48403494972936,
whevir,XC336342.ogg,3337.646484375,257.5993537902832,0.0,-1.3,3316.11328125,3337.6117529685216,3337.577021417477,
whevir,XC340519.ogg,2986.6552734375,73180.1124215126,0.14656524821611877,-0.4949438411014975,2982.3486328125,2976.8678097499287,2967.0939193874387,
whevir,XC344168.ogg,59.21630859375,193.1995153427124,0.0,-1.3599999999999999,43.06640625,57.96268072488487,56.701851489028215,
whevir,XC344860.ogg,71.0595703125,34.77591276168823,-0.40824829046386296,-1.8333333333333333,75.3662109375,70.85948076835606,70.65582275390625,
whevir,XC345866.ogg,4675.688594220633,38047.996072638845,-0.2256509442024202,-0.2761738502826101,4812.6708984375,4671.6360494512,4667.549845955802,
whevir,XC352307.ogg,3030.408245584239,470141.6323747477,-3.4512254132527516,12.786693249233979,3025.4150390625,2615.134335961086,574.7267858615335,
whevir,XC352311.ogg,17.9443359375,28.101747686212715,-0.7071067811865475,-1.5000000000000004,21.533203125,17.090914646434957,16.149902343750004,
whevir,XC353639.ogg,,
whevir,XC356303.ogg,4927.188387784091,1675.5667057904332,-0.7935213769237286,-0.9075756496973946,4941.8701171875,4927.033157050707,4926.877272798377,
whevir,XC356304.ogg,4201.910955255682,2319091.809998859,0.18268208013396192,-1.9663684872634521,2874.6826171875,3954.041902574651,3729.951514479316,
whevir,XC359315.ogg,4227.061396059783,90309.24254255333,-0.7402559677684108,-0.9814655060654078,3714.4775390625,4216.452392923195,4205.464662805563,
whevir,XC359408.ogg,2494.775390625,143.51963996887207,-0.19201160638565623,-1.143491124260355,2487.0849609375,2494.750721370969,2494.7260379109275,
whevir,XC359409.ogg,3439.3310546875,58513.69321346283,0.6938697847257419,-1.498487679109431,3757.5439453125,3431.985912162907,3424.8722233446865,
whevir,XC359414.ogg,3039.2578125,143.51963996887207,0.19201160638565623,-1.143491124260355,3025.4150390625,3039.2375837987124,3039.2173644559402,
whevir,XC361473.ogg,3192.987530048077,21889.27043304752,-0.8167569777285401,-0.8813829614056434,3262.2802734375,3189.558561681503,3186.041799218807,
whevir,XC363669.ogg,3728.3203125,1321.1166858673096,0.17213209278161887,-0.8902967336793886,3714.4775390625,3728.149642073285,3727.979149876122,
whevir,XC364124.ogg,426.52306189903845,3352.7546662550703,1.241365828107358,-0.4024687122755384,398.3642578125,423.23136775424587,420.27262810195947,
whevir,XC364658.ogg,2739.202880859375,367.9572587663477,0.7469059168942908,-0.4199907724380698,2734.716796875,2739.1415156092917,2739.0803529488053,
whevir,XC364679.ogg,3448.004150390625,818838.3840566332,0.7832543289545915,-0.7369823291199609,2702.4169921875,3348.744269578068,3260.413121041482,
whevir,XC364717.ogg,7.177734375,40.91283854316263,0.19245008972987526,-0.6666666666666665,10.7666015625,0.0,0.0,
whevir,XC368485.ogg,45.2197265625,197.06350564956665,0.3631734744194305,-1.3719723183391002,32.2998046875,43.52746676592331,41.94779829545455,
whevir,XC370899.ogg,2956.201171875,43955.225119223964,-0.19236223927247179,-1.5359402289026558,3036.181640625,2949.221524060915,2942.18308835563,
whevir,XC371091.ogg,3005.1123046875,16677.241928437175,4.178922655090883,19.983537908972103,3025.4150390625,3002.688643934299,3000.5009037676855,
whevir,XC371099.ogg,3956.442742598684,3285225.569260747,-1.2417781398082337,0.29426462921043584,10.7666015625,0.0,0.0,
whevir,XC371684.ogg,2916.552734375,7489.701211452484,-0.22278509666923121,-1.873178189060965,2993.115234375,2915.4063763742415,2914.255613096666,
whevir,XC373068.ogg,4888.80615234375,311.4546033052298,0.6436443346129032,-0.6614977354561078,4877.2705078125,4888.776617590455,4888.747126688797,
whevir,XC376007.ogg,4005.17578125,77.27980613708496,0.0,-1.0,4005.17578125,4005.168545611069,4005.161309959054,
whevir,XC377095.ogg,2592.059326171875,188907.72610902786,0.0007887125343007266,-1.9975466040989736,2185.6201171875,2559.977763979283,2528.2940601615924,
whevir,XC377096.ogg,1744.189453125,1278423.5634929256,-0.5563290442622931,-1.5705959463435504,2465.5517578125,1139.1908390507556,616.9554780800602,
whevir,XC379054.ogg,3075.448069852941,5766.153182176983,-0.5183144908447397,-1.0409795100974648,3100.78125,3074.558084798869,3073.660556731427,
whevir,XC381083.ogg,540.2300666360294,1382027.162480004,1.6970953275572818,0.8806987836616349,0.0,0.0,0.0,
whevir,XC381084.ogg,3184.453125,661656.6470019957,-3.4931300849311215,11.061581857591252,3316.11328125,2427.947864006256,178.97187917052796,
whevir,XC381085.ogg,462.4744762073864,1427429.528263482,2.2287801094625177,3.133513697666797,0.0,0.0,0.0,
whevir,XC381086.ogg,3552.978515625,540.9586429595947,0.0,-1.2499999999999998,3520.6787109375,3552.913261996265,3552.8480077682943,
whevir,XC381098.ogg,0.0,nan,0.0,-3.0,0.0,0.0,0.0,
whevir,XC381099.ogg,4594.647216796875,875014.3159204914,-0.0007736002323902817,-1.0855891624698952,4242.041015625,4499.366870537894,4401.652960090227,
whevir,XC381100.ogg,3595.761590254934,1780504.7201961912,-2.0444822329864993,2.8978871275301987,4274.3408203125,0.0,0.0,
whevir,XC381101.ogg,3166.9759114583335,3367143.901953331,-0.9172793767948024,-0.6767442588272523,21.533203125,1189.620057607119,71.64338242843228,
whevir,XC381102.ogg,3082.8369140625,14676.13772912459,0.34372223397749757,-1.8313221068850698,2971.58203125,3080.672775264373,3078.5284479946663,
whevir,XC381393.ogg,43.06640625,2136.2346410751343,2.114017953002853,2.582747431043807,21.533203125,32.098372329944226,27.821816999077118,
whevir,XC381395.ogg,4.6142578125,30.572230999286358,0.28867513459481287,-1.9166666666666667,0.0,0.0,0.0,
whevir,XC381396.ogg,156.11572265625,38.63990306854248,0.0,-2.0,150.732421875,156.02287951829933,155.9300915948276,
whevir,XC381398.ogg,3481.135919744318,1073803.1404560264,-0.6858012927840959,3.1937755391915994,3003.8818359375,2864.277967681552,273.58599766264496,
whevir,XC381400.ogg,3186.9140625,198.71950149536133,0.0,-1.0000000000000002,3176.1474609375,3186.886781909265,3186.8595010849945,
whevir,XC381407.ogg,2841.4665059840427,1065412.1494513764,-2.1259600522346775,3.5096027333021205,2960.8154296875,0.0,0.0,
whevir,XC382042.ogg,6.280517578125,30.736286531795155,-0.3380617018914066,-1.885714285714286,10.7666015625,0.0,0.0,
whevir,XC382043.ogg,10.7666015625,66.23983383178711,0.0,-1.0,10.7666015625,0.0,0.0,
whevir,XC382106.ogg,,
whevir,XC382111.ogg,4.306640625,34.77591276168823,0.40824829046386296,-1.8333333333333333,0.0,0.0,0.0,
whevir,XC382115.ogg,,
whevir,XC383679.ogg,128.1005859375,146050.356477499,6.757952861951806,43.793486080744366,86.1328125,75.27445624802532,65.4748911039579,
whevir,XC383953.ogg,4131.6064453125,562281.1155880198,-0.3288928805062822,0.07661613355352426,2508.6181640625,4059.4913796417422,3979.8319274099263,
whevir,XC384943.ogg,3192.987530048077,21889.27043304752,-0.8167569777285401,-0.8813829614056434,3262.2802734375,3189.558561681503,3186.041799218807,
whevir,XC386476.ogg,3035.845184326172,30359.62892095408,-0.8175476370197973,-0.16276529580239973,2831.6162109375,3030.832290854907,3025.646125434015,
whevir,XC388582.ogg,3206.2939453125,27111.963987350464,0.9743131092307352,-0.9191326398589266,3111.5478515625,3202.467770613641,3198.7633158232056,
whevir,XC389958.ogg,,
whevir,XC391887.ogg,5506.943044354839,5515682.87828276,-1.1075012244027331,-0.7074601782486658,6621.4599609375,4693.810511196821,3639.9128388520116,
whevir,XC398418.ogg,4072.711736505682,4081910.327456213,-1.2444114551564394,-0.36660238946491885,5404.833984375,2967.648862912302,1556.596488336585,
whevir,XC399105.ogg,3213.83056640625,99.35975074768066,0.0,-0.6666666666666665,3208.447265625,3213.817040420523,3213.8035143399206,
whevir,XC400613.ogg,2842.3828125,1217.1569466590881,1.823678082686508,2.3724489795918355,2820.849609375,2842.195110724108,2842.009990817365,
whevir,XC403847.ogg,2945.4937274639424,20431.294592527243,-2.1818338929371155,5.452763582551642,2960.8154296875,2941.8934300734813,2937.9975728059485,
whevir,XC403848.ogg,2685.498046875,18613.393306732178,0.884735730027347,-1.1039249471445305,2573.2177734375,2682.3678503356055,2679.3275955099916,
whevir,XC404739.ogg,2882.915900735294,398.9001757958356,-0.2514309424848554,-0.49772627657242907,2885.44921875,2882.8507105823,2882.785444105831,
whevir,XC404745.ogg,3804.3017578125,617224.3302289178,0.9818369716579429,-0.648109052456777,3229.98046875,3733.6319593226476,3671.4791967786123,
whevir,XC405565.ogg,49.64599609375,41.583895683288574,0.37295836197862975,-0.6968439188660036,53.8330078125,49.246626648814505,48.856847426470594,
whevir,XC406679.ogg,3307.14111328125,1835806.3838156788,0.4655209198832055,-1.4191164462770025,1690.3564453125,3063.6157502460674,2844.185849779287,
whevir,XC406833.ogg,8340.27099609375,1294.8613671156077,-0.12567428154457852,-0.9686512920481514,8344.1162109375,8340.198887764127,8340.1267536632,
whevir,XC406835.ogg,2953.125,166486.1792784471,-0.2087527193604295,-1.812911174361427,3251.513671875,2926.299885533204,2899.1558304393934,
whevir,XC411460.ogg,,
whevir,XC417441.ogg,3719.6455078125,540196.6640710831,0.5178201574486351,-1.5119237970519033,3079.248046875,3653.469403629705,3592.0124736559055,
whevir,XC424513.ogg,3045.751953125,105924.85427856445,0.006269688484137249,-1.301182469478202,2831.6162109375,3028.5315080452515,3011.284389533119,
whevir,XC424697.ogg,2829.462890625,200.9274959564209,0.07390530175619406,-0.970414201183432,2831.6162109375,2829.430941889827,2829.3990002568594,
whevir,XC430441.ogg,4532.7392578125,1865181.2410354614,-1.1541777183343813,-0.6670217525540449,2314.8193359375,4292.9191322017505,3999.044677273248,
whevir,XC431182.ogg,3283.428955078125,508316.358178854,0.3999955849043414,-1.6300225866133224,2594.7509765625,3211.7106629180057,3144.6603713292952,
whevir,XC434436.ogg,1553.113213900862,2734337.46798689,0.7068016420630924,-1.4932319917737185,398.3642578125,829.7755887351022,542.0140971903475,
whevir,XC440257.ogg,4405.008212002841,50356.5754944628,-1.3246190257788888,0.3480265345436644,4554.2724609375,4399.291293113947,4393.306279978788,
whevir,XC441854.ogg,3496.546672952586,533898.4854981818,0.19634342240097816,-1.5458704122935103,2627.05078125,3423.360101222499,3352.2789548488463,
whevir,XC447397.ogg,3307.3654174804688,364624.96230751276,1.8805503265763868,2.211120545058031,2874.6826171875,3264.2841349371784,3228.515008550373,
whevir,XC451869.ogg,5717.0654296875,91679.01094569717,0.3838557016482135,3.2650887324946734,5673.9990234375,5709.271193090553,5701.473827059999,
whevir,XC452047.ogg,4205.4345703125,31231.167998807185,-0.8342590345108921,-0.26691655941066506,4242.041015625,4201.755510476835,4197.985992263209,
whevir,XC452765.ogg,4566.11572265625,526.7906785011292,0.3713951682165538,-1.623531662292789,4543.505859375,4566.063867144,4566.012073074662,
whevir,XC453229.ogg,4704.107666015625,102827.35907016917,-1.2111253119823204,2.2019122724566325,4705.0048828125,4692.692376745053,4680.475461728153,
whevir,XC460600.ogg,2823.541259765625,681318.0908560753,1.3626499151506908,0.3790207006703019,2250.2197265625,2728.6968799998294,2653.088493294764,
whevir,XC460601.ogg,2814.0220083841464,9602.534252695921,-1.7791674458879452,2.882963556526038,2896.2158203125,2812.2837382182724,2810.4677639287224,
whevir,XC463410.ogg,3989.02587890625,127.51168012619019,0.0,-0.9421487603305785,3983.642578125,3989.012559829188,3988.999240702511,
whevir,XC491830.ogg,181.62788722826087,361504.0895001219,4.474660229217674,18.030909169821005,53.8330078125,65.62048679640698,56.60037777205081,
whevir,XC491833.ogg,498.8525390625,1211484.608888626,1.7884535744473942,1.1992840992525684,53.8330078125,94.56144260874287,55.98266912701784,
whevir,XC492286.ogg,51.141357421875,289.7992730140686,1.1300919748941307,0.2563265306122453,43.06640625,49.00892756782407,47.19606164383562,
whevir,XC496342.ogg,3434.5458984375,115.91970920562744,0.0,-1.5,3423.779296875,3434.534648033286,3434.523397629077,
whevir,XC497560.ogg,,
whevir,XC497561.ogg,,
whevir,XC534775.ogg,,
whevir,XC539873.ogg,39.4775390625,38.63990306854248,-0.7071067811865475,-1.5,43.06640625,39.12842682807489,38.759765625,
whevir,XC542557.ogg,3028.106689453125,28452.921956777573,-0.14743213021929813,-1.7229071466508632,3154.6142578125,3023.54671688501,3018.965703462682,
whevir,XC54749.ogg,3325.205078125,336361.87838966196,2.566903235068349,6.431516666660279,3369.9462890625,3285.819807249079,3254.052246427709,
whevir,XC54751.ogg,,
whevir,XC54752.ogg,3707.0755004882812,721831.5618052598,-0.014539092189646016,-1.8480759045138873,2820.849609375,3610.9537028224036,3516.456520987384,
whevir,XC54753.ogg,3160.1355919471152,191724.31580450854,2.5577669288551155,4.67805271485906,3079.248046875,3135.9529750686647,3116.2557398296644,
whevir,XC54755.ogg,0.0,0.0,0.0,-3.0,0.0,0.0,0.0,
whevir,XC54756.ogg,2688.817074424342,427419.69409741857,-3.9521689189218896,13.78451743330282,2863.916015625,0.0,0.0,
whevir,XC54757.ogg,4099.138849431818,395079.660545696,-0.5797996497780559,-1.6434127831516077,4554.2724609375,4052.3919219806426,4003.347257220235,
whevir,XC54758.ogg,3270.8935546875,2515.4576897621155,1.3856295943127042,0.08926713245131523,3240.7470703125,3270.5897612575027,3270.2897749472754,
whevir,XC553384.ogg,,
whevir,XC558116.ogg,1490.0324041193182,109949.40509173003,0.2917393380703126,-1.406888345253634,1216.6259765625,1454.9929720791956,1421.6053676525312,
whevir,XC558661.ogg,3857.8079223632812,11927.655078470707,-3.09137372249942,8.718183637502454,3908.2763671875,3856.270121753636,3854.6379410208915,
whevir,XC565258.ogg,4085.4359019886365,589738.3591370151,-0.42121486339942277,-1.3320803770199066,2713.18359375,4014.9543357231514,3940.315878184097,
whevir,XC570175.ogg,2824.632469383446,17099.549536769457,0.7985205398040861,-0.7314154299306033,2713.18359375,2821.753828762762,2818.942336277839,
whevir,XC570971.ogg,,
whevir,XC570985.ogg,3239.67041015625,127523.27209711075,0.6296016400376069,-1.3216375799183697,2853.1494140625,3222.6290058088402,3206.3309504433023,
whevir,XC572728.ogg,3103.0347247456393,304882.9561056093,1.5835615227211906,0.8738583776546061,2691.650390625,3062.0087745818073,3027.282322674772,
whevir,XC573857.ogg,3466.845703125,18083.47463607788,0.2843831512959417,-1.9074484987946525,3359.1796875,3464.6246042149724,3462.4198769530385,
whevir,XC574070.ogg,3283.8134765625,270487.5427357694,-1.4902189696419934,1.2291458148910621,3617.578125,3234.4655333615187,3174.039271127422,
whevir,XC578265.ogg,,
whevir,XC580295.ogg,55.986328125,81.14379644393921,-0.3436215967445456,-1.153061224489796,53.8330078125,55.37823904709404,54.74543167372881,
whevir,XC582724.ogg,3490.6219482421875,444899.63393172494,1.1717370858122955,-0.2516637690833172,2950.048828125,3436.5371491385304,3389.278869947365,
whevir,XC582725.ogg,5592.724311642531,787661.9803978176,0.5204546776760584,-1.1503500698534308,4737.3046875,5525.9376945274835,5462.502896523946,
whevir,XC583569.ogg,3403.0436197916665,51967.03681579004,-0.6349230409887818,1.744428317625336,3391.4794921875,3395.413506581835,3387.462552053855,
whevir,XC58492.ogg,3350.768280029297,283948.9501900971,1.238121883457626,2.0222053960268225,3703.7109375,3313.383021203552,3279.199903541681,
whevir,XC587341.ogg,64.37294407894737,130.66604623335337,0.9534492944802115,2.539890941917263,64.599609375,63.42312350883511,62.508170584758105,
whevir,XC588973.ogg,,
whevir,XC612053.ogg,,
whevir,XC612054.ogg,,
whevir,XC614727.ogg,51.6796875,381.24704360961914,0.5466780849033663,-1.1150474799123447,32.2998046875,48.560379052092614,45.792128164556964,
whevir,XC614732.ogg,3530.8931790865386,37789.51232732549,0.8364615355000122,-0.17238194185473077,3337.646484375,3525.8204610912985,3520.887559851481,
whevir,XC614739.ogg,3239.251708984375,910348.2963144779,-1.6318146504630133,5.035205300375157,3068.4814453125,2704.9589841155594,814.6387464445163,
whevir,XC614740.ogg,2985.2197265625,1550821.3035649266,-0.1962514633871655,3.9010356267937327,3251.513671875,2192.2211596542347,538.0265931296627,
