primary_label,filename,mean,variance,skewness,kurtosis,mode,gmean,hmean
whfpar1,XC126398.ogg,2846.2587890625,261214.24552202225,1.809705930059191,2.491441484792677,2605.517578125,2808.953377056205,2777.151867786789,
whfpar1,XC126401.ogg,5758.33740234375,388164.8742556572,-1.3457477247651193,0.37100141692184163,6169.2626953125,5727.295799952634,5693.138406768517,
whfpar1,XC126402.ogg,2591.76025390625,559705.9219681992,-0.13178368390263878,0.4943564835211607,2788.5498046875,2469.727286174067,2330.5905245825716,
whfpar1,XC137808.ogg,,
whfpar1,XC154052.ogg,401.2567776352612,270917.7202543497,5.5508983602537425,29.5500977127978,322.998046875,0.0,0.0,
whfpar1,XC166314.ogg,4486.083984375,196528.0669927597,-3.3087870018041237,9.332779044550145,4565.0390625,4459.803555627116,4426.005761282563,
whfpar1,XC166315.ogg,2478.7109375,681966.3212299347,-0.4018561532935812,-0.9408657194830092,1744.189453125,2310.868253844325,2095.566717737597,
whfpar1,XC171100.ogg,2251.7578125,71461.740732193,-2.0160894347639196,2.1131154989093117,2357.8857421875,2235.6694190612147,2216.7867374191123,
whfpar1,XC178509.ogg,1333.556277252907,3085741.7084588557,0.6126995356470314,-1.5354267760413343,21.533203125,0.0,0.0,
whfpar1,XC182349.ogg,2518.6669921875,85043.11466217041,1.5121777166215187,0.7363344907443232,2347.119140625,2504.419071064347,2491.594252269307,
whfpar1,XC185922.ogg,,
whfpar1,XC186152.ogg,2899.9607252038045,68989.17966209381,-1.477103606903575,1.7334613013725386,2713.18359375,2887.3601115231713,2873.3836396991114,
whfpar1,XC189090.ogg,3088.4765625,11375.417617651132,-0.10356816571917751,-1.7222027740958983,2993.115234375,3086.761845215703,3085.043626695025,
whfpar1,XC206894.ogg,4563.5009765625,951792.8123474121,-0.6000396748395721,-1.299339079877623,3046.9482421875,4451.130362534945,4329.2012178109635,
whfpar1,XC211228.ogg,5509.7314453125,412103.7229089176,-3.149969274133112,9.661057057983607,5641.69921875,5460.136094086272,5391.720149468486,
whfpar1,XC217881.ogg,2968.35205078125,26199.03713464737,-0.1677900456115717,-0.9430929320889248,2810.0830078125,2963.9909749969656,2959.5960454411534,
whfpar1,XC253756.ogg,2621.513671875,1338438.7704133987,0.5181749908193605,-0.08382637196102083,1798.0224609375,2326.0038984684443,1888.0060471943793,
whfpar1,XC264332.ogg,3826.1810302734375,246304.26612496376,-1.6772128272915394,5.083358309801426,3822.1435546875,3789.183667426184,3742.6069869246685,
whfpar1,XC282102.ogg,nan,nan,nan,nan,nan,nan,
whfpar1,XC283197.ogg,1593.45703125,1696106.9451726002,-0.22965032646367636,-1.8320976018098343,139.9658203125,703.5714323665254,243.19901672479278,
whfpar1,XC287024.ogg,1776.4892578125,335598.09630567377,-1.4333929387438722,0.6569237124089247,2013.3544921875,1624.654054310799,1390.3844085615037,
whfpar1,XC332695.ogg,2117.2936072716348,198157.2526904253,0.806769348610942,-1.038627826510816,1711.8896484375,2076.1158953693766,2039.1719388056724,
whfpar1,XC334720.ogg,2917.0761108398438,33332.05799662298,0.9701029545375585,0.5330428988413316,2885.44921875,2911.7329254682245,2906.5734919991337,
whfpar1,XC335838.ogg,,
whfpar1,XC335839.ogg,2513.104248046875,119428.03676832806,-0.3036970975942716,-1.7210554579582849,2088.720703125,2490.584755691658,2467.579791592406,
whfpar1,XC335840.ogg,2670.7901000976562,9682.676710188389,0.13529367566701758,-1.1564165509003659,2616.2841796875,2669.094686246273,2667.4039063970154,
whfpar1,XC343602.ogg,2411.71875,117722.90468215942,1.5032329559284048,1.6092712916987875,2153.3203125,2392.0708516797495,2374.494941480351,
whfpar1,XC349784.ogg,484.4970703125,1343248.6103475094,2.472985486745342,4.119617317164941,75.3662109375,143.31381291099183,105.18071038399363,
whfpar1,XC353206.ogg,2953.125,105348.32239151001,1.6439498562908879,2.4554300284545434,2670.1171875,2937.5560010837303,2923.4310329060922,
whfpar1,XC353208.ogg,3323.7132352941176,368825.10685665725,0.3762442542376343,-1.365381261628965,2820.849609375,3271.4182407863977,3221.470714893494,
whfpar1,XC353209.ogg,3087.02392578125,107393.54941774817,2.673383763479579,8.581546355203296,3003.8818359375,3072.85890241451,3060.465296726875,
whfpar1,XC353210.ogg,2807.146661931818,1184.488664973866,-0.6652275380722192,-0.3458194551740861,2842.3828125,2806.953841320162,2806.759995178531,
whfpar1,XC353211.ogg,3138.2302989130435,324247.12841689825,1.2493966787151303,-0.2860844970324039,2788.5498046875,3094.726916765794,3057.0062123426815,
whfpar1,XC353212.ogg,3016.44287109375,21032.60841439752,0.27705104214087073,-0.0778050859613928,3057.71484375,3013.170150250492,3009.9160842207116,
whfpar1,XC361774.ogg,,
whfpar1,XC361778.ogg,,
whfpar1,XC367714.ogg,2193.15673828125,1077303.0152875802,-1.4114097066181028,0.12312462010441383,172.265625,1561.966436126117,700.4467154858033,
whfpar1,XC367715.ogg,1919.53125,437539.8623943329,-0.5855235086757705,-0.27926996800276793,1970.2880859375,1772.0180759619923,1583.362148438794,
whfpar1,XC371391.ogg,0.0,0.0,0.0,-3.0,0.0,0.0,0.0,
whfpar1,XC376484.ogg,4.6142578125,33.119916915893555,0.28867513459481287,-1.9166666666666667,0.0,0.0,0.0,
whfpar1,XC383348.ogg,2980.278132512019,338569.19140907435,0.014102728815064856,-1.568452749105172,2357.8857421875,2924.81544693321,2869.6385133627437,
whfpar1,XC401004.ogg,2894.4459680008563,20820.511879578025,-0.9726672018095801,4.225436482262516,2842.3828125,2890.752397278419,2886.88668677305,
whfpar1,XC401006.ogg,3060.406494140625,8503.53866815567,-0.04502902446406946,-1.3466568189553902,2960.8154296875,3059.1892906079693,3057.9709270283342,
whfpar1,XC401008.ogg,2885.44921875,22256.58416748047,-0.20003767552758134,-1.9036102294921873,2713.18359375,2881.996290272815,2878.524439641708,
whfpar1,XC401009.ogg,2770.24658203125,8605.10641336441,-0.37550028742194885,-1.4179318237679426,2637.8173828125,2768.836870625827,2767.4159239987544,
whfpar1,XC401010.ogg,,
whfpar1,XC401012.ogg,,
whfpar1,XC403689.ogg,252.09228515625,86366.879341395,7.179690334738073,54.23010779055108,150.732421875,211.23197322694872,193.93709353090955,
whfpar1,XC447601.ogg,4626.947021484375,999778.5119712353,-0.9746205351004815,-0.7740800752316739,4984.9365234375,4509.740099561568,4375.532930809485,
whfpar1,XC447602.ogg,2846.689453125,498.454749584198,1.2864700617061373,-0.03055705786911833,2831.6162109375,2846.619830369599,2846.550623980546,
whfpar1,XC447603.ogg,2842.3828125,3941.270112991333,-0.30094034356530286,-1.7304822664359862,2885.44921875,2841.763863559367,2841.142401581484,
whfpar1,XC447604.ogg,2868.22265625,5440.498352050781,0.4307327954937304,0.6431807420798901,2863.916015625,2867.3742861643436,2866.530846576559,
whfpar1,XC447605.ogg,2890.83251953125,38.63990306854248,0.0,-2.0,2885.44921875,2890.827507142565,2890.8224947625695,
whfpar1,XC447606.ogg,2924.32861328125,95347.45681285858,-0.4254030103380853,3.1281355461415465,2745.4833984375,2907.400979604823,2888.81739677694,
whfpar1,XC447607.ogg,2942.595027043269,30030.635434847612,1.9033536071338188,1.6530401229150984,2863.916015625,2938.194507228762,2934.0897026972493,
whfpar1,XC447608.ogg,2899.2919921875,409667.8953904372,-0.45005713694673566,-0.3133874716900573,2767.0166015625,2825.2040199347507,2741.4726177017856,
whfpar1,XC447753.ogg,2853.1494140625,77.27980613708496,0.0,-1.0,2853.1494140625,2853.1392568369756,2853.129099575291,
whfpar1,XC494470.ogg,,
whfpar1,XC499530.ogg,1612.119140625,239.56739902496338,-0.11369949097648947,-0.6221516702414576,1614.990234375,1612.0497377035656,1611.9802807568142,
whfpar1,XC499531.ogg,2628.2470703125,14271.00419998169,-0.233847556463112,-1.891700161852103,2497.8515625,2625.816304250326,2623.37118426936,
whfpar1,XC504276.ogg,2968.890380859375,28.97992730140686,-1.1547005383792515,-0.666666666666667,2971.58203125,2968.8867159769356,2968.8830466621253,
whfpar1,XC504277.ogg,2685.498046875,128897.19665050507,-2.0192573353994323,2.1195537660671953,1873.388671875,2660.550207793759,2630.604126612685,
whfpar1,XC504278.ogg,3037.97607421875,251.15936994552612,-0.3053162697580516,-1.1517159763313605,3046.9482421875,3037.9415931117132,3037.9070783418815,
whfpar1,XC504280.ogg,3593.65234375,2485.833764076233,-0.09016051470593599,-1.432754906171978,3531.4453125,3593.3446388096213,3593.0366887233768,
whfpar1,XC504281.ogg,2657.2998046875,249952.51248522502,0.3954544485654546,0.3668976402772093,2530.1513671875,2611.4410990775964,2564.991022053808,
whfpar1,XC504282.ogg,2881.142578125,9887.95119524002,-0.4066745813497252,-1.8200936217116612,2950.048828125,2879.757852976321,2878.3620693498788,
whfpar1,XC504284.ogg,2846.689453125,150.69562196731567,0.27154541788363945,-1.044378698224852,2842.3828125,2846.6682928219107,2846.6471471607474,
whfpar1,XC504285.ogg,2828.924560546875,521.6386914253235,0.2519763153394848,-1.2592592592592593,2810.0830078125,2828.8439873659454,2828.763515431492,
whfpar1,XC504286.ogg,2939.2822265625,13040.967285633087,-1.26,0.9465333333333334,2680.8837890625,2937.2447716135525,2935.139520878434,
whfpar1,XC504287.ogg,3975.322931463068,15349.190924434784,0.30695749212232804,-1.1211917767382595,3908.2763671875,3973.4469275428855,3971.5821592184006,
whfpar1,XC511108.ogg,3103.365234375,129108.28092098236,0.6792788925037906,5.696634812127012,3283.8134765625,3083.419424055864,3062.733794530233,
whfpar1,XC522897.ogg,,
whfpar1,XC533424.ogg,162.24154768318965,1481.5452489359625,0.6395206435122839,-0.650836629407249,161.4990234375,158.07977135141093,154.19077018785117,
whfpar1,XC533426.ogg,239.736328125,11407.565314194251,0.8287554758235404,0.9070421082155642,204.5654296875,216.5969940025989,192.62239115937695,
whfpar1,XC539859.ogg,3039.7705078125,167680.61935901642,0.5726484046875439,-1.4831653591843499,2702.4169921875,3015.103286547218,2991.698297147667,
whfpar1,XC613667.ogg,2557.06787109375,1490.39626121521,0.0,-1.7392592592592593,2530.1513671875,2556.8128532871183,2556.557847648907,
whfpar1,XC614143.ogg,1692.7734375,1649722.282961011,-0.5233248536085006,-1.687557621835513,32.2998046875,0.0,0.0,
whfpar1,XC615062.ogg,2939.2822265625,8191.659450531006,-2.0127929674751233,2.1043743325026716,2971.58203125,2938.0397640356196,2936.7478717769627,
whfpar1,XC8826.ogg,,
