primary_label,filename,mean,variance,skewness,kurtosis,mode,gmean,hmean
whtdov,XC112747.ogg,424.2499168882979,38.60415847735974,1.0652379392811417,0.1361111111111004,419.8974609375,424.20583414848545,424.162194994594,
whtdov,XC112958.ogg,420.205078125,3.3119916915893555,5.6594533097027915,30.029411764705884,419.8974609375,420.20131034395257,420.19760208184414,
whtdov,XC112985.ogg,462.6605826364437,16.466662917338624,-0.31121250484361657,4.052953638982745,462.9638671875,462.6430015929078,462.6253814502032,
whtdov,XC113053.ogg,484.37187727107556,80.44605811219536,0.5129130459872002,-0.3278420104907118,484.4970703125,484.29028834175557,484.2091848251628,
whtdov,XC113786.ogg,438.3845036204268,34.9976625640902,-0.032010398307580915,-0.5204224828899733,441.4306640625,438.3447632533545,438.30500467953556,
whtdov,XC114093.ogg,,
whtdov,XC118675.ogg,462.54976712740387,4.458450354062594,-4.800000000000029,21.04000000000019,462.9638671875,462.54506557098136,462.54029548833495,
whtdov,XC120068.ogg,406.08504445929276,23.671822806150917,-0.9640431182132186,-1.0706208662257337,409.130859375,406.05586461162335,406.0264607596612,
whtdov,XC120069.ogg,4812.375923052226,4662.460084647348,0.7843228739493252,-0.4749495555984651,4748.0712890625,4811.901561062214,4811.430624801735,
whtdov,XC123801.ogg,43.06640625,115.91970920562744,0.0,-1.5,32.2998046875,42.14982006238937,41.233793218085104,
whtdov,XC124604.ogg,453.6192696049528,31.377395888025436,0.17933303637924336,0.4304817830933878,452.197265625,453.5853787068795,453.5515275089564,
whtdov,XC126418.ogg,432.71484375,19678.75063419342,2.042088177636289,2.1717560504279367,376.8310546875,417.17690729356246,406.401054669056,
whtdov,XC126419.ogg,441.4306640625,77.27980613708496,0.0,-1.0,441.4306640625,441.3649994025857,441.2993249776852,
whtdov,XC126420.ogg,419.8974609375,6.818806423860438,0.0,14.5,419.8974609375,419.88957079739566,419.88167591208975,
whtdov,XC126422.ogg,756.9247159090909,374199.5790160515,1.7476353640770659,1.1873894985755715,473.73046875,619.0413744032817,553.3332032100808,
whtdov,XC129296.ogg,7.177734375,86.93978190422058,0.6804138174397717,-1.1666666666666667,0.0,0.0,0.0,
whtdov,XC134166.ogg,,
whtdov,XC138134.ogg,399.64599609375,3591.8280627669355,-1.8486979885185661,1.6159847446258997,430.6640625,394.18217885376697,387.4641213480631,
whtdov,XC144503.ogg,419.8974609375,0.0,0.0,-3.0,419.8974609375,419.8974609374997,419.8974609375,
whtdov,XC144779.ogg,421.8912760416667,14452.611744403835,-2.9358292952178564,6.645095828166221,462.9638671875,365.37760306034863,214.227839522834,
whtdov,XC147509.ogg,442.3362660630841,9.01438754358697,2.99678588217156,6.980725623582771,441.4306640625,442.3263058703395,442.31647810409686,
whtdov,XC147510.ogg,447.13062959558823,30.684628907371966,-0.117851130197756,-1.9861111111111112,452.197265625,447.0983034762453,447.0659491356383,
whtdov,XC147511.ogg,400.5973307291667,19.19820059591265,1.4432985881026794,0.08311081441920143,398.3642578125,400.5737920491968,400.5504983492993,
whtdov,XC147512.ogg,453.43956580528845,12.305322977212759,2.4077170617153913,3.797101449275388,452.197265625,453.4266753581209,453.41393988228714,
whtdov,XC149771.ogg,520.7758364470109,27.60793074317601,0.5404528189332511,-1.707910750507102,516.796875,520.7499983543962,520.7242540232454,
whtdov,XC150304.ogg,,
whtdov,XC155046.ogg,,
whtdov,XC158378.ogg,430.6640625,29.596521499309134,0.0,1.0,430.6640625,430.63040766654535,430.5967396826638,
whtdov,XC164819.ogg,448.80344556725544,25.296859617616025,-0.7954440605227442,-1.36726874657909,452.197265625,448.775402594553,448.7471944060773,
whtdov,XC166268.ogg,8.074951171875,57.95985460281372,0.32396954829362334,-0.7755102040816326,10.7666015625,0.0,0.0,
whtdov,XC1697.ogg,424.4202340845725,3215.271721158474,16.037611441840067,258.126271632736,419.8974609375,422.7625884055292,421.97571818228283,
whtdov,XC169971.ogg,,
whtdov,XC170262.ogg,,
whtdov,XC170827.ogg,469.22351925872096,42.181453691787816,-1.123988631894806,0.2298829781220162,473.73046875,469.17862388483724,469.1332552339036,
whtdov,XC176515.ogg,0.0,0.0,0.0,-3.0,0.0,0.0,0.0,
whtdov,XC180945.ogg,481.6259765625,23.45042393125337,-1.0552897060221726,-0.8863636363636362,484.4970703125,481.60227745843713,481.57841326242476,
whtdov,XC183287.ogg,441.4306640625,0.0,0.0,-3.0,441.4306640625,441.43066406250017,441.4306640624998,
whtdov,XC187441.ogg,,
whtdov,XC189163.ogg,425.91409122242646,29.444845921215524,-0.23693955110363307,-1.9438596491228082,430.6640625,425.880473243904,425.84679110738256,
whtdov,XC190507.ogg,349.2321605413732,63168.731226047996,3.197583835093437,19.953670631473575,430.6640625,264.2300843737492,181.1347695536744,
whtdov,XC193084.ogg,,
whtdov,XC194652.ogg,,
whtdov,XC197646.ogg,462.24609375,143.36736448879898,-0.47983556904044566,-1.180414864360636,473.73046875,462.09489898451494,461.94244972352647,
whtdov,XC198850.ogg,,
whtdov,XC200150.ogg,,
whtdov,XC200395.ogg,454.54383263221155,2814.131402052367,-8.20761547111031,67.91989140893942,452.197265625,0.0,0.0,
whtdov,XC201031.ogg,1692.66357421875,5964268.395052507,0.9497686890647664,-1.09607584083768,183.0322265625,520.4879363588531,280.579837217176,
whtdov,XC206141.ogg,476.6516397165698,30.341871559273358,0.3017914869686994,-0.4820076185442974,473.73046875,476.620127196282,476.588683437039,
whtdov,XC206293.ogg,458.57222707648026,28.369823568745662,-0.37483568682116436,-1.8594982078853057,462.9638671875,458.5416119844967,458.5109103513806,
whtdov,XC207278.ogg,58.72691761363637,22047.138329256664,2.315896242667031,3.374108420558092,0.0,0.0,0.0,
whtdov,XC208828.ogg,418.5516357421875,12.812178385885138,-2.2677868380553634,3.142857142857144,419.8974609375,418.53629184925734,418.5207479508197,
whtdov,XC210886.ogg,,
whtdov,XC210887.ogg,,
whtdov,XC210888.ogg,,
whtdov,XC211071.ogg,4098.486328125,30.911922454833984,-0.7071067811865475,-1.5,4102.0751953125,4098.483183672257,4098.48003738497,
whtdov,XC212039.ogg,,
whtdov,XC213253.ogg,185.56554457720588,50852.95360754518,1.2380289472926984,-0.43016616127735574,64.599609375,104.14967531629169,72.162059173893,
whtdov,XC219930.ogg,500.1575816761364,85.3088769045743,0.37516208587461375,-0.5068512110726657,495.263671875,500.0765172715586,499.99579411513434,
whtdov,XC2204.ogg,425.8102667136271,28.936738140003857,-0.19767989419736945,-1.9609226594301172,430.6640625,425.7765094644939,425.74269881051316,
whtdov,XC221590.ogg,479.29940059267244,29.97923513938641,-0.0690065559342507,-1.9952380952380944,484.4970703125,479.2691884355888,479.2389625726745,
whtdov,XC221593.ogg,480.4595947265625,27.865314712891212,-0.5163977794943223,-1.7333333333333338,484.4970703125,480.43121420443913,480.4027288732395,
whtdov,XC229252.ogg,433.280246057243,21.524149848972968,1.1984874925111153,-0.5636277302944124,430.6640625,433.2558464541039,433.2316537921347,
whtdov,XC235855.ogg,2377.5189568014707,3981323.7819250897,-0.26937200002065687,-1.829491674709557,64.599609375,844.8051997784158,205.01180759223246,
whtdov,XC235856.ogg,472.0556640625,49.26225844393955,0.4074071148832192,0.3137858136069953,473.73046875,472.00425704801273,471.95303760685755,
whtdov,XC235857.ogg,1973.876953125,908841.432094574,-1.6285343515996387,0.9613150055721666,2271.7529296875,1290.5624317988054,340.6352860026067,
whtdov,XC238417.ogg,462.9638671875,0.0,0.0,-3.0,462.9638671875,462.96386718749994,462.9638671875,
whtdov,XC238418.ogg,445.23064108455884,28.127576498424304,0.6154574548966539,-1.6212121212121293,441.4306640625,445.20105077246876,445.17160189353814,
whtdov,XC238419.ogg,419.15493669181035,7.708946178699365,-3.402069087198861,9.574074074074089,419.8974609375,419.14592458495235,419.13677713145375,
whtdov,XC257620.ogg,424.51171875,29.223456102259018,0.28867513459481287,-1.9166666666666667,419.8974609375,424.4783613371471,424.445086868231,
whtdov,XC257621.ogg,451.5026461693548,352.96969096033985,0.7153125594011488,-1.0794297883090809,441.4306640625,451.12518959656967,450.7550386458552,
whtdov,XC257622.ogg,469.5174507472826,28.86538213420763,-0.4454354031873822,-1.801587301587296,473.73046875,469.48794881729225,469.45835029433863,
whtdov,XC257623.ogg,497.109375,166.96334586423987,3.2910173533945466,14.08422300255021,495.263671875,496.9546002772373,496.80754005730995,
whtdov,XC257624.ogg,469.9100617439516,27.42186669380433,-0.6067798762169031,-1.6318181818181927,473.73046875,469.8816984760558,469.85321044921875,
whtdov,XC257625.ogg,457.9170227050781,29.797909120398185,-0.1252448582170299,-1.984313725490196,462.9638671875,457.8854711024584,457.85389072847687,
whtdov,XC264416.ogg,459.375,26.879932569420856,-0.7071067811865475,-1.5,462.9638671875,459.3468142143637,459.3184824064961,
whtdov,XC274838.ogg,,
whtdov,XC276144.ogg,467.0013427734375,28.97992730140686,0.5163977794943223,-1.7333333333333334,462.9638671875,466.9723647265081,466.9434992836677,
whtdov,XC277692.ogg,446.2158203125,29.439926147460938,0.22360679774997896,-1.9500000000000002,441.4306640625,446.183804280496,446.1518476353609,
whtdov,XC28473.ogg,,
whtdov,XC285282.ogg,423.6857096354167,26.682799107560495,0.6204533874635735,-1.6150375939849724,419.8974609375,423.65466687990994,423.62378123540395,
whtdov,XC286361.ogg,468.6767578125,29.1689400820388,-0.1226791230164296,-1.98494983277592,473.73046875,468.6459270231919,468.61506932218293,
whtdov,XC288146.ogg,,
whtdov,XC294701.ogg,443.408203125,65.36183897981938,0.5691504785791872,0.3327779015370904,441.4306640625,443.33572000543364,443.26369624139943,
whtdov,XC295669.ogg,462.29095458984375,16.802191892836955,-0.6666455599840927,3.6315124989478997,462.9638671875,462.2730868458525,462.25514267221973,
whtdov,XC296529.ogg,456.45569758628733,27.922977871156924,0.42734397672924596,-1.8173771255532323,452.197265625,456.42543749603317,456.3952784255122,
whtdov,XC298674.ogg,9.5703125,41.85989499092102,-0.01508585654909108,-0.008875739644971237,10.7666015625,0.0,0.0,
whtdov,XC308834.ogg,226.995849609375,36218.76186945222,-0.0024797684162265227,-1.9966724528217767,409.130859375,134.5056547604554,78.72106326830576,
whtdov,XC309816.ogg,430.24996243990387,10.297582108092959,-1.0761777582890644,7.86136512593243,430.6640625,430.23800533122784,430.22597860715734,
whtdov,XC313905.ogg,,
whtdov,XC315211.ogg,,
whtdov,XC316745.ogg,0.0,0.0,0.0,-3.0,0.0,0.0,0.0,
whtdov,XC317620.ogg,,
whtdov,XC317706.ogg,506.0302734375,26.750702124375564,0.0,1.5,506.0302734375,506.0048153562017,505.97934958991647,
whtdov,XC319760.ogg,454.84990658967394,288.3557814895579,1.1673073802566627,-0.17307034271363397,441.4306640625,454.5431177821306,454.2449254803678,
whtdov,XC327114.ogg,,
whtdov,XC328522.ogg,103.0517578125,419.51894760131836,-0.11846432727312264,-1.5292590027700832,86.1328125,101.25099575375489,99.4265832470731,
whtdov,XC329427.ogg,448.8010892932047,50.264114793406925,0.4370130286352673,-0.7411182257245112,452.197265625,448.74571013722584,448.6905760944109,
whtdov,XC331705.ogg,304.156494140625,37565.713763237,-0.8098357725762683,-1.3430301276960095,430.6640625,177.65529927023977,70.55247440273038,
whtdov,XC333856.ogg,431.40658674568965,7.708946178699362,3.402069087198863,9.574074074074094,430.6640625,431.39808185914507,431.3896969776749,
whtdov,XC333857.ogg,430.6640625,0.0,0.0,-3.0,430.6640625,430.66406249999994,430.6640625,
whtdov,XC333858.ogg,441.4306640625,0.0,0.0,-3.0,441.4306640625,441.43066406250017,441.43066406249983,
whtdov,XC337470.ogg,438.2794636051829,62.200819573751325,0.5143429350332525,-0.9849008642038344,430.6640625,438.2094960049087,438.1399497669218,
whtdov,XC337471.ogg,437.58115288931566,55.431319109187726,0.6044910063697603,-0.7632545922622822,430.6640625,437.51858365530256,437.45643230848697,
whtdov,XC338123.ogg,26.91650390625,38.63990306854248,0.0,-2.0,21.533203125,26.37268009197709,25.83984375,
whtdov,XC343241.ogg,,
whtdov,XC344308.ogg,441.58230633802816,1.63267196064264,8.247077404407335,66.01428571428593,441.4306640625,441.58051200021686,441.5787454660766,
whtdov,XC344571.ogg,,
whtdov,XC345466.ogg,358.88671875,26495.933532714844,-1.7888543819998317,1.2000000000000002,430.6640625,0.0,0.0,
whtdov,XC347785.ogg,618.3774201766304,622919.8133530824,4.477504637355915,18.0495870019,452.197265625,498.3486627188663,470.22047088932527,
whtdov,XC347871.ogg,478.7773132324219,29.797909120398185,0.1252448582170299,-1.9843137254901961,473.73046875,478.74719420750506,478.71710526315786,
whtdov,XC353013.ogg,534.5301011029412,167081.21380385233,3.749382465668826,12.060611218623842,430.6640625,476.18703298620744,454.66947807147,
whtdov,XC353014.ogg,2357.8857421875,299227.40936279297,0.0,-2.0,1884.1552734375,2309.8061858495844,2262.7070178724316,
whtdov,XC360482.ogg,463.0391581075175,87.34224125116224,-0.013448838188292985,-1.663333948481354,473.73046875,462.9454707979434,462.8517727915221,
whtdov,XC360483.ogg,,
whtdov,XC360484.ogg,463.0391581075175,87.34224125116224,-0.013448838188292985,-1.663333948481354,473.73046875,462.9454707979434,462.8517727915221,
whtdov,XC360485.ogg,453.3015324519231,13.819266032505704,1.6167981447684185,3.778908273774195,452.197265625,453.2866140114286,453.2718225001912,
whtdov,XC361103.ogg,388.06576936141306,5.03998735676641,4.477215043467796,18.045454545454408,387.59765625,388.05966086515684,388.0536534926469,
whtdov,XC364314.ogg,,
whtdov,XC366505.ogg,,
whtdov,XC369815.ogg,,
whtdov,XC378902.ogg,30.76171875,55.19986152648926,0.13416407864998736,-0.6100000000000003,32.2998046875,29.973433776627186,29.174017137096772,
whtdov,XC381799.ogg,,
whtdov,XC385485.ogg,454.9658203125,4427.743245573605,-5.528804975418145,29.069405082871995,473.73046875,442.4198319413033,405.8840670365364,
whtdov,XC385733.ogg,482.9310191761364,14.675357125022195,-2.011271430204655,2.045212765957465,484.4970703125,482.9159420348331,482.900704347714,
whtdov,XC386638.ogg,500.45121626420456,31.334093205624576,0.2693846182479189,-1.4648388564406578,495.263671875,500.4202550916333,500.38935587986214,
whtdov,XC387066.ogg,466.552734375,26.648209012787916,0.7071067811865475,-1.5,462.9638671875,466.5252676600185,466.497942509542,
whtdov,XC387419.ogg,,
whtdov,XC387962.ogg,987.035472972973,279630.8866304321,0.9773107838110119,-0.09712995775295008,452.197265625,866.6473668455612,767.701649576007,
whtdov,XC388552.ogg,414.85777509973406,5754.914925012405,-4.547220307223504,18.72520459823671,430.6640625,395.1449751812877,333.3846507352944,
whtdov,XC389465.ogg,,
whtdov,XC389840.ogg,,
whtdov,XC396041.ogg,,
whtdov,XC396701.ogg,3821.246337890625,10463.510115038265,-1.1145801509433488,0.6577794980496381,3822.1435546875,3819.9660520057305,3818.6599807932266,
whtdov,XC404741.ogg,426.93716195913464,55.10644637621366,0.5501015567889406,-0.7537625286706331,419.8974609375,426.8754797925993,426.8141727901738,
whtdov,XC404742.ogg,429.5240693933824,46.984823311076426,0.08891009099619893,-0.5427985551690706,430.6640625,429.47005639208874,429.4160813930561,
whtdov,XC409342.ogg,456.982421875,7514.495149254799,-4.896273531052144,22.00429060172536,473.73046875,418.9965926444061,231.18570798587436,
whtdov,XC411432.ogg,463.63677978515625,2211.877536424931,0.4805546090350721,-1.6233760335504224,430.6640625,461.3666859635887,459.174596466354,
whtdov,XC415520.ogg,448.1133822737069,28.266135988564326,-0.49746833816310326,-1.7525252525252448,452.197265625,448.08281148607807,448.0521240234375,
whtdov,XC417122.ogg,0.0,0.0,0.0,-3.0,0.0,0.0,0.0,
whtdov,XC418924.ogg,,
whtdov,XC420921.ogg,446.74750434027777,32.23569691181183,0.2819274874503005,-1.340709730586682,441.4306640625,446.7119528978633,446.67648527369033,
whtdov,XC421376.ogg,,
whtdov,XC423527.ogg,479.6031605113636,30.10901537808504,-0.18257418583504983,-1.9666666666666672,484.4970703125,479.5731560306226,479.5431125383436,
whtdov,XC424488.ogg,443.94017269736844,20.87822513717213,1.2626338144024907,-0.4057558507274073,441.4306640625,443.91703371461125,443.8940935109136,
whtdov,XC425533.ogg,,
whtdov,XC425534.ogg,,
whtdov,XC425956.ogg,1317.5628662109375,102040.3940230608,1.0083933503497937,-0.6964156172166507,1055.126953125,1287.6011373273236,1261.706832810877,
whtdov,XC427540.ogg,476.806640625,24.03864937443887,0.9486832980505138,-1.1,473.73046875,476.78199105123684,476.7575004992013,
whtdov,XC427541.ogg,454.70947265625,21.451808255294274,1.260976649982561,-0.40993788819875787,452.197265625,454.6868600708806,454.6644369885037,
whtdov,XC427542.ogg,446.84620017776945,29.15345980021767,-0.011976262619124841,-1.9998565691336772,452.197265625,446.81376986097354,446.781338778409,
whtdov,XC430430.ogg,5181.96533203125,34212.36463693472,-2.9060147671802268,9.780596042324445,5232.568359375,5178.49887105297,5174.75748163429,
whtdov,XC430432.ogg,477.3193359375,26.564933359622955,0.7071067811865475,-1.5000000000000002,473.73046875,477.29248572129563,477.265770755597,
whtdov,XC432369.ogg,534.9300986842105,26.437828415318535,-0.7925939239012137,-1.371794871794875,538.330078125,534.9065709101495,534.8829271444772,
whtdov,XC433580.ogg,,
whtdov,XC433581.ogg,,
whtdov,XC433582.ogg,,
whtdov,XC435954.ogg,,
whtdov,XC440857.ogg,447.4750719572368,34.796518320941104,0.23878608027787074,-1.0102382055935157,452.197265625,447.4364376927619,447.39788143943383,
whtdov,XC440863.ogg,2267.837801846591,321544.4122877988,-0.27697108702112855,-0.6973405334022629,1464.2578125,2196.995034040287,2120.86822712948,
whtdov,XC440864.ogg,420.1315174932065,23.127941981605858,0.10437080392816958,2.1008155057484093,419.8974609375,420.1046044776206,420.0777002253541,
whtdov,XC440865.ogg,2892.1783447265625,64.16983902454376,0.6604840139049142,-0.7388137356919873,2885.44921875,2892.1686487676707,2892.1589638333803,
whtdov,XC440866.ogg,432.00173117897725,12.651124936699638,2.2782995851985057,3.1906489999156555,430.6640625,431.9873126204269,431.9730718085106,
whtdov,XC440867.ogg,1623.3642578125,1848.275363445282,2.109793012447247,3.1171587611844274,1593.45703125,1622.8751656310915,1622.4024809133007,
whtdov,XC440868.ogg,517.9106613685345,138273.43539084643,4.334335599088777,16.79298662901311,441.4306640625,470.442542409253,453.3942214897711,
whtdov,XC440869.ogg,1694.4673295454545,2787956.9804776795,0.6352869107654286,-1.510803672402377,462.9638671875,992.2227432320773,673.8304932363764,
whtdov,XC440870.ogg,814.0896606445312,739102.5802152632,2.076330050354716,2.4817182777340783,462.9638671875,603.5304317675353,526.4403362530072,
whtdov,XC440873.ogg,428.31169577205884,33.71429229424458,-0.12283095386343043,-0.17905809537422002,430.6640625,428.27261798425775,428.2334878923215,
whtdov,XC440874.ogg,474.8347355769231,517.3366779257894,2.069242380769609,2.6669018326118863,462.9638671875,474.33577026602666,473.8670242017069,
whtdov,XC444748.ogg,,
whtdov,XC444749.ogg,,
whtdov,XC453088.ogg,2961.6883973817567,3428.508156054729,-1.7906742754495877,2.2587585718272036,2971.58203125,2961.1115894889185,2960.5208195934833,
whtdov,XC453089.ogg,5373.362379807692,348147.90448775655,1.7672700046156817,1.971115793682948,4984.9365234375,5345.503216963357,5320.637986653776,
whtdov,XC455152.ogg,4269.7265625,2699.8865604400635,-0.1668549819032721,-1.5998223516178782,4317.4072265625,4269.421262984999,4269.115562500064,
whtdov,XC455153.ogg,4364.0625,260.81934571266174,-0.6023502210107626,-0.9074074074074074,4371.240234375,4364.0359001866145,4364.009262965133,
whtdov,XC466243.ogg,,
whtdov,XC47246.ogg,4055.208812040441,1491.6139052194708,-0.9759648155489392,0.7550034285714089,4069.775390625,4055.034652235678,4054.8594180233595,
whtdov,XC478422.ogg,,
whtdov,XC482225.ogg,,
whtdov,XC483309.ogg,445.79971976902175,28.36228179199922,0.3836828684656152,-1.8527874564459967,441.4306640625,445.7684639088013,445.73730468749994,
whtdov,XC484747.ogg,,
whtdov,XC486109.ogg,,
whtdov,XC486166.ogg,183.70513916015625,40486.407436430454,0.2512962810460406,-1.9332936168985788,10.7666015625,0.0,0.0,
whtdov,XC486909.ogg,94.3359375,3847.4303483963013,1.0646585222126173,-0.18174914421099642,86.1328125,78.0782410247185,65.67737996155132,
whtdov,XC490148.ogg,,
whtdov,XC491746.ogg,,
whtdov,XC492013.ogg,473.73046875,0.0,0.0,-3.0,473.73046875,473.7304687499999,473.73046874999994,
whtdov,XC493309.ogg,,
whtdov,XC495077.ogg,454.888916015625,22.10333438242896,1.1547005383792515,-0.6666666666666665,452.197265625,454.8652118408671,454.8416940789472,
whtdov,XC496452.ogg,,
whtdov,XC496453.ogg,,
whtdov,XC497522.ogg,447.83935546875,28.60968432775358,-0.38805700005813276,-1.849411764705882,452.197265625,447.80807747002586,447.7767058115296,
whtdov,XC497523.ogg,437.1611496497845,28.226063493808255,-0.4229444261101417,-1.8211180124223616,441.4306640625,437.12931354463393,437.0973711587707,
whtdov,XC497524.ogg,415.75170056573273,27.60708242957754,-0.47242263882268143,-1.7768168503278097,419.8974609375,415.71855704491895,415.6852839824449,
whtdov,XC497525.ogg,463.45699397662213,24.722277383137925,0.17074611128674322,1.6442115726095992,462.9638671875,463.43055190834696,463.4041325062123,
whtdov,XC497526.ogg,453.919921875,30.09181022644043,0.26335297940828933,0.3783078201020533,452.197265625,453.8874997080502,453.8551369135555,
whtdov,XC497528.ogg,1932.60498046875,38.63990306854248,0.0,-2.0,1927.2216796875,1932.5974828208084,1932.5899852019497,
whtdov,XC497529.ogg,464.886474609375,17.633289098739624,1.6785086548325647,0.8173913043478263,462.9638671875,464.86836594427314,464.85043551344745,
whtdov,XC497532.ogg,462.326371042352,6.500029006084111,-3.7352143113650134,11.951825951825992,462.9638671875,462.3192904611677,462.31211139136553,
whtdov,XC502891.ogg,468.6232346754808,29.279087390099388,-0.10269923319262166,-1.9894528675016487,473.73046875,468.5923704453469,468.5614839833381,
whtdov,XC502892.ogg,461.6180419921875,70850.68823465149,9.216282464384546,82.96642355892436,430.6640625,442.6437048187864,437.32978050047655,
whtdov,XC502921.ogg,,
whtdov,XC502947.ogg,2059.112548828125,181555.1045536995,0.5164391699094606,-1.5499485060450995,1787.255859375,2022.4998230183069,1988.5057434200767,
whtdov,XC502949.ogg,434.970703125,71.72532007098198,1.8868240999288002,2.5131619222528316,430.6640625,434.8914232449348,434.81400172347,
whtdov,XC502951.ogg,856.60400390625,1251851.754646326,2.5292111642925934,4.740025682333812,452.197265625,584.5023213676192,506.4146128925622,
whtdov,XC502953.ogg,476.422119140625,57.95985460281372,-0.32396954829362334,-0.7755102040816326,473.73046875,476.3687121803072,476.3151244641465,
whtdov,XC50881.ogg,427.2569101068038,55.11923855444473,0.9725259923919534,1.4340372048597017,430.6640625,427.1938999991555,427.13155062299495,
whtdov,XC50882.ogg,420.65567231514086,7.696882100172447,3.3579394836353806,9.27575757575749,419.8974609375,420.64678249102116,420.6380208333335,
whtdov,XC50883.ogg,,
whtdov,XC50884.ogg,441.01656400240387,882.3129429710709,0.14922244921491368,-1.5115683496835308,409.130859375,440.0271097979287,439.04434898484686,
whtdov,XC511078.ogg,477.4862599927326,26.64091812112915,0.6343350474165315,-1.5976190476190602,473.73046875,477.458811210081,477.4314880371094,
whtdov,XC533996.ogg,,
whtdov,XC533997.ogg,,
whtdov,XC538019.ogg,3382.50732421875,15274.353682994843,-0.7619644642807085,-1.33228897680813,3456.0791015625,3380.5926397226062,3378.6457178131304,
whtdov,XC538227.ogg,559.0243252840909,72.49933966038903,0.7804900065633125,0.5222717907372658,559.86328125,558.9608051862492,558.8977605213101,
whtdov,XC538235.ogg,545.2317457932693,466.6511370585515,-1.4769066047775923,1.194089504173232,549.0966796875,544.7974563703403,544.3452136444338,
whtdov,XC541692.ogg,,
whtdov,XC544054.ogg,464.578857421875,169.71834347798273,0.23702046903338606,-1.3245144015629933,452.197265625,464.4014653776034,464.22482913275024,
whtdov,XC544533.ogg,443.62048132944915,23.102642220408516,0.8698230784382318,0.27161359121438666,441.4306640625,443.5950392911557,443.5697514433508,
whtdov,XC549803.ogg,,
whtdov,XC551074.ogg,473.73046875,0.0,0.0,-3.0,473.73046875,473.7304687499999,473.73046874999994,
whtdov,XC558264.ogg,449.462890625,22.31736336984942,-1.1304536841086827,-0.7220744680851063,452.197265625,449.43826361150343,449.4134425199596,
whtdov,XC561286.ogg,3056.664443597561,1465.2533974589371,0.4190387607392281,-0.6944472764361262,3046.9482421875,3056.431383656676,3056.199103091733,
whtdov,XC562079.ogg,,
whtdov,XC56464.ogg,,
whtdov,XC570004.ogg,448.24951171875,74.5291689694938,0.7520942385937526,-1.0157678040282803,441.4306640625,448.1685248645564,448.088306864754,
whtdov,XC572773.ogg,,
whtdov,XC573312.ogg,,
whtdov,XC573792.ogg,452.197265625,0.0,0.0,-3.0,452.197265625,452.197265625,452.197265625,
whtdov,XC580903.ogg,503.03955078125,24.623467641718246,-0.9922778767136676,-1.0153846153846158,506.0302734375,503.0162876205929,502.9928768382353,
whtdov,XC581520.ogg,436.72027587890625,1775.0205472111702,-8.775685627222984,75.01265822784814,441.4306640625,430.95268476568526,411.4305218446601,
whtdov,XC585401.ogg,485.98783052884613,14.04411861529717,2.0935463949806747,2.3829365079365576,484.4970703125,485.97375370691134,485.9598256405149,
whtdov,XC590152.ogg,23.189603365384617,15.69374524630033,1.9188064472004929,1.6818181818181808,21.533203125,22.919207688324324,22.697160050675684,
whtdov,XC594827.ogg,102.28271484375,38.63990306854248,0.0,-2.0,96.8994140625,102.14095079108318,101.9993832236842,
whtdov,XC601369.ogg,447.8324271537162,10686.892109948236,-3.9357890113810097,13.514768252183039,473.73046875,399.5937720228985,221.54767071759255,
whtdov,XC602691.ogg,447.9938663848459,27.778020066138318,-0.44928047695640577,-1.7981470530258243,452.197265625,447.9629664301701,447.9319596278753,
whtdov,XC602779.ogg,98.4375,55.19986152648926,-0.13416407864998736,-0.6100000000000003,96.8994140625,98.19451207098187,97.94886620036102,
whtdov,XC608631.ogg,,
whtdov,XC610281.ogg,520.4218112044598,109804.3252592383,4.259780259647618,16.59683308880903,441.4306640625,479.21789533974544,462.98700956514824,
whtdov,XC615401.ogg,490.13671875,76.72780752182007,-0.6489491053465589,-0.3736607836033339,495.263671875,490.0615872104157,489.98586723017536,
whtdov,XC6468.ogg,446.81396484375,29.31302991406671,0.0,-2.0,441.4306640625,446.7815341440278,446.7491057981927,
whtdov,XC73767.ogg,420.076904296875,1.91575990003698,7.550956836887783,55.01694915254238,419.8974609375,420.0746797129474,420.0724911421426,
whtdov,XC8002.ogg,473.3940124511719,48.49463641162841,0.026259159998936573,-0.5358920017419075,473.73046875,473.3443952944312,473.29478072510767,
whtdov,XC84978.ogg,1926.8229166666667,2920.119854120108,-0.3423058576240834,-0.2866331886109754,1916.455078125,1926.0880227506304,1925.3478604316463,
whtdov,XC85040.ogg,728.779296875,520.7019665024497,0.5451900436814846,-0.931256036099458,710.595703125,728.433669751927,728.0917961896124,
whtdov,XC85194.ogg,450.25574731045083,32.875589659956646,-0.15985746590248504,0.0713299252675772,452.197265625,450.2197824592443,450.1837604338791,
whtdov,XC85195.ogg,642.55078125,437769.71660691337,3.0966048185288333,7.591220208626895,452.197265625,520.564265163732,481.1861338624269,
whtdov,XC85433.ogg,480.7412790697674,26.64091812112915,-0.6343350474165311,-1.5976190476190606,484.4970703125,480.713768053497,480.6861337342686,
