primary_label,filename,mean,variance,skewness,kurtosis,mode,gmean,hmean
whwbec1,XC11292.ogg,2585.1177014802633,51776.11432577434,0.6076516185107037,-1.4993089925995695,2411.71875,2575.927648655496,2567.067363455514,
whwbec1,XC115178.ogg,1886.1740112304688,188.85252624750137,0.832694768679496,-0.4021297610559844,1873.388671875,1886.1272591699624,1886.0806883838725,
whwbec1,XC115719.ogg,2073.33984375,33.119916915893555,-0.28867513459481287,-1.9166666666666667,2077.9541015625,2073.332994271157,2073.32614142539,
whwbec1,XC119094.ogg,2749.072265625,363624.2172297309,-0.1648511730283487,-0.1881391180005405,2131.787109375,2672.7050569186226,2562.4879293972126,
whwbec1,XC119879.ogg,953.203125,1521368.1040714527,0.5757713178887228,-1.6396517565379474,32.2998046875,157.3745175885831,45.08936082038316,
whwbec1,XC123675.ogg,,
whwbec1,XC127201.ogg,,
whwbec1,XC129905.ogg,2479.631159855769,123.35045979573177,-0.645233569563047,0.24335897808095686,2476.318359375,2479.6081573140877,2479.5851115253286,
whwbec1,XC131810.ogg,,
whwbec1,XC142305.ogg,32.93313419117647,79.26862467737759,0.577127355890487,0.06468955948664634,32.2998046875,31.832049214356605,30.761718750000004,
whwbec1,XC144790.ogg,4069.775390625,955137.4910158269,-1.4171009380904023,0.6656840912420088,4285.107421875,3919.1352179520627,3721.7281704839033,
whwbec1,XC148185.ogg,,
whwbec1,XC153605.ogg,7909.1455078125,345619.5809841156,1.4933493835962788,1.29710188612251,7321.2890625,7890.032341441426,7872.123304340343,
whwbec1,XC176872.ogg,854.150390625,2188718.6694145203,0.7071067811865475,-1.5000000000000002,0.0,0.0,0.0,
whwbec1,XC181457.ogg,,
whwbec1,XC187912.ogg,10.7666015625,17.833801416250374,0.0,3.999999999999999,10.7666015625,0.0,0.0,
whwbec1,XC192112.ogg,2473.626708984375,24048.763882172734,-2.219916598545783,3.477262138356873,2540.91796875,2468.5315631282915,2462.914776741264,
whwbec1,XC192113.ogg,8382.288707386364,41577.23824544386,1.0168668876105138,-0.9547627762543724,8257.9833984375,8380.068640308558,8377.883371195514,
whwbec1,XC19552.ogg,1756.75048828125,158.42360258102417,0.48756686638394087,-1.0101130279595474,1744.189453125,1756.7129920099992,1756.6755748419914,
whwbec1,XC196401.ogg,2738.90380859375,520276.8242534469,0.2894391794611366,-1.708760638268203,2077.9541015625,2651.5302162628086,2569.8857865471286,
whwbec1,XC201118.ogg,2073.955078125,316795.5121152541,0.9849143498607129,0.21309495536273237,1141.259765625,2006.8242353586697,1945.2560199208876,
whwbec1,XC201252.ogg,,
whwbec1,XC205124.ogg,2590.303902004076,1196886.8455083473,-0.6548470790621652,0.44235612070391284,1981.0546875,1929.08087247193,484.5505806530272,
whwbec1,XC205377.ogg,2895.9654342296512,26415.829547615936,-0.9156001359751103,-0.16170294289251386,2950.048828125,2891.3428435108276,2886.5498670815546,
whwbec1,XC207557.ogg,47.6806640625,33.119916915893555,0.28867513459481287,-1.9166666666666667,43.06640625,47.38833997724196,47.1038818359375,
whwbec1,XC211665.ogg,,
whwbec1,XC221597.ogg,2238.7353515625,421.72694206237793,-2.0117078784052786,4.420150215180507,2239.453125,2238.64637291581,2238.556307275718,
whwbec1,XC2227.ogg,,
whwbec1,XC2283.ogg,762.5146484375,1460679.4324896552,1.1445799646672037,-0.41103590071122253,21.533203125,0.0,0.0,
whwbec1,XC233649.ogg,4523.672645970395,2184265.5900591295,0.28822978934784355,-1.5021538533514238,4974.169921875,4298.753294674694,4090.0495089181472,
whwbec1,XC234227.ogg,,
whwbec1,XC244722.ogg,2382.64892578125,3040.960371494293,0.24602236148836568,-1.745185826219911,2325.5859375,2382.076558221753,2381.506326243706,
whwbec1,XC244797.ogg,2476.318359375,132.47966766357422,-0.75,-0.5,2476.318359375,2476.294902392693,2476.271394082203,
whwbec1,XC244864.ogg,3985.6001420454545,691410.4822657325,1.345449192960215,0.3454515340241877,3779.0771484375,3917.3307191481135,3858.7921098596394,
whwbec1,XC244893.ogg,374.79413006756755,22905.97821409638,-0.7365916965148496,-0.7044665811907747,462.9638671875,330.93892002309616,274.9220886465359,
whwbec1,XC244898.ogg,5071.83837890625,543636.0485507891,-0.7556409094564444,-0.016529252441450204,4855.7373046875,5016.985570017045,4956.376371153746,
whwbec1,XC244968.ogg,1934.8216337316176,195263.3407536675,-2.2011619393512687,4.471282976741288,2121.0205078125,1851.1946276606488,1696.48566109153,
whwbec1,XC245069.ogg,,
whwbec1,XC245359.ogg,,
whwbec1,XC248824.ogg,3761.5814208984375,825.9279280900955,0.0519446707190997,-1.6136958938700134,3736.0107421875,3761.4853809170845,3761.38936527128,
whwbec1,XC249870.ogg,2347.119140625,67478.9083705229,-0.49043812619519633,-0.8385294471558362,2594.7509765625,2332.4913143819217,2317.1963663907322,
whwbec1,XC251902.ogg,3.505405159883721,26.0594695113426,0.7444375004781977,-1.4458128078817731,0.0,0.0,0.0,
whwbec1,XC254199.ogg,3261.2548828125,138407.02879428864,-1.2758214298972268,1.3334748936661933,3574.51171875,3238.5051446902958,3212.7784210916607,
whwbec1,XC259049.ogg,1195.0927734375,2687482.5382232666,0.4371945411757435,-1.7703987767162368,0.0,0.0,0.0,
whwbec1,XC259050.ogg,,
whwbec1,XC259051.ogg,11.962890625,70.83982229232788,-0.17816579452322398,-1.146694214876033,10.7666015625,0.0,0.0,
whwbec1,XC259052.ogg,2141.389754011824,797.1655678104711,0.48461460779541227,-1.3236514845254552,2121.0205078125,2141.2093950019466,2141.029791698357,
whwbec1,XC260977.ogg,2428.2159620715724,793.2622934825075,0.2207461190948964,0.566389388902957,2433.251953125,2428.055493778694,2427.8952543439755,
whwbec1,XC262966.ogg,2319.788536658654,3489.004909075223,-0.9042569396643155,-0.524675129016821,2347.119140625,2319.054109871025,2318.3083484194194,
whwbec1,XC262967.ogg,2409.5654296875,3569.468379020691,-0.14731610410575682,0.040329417025946945,2422.4853515625,2408.8358960308665,2408.1039321891035,
whwbec1,XC262968.ogg,2316.3949361661585,3098.3076422679715,0.10852756706293687,-1.6179433899755722,2379.4189453125,2315.7434283345383,2315.0930826632107,
whwbec1,XC264750.ogg,2338.8705345892135,4546.5196568275605,2.470236864235682,8.587092785464659,2347.119140625,2337.9480110316626,2337.0641189669545,
whwbec1,XC275100.ogg,2365.42236328125,71041.69883853511,1.8406120990529493,1.6167795270262415,2293.2861328125,2352.7819806959983,2341.6307219909363,
whwbec1,XC276326.ogg,2388.9081534692796,2738.442224483613,0.2809042892886772,-1.3885629043239929,2325.5859375,2388.3468561276654,2387.787822770334,
whwbec1,XC276327.ogg,139.9658203125,2978.2448365138125,0.7282169079123368,0.23156083043493814,75.3662109375,130.5514579560195,121.78908030409005,
whwbec1,XC276328.ogg,4179.5947265625,4546815.748214722,0.24722567917889537,-1.8320785688329086,2250.2197265625,3650.753783225729,3215.336623774768,
whwbec1,XC276329.ogg,86.1328125,77.27980613708496,0.0,-1.0,86.1328125,85.79436661352744,85.45460137795276,
whwbec1,XC276330.ogg,2716.6015625,11179.99001856773,-2.6542489226710098,7.070939119445905,2734.716796875,2714.4220147122646,2712.073855043299,
whwbec1,XC276331.ogg,2417.7001953125,15913.200080394745,-0.11597205036339008,-1.4554546621833095,2551.6845703125,2414.759929194857,2411.8079550792777,
whwbec1,XC276332.ogg,3626.55029296875,50011.1681020866,-4.826274406993181,24.899767484387084,3682.177734375,3617.9375693972747,3606.8305357263284,
whwbec1,XC282603.ogg,1974.176025390625,13401.330381631851,-1.120150686267508,-0.13690839864021243,2013.3544921875,1970.7195293608268,1967.1040498776172,
whwbec1,XC282677.ogg,2149.5126119474085,10599.846905324517,0.3347598851859743,1.877050625425709,2153.3203125,2147.0909764055723,2144.676821380609,
whwbec1,XC288201.ogg,,
whwbec1,XC288349.ogg,2536.3846628289475,2913233.7992755994,2.5523316176608386,4.556946608716298,1894.921875,2257.9176792639805,2125.6770582060203,
whwbec1,XC297988.ogg,10.12060546875,11.402714252471924,-1.4176791478962685,6.439524112876846,10.7666015625,0.0,0.0,
whwbec1,XC297990.ogg,26.91650390625,30.911922454833984,0.0,-2.0,21.533203125,26.37268009197709,25.83984375,
whwbec1,XC299467.ogg,,
whwbec1,XC313723.ogg,645.99609375,115.91970920562744,0.0,-1.5,635.2294921875,645.9362737576447,645.8764537659737,
whwbec1,XC317306.ogg,,
whwbec1,XC32332.ogg,2206.5291694972825,56367.26800971629,-1.4627976751495446,0.29608841232168803,2314.8193359375,2192.3896771581076,2176.6258937830326,
whwbec1,XC32333.ogg,,
whwbec1,XC32334.ogg,2330.2963256835938,416.827954351902,-0.2941752867459763,0.1538114502617587,2325.5859375,2330.2123312155263,2330.1281870820617,
whwbec1,XC323911.ogg,,
whwbec1,XC324461.ogg,,
whwbec1,XC328497.ogg,1455.3636633831522,729236.6870118695,-1.0519913418979439,-0.8349872716269031,1830.322265625,744.5683569771618,129.43168974332568,
whwbec1,XC344126.ogg,3074.604631035249,400420.7634728101,-0.9082568023322349,-1.0673197451432568,3552.978515625,2999.1713566752655,2914.374417434471,
whwbec1,XC344327.ogg,2362.6708984375,1066.764382755055,-0.12612939059396505,0.0045276988636362425,2368.65234375,2362.457397335907,2362.2435975600456,
whwbec1,XC347504.ogg,1894.3552117598683,331665.2690423162,-1.1589224794184227,5.143328379204588,1894.921875,1555.944298616175,341.41810198159425,
whwbec1,XC348896.ogg,,
whwbec1,XC348900.ogg,,
whwbec1,XC348913.ogg,,
whwbec1,XC358655.ogg,3237.502341074486,143887.54452540452,2.4019660303723103,11.410464169467987,3154.6142578125,3218.160712368937,3200.4606487995393,
whwbec1,XC358657.ogg,1945.166015625,38.63990306854248,-0.7071067811865475,-1.5,1948.7548828125,1945.1593859316674,1945.1527480938078,
whwbec1,XC370170.ogg,21.533203125,0.0,0.0,-3.0,21.533203125,21.533203125,21.533203125,
whwbec1,XC388431.ogg,3086.8743896484375,81370.3858755205,-2.4716503795874547,5.068660022880124,3251.513671875,3071.8573084937316,3053.9961047054753,
whwbec1,XC408360.ogg,6404.822887073864,754345.7512963902,-2.2389510067049976,11.972955369150355,6212.3291015625,6322.591945664454,6192.172199261892,
whwbec1,XC409578.ogg,1945.166015625,2915.556322444569,0.19655347181644153,-1.0570416606183768,1873.388671875,1944.481076944786,1943.7983175254758,
whwbec1,XC420977.ogg,,
whwbec1,XC421339.ogg,,
whwbec1,XC427736.ogg,5035.77880859375,9816623.828288388,0.008522645321660478,-1.9893725540418548,1991.8212890625,4013.4869152425013,3199.5258102350576,
whwbec1,XC436985.ogg,,
whwbec1,XC440923.ogg,3205.3214780745966,5740963.734049951,1.549906125479689,0.4046613816753033,2002.587890625,2669.332256372326,2394.5054564103325,
whwbec1,XC445687.ogg,,
whwbec1,XC445688.ogg,,
whwbec1,XC451807.ogg,2056.63623046875,1081.0814023017883,0.38911946972837336,-0.7865093894490056,2034.8876953125,2056.3796623565127,2056.1241068922395,
whwbec1,XC456474.ogg,3109.8478618421054,74861.76167663775,-2.593272129884635,7.093025569625333,2993.115234375,3096.2197527338903,3079.8035548076773,
whwbec1,XC459816.ogg,,
whwbec1,XC47087.ogg,2300.137606534091,3097.2140485590153,0.5100074619847484,-1.3136080868631348,2250.2197265625,2299.499899019974,2298.8672929330596,
whwbec1,XC474668.ogg,2383.6689196134867,3863.193324500772,-0.5503236208104015,-1.5470426663857344,2433.251953125,2382.8721956566133,2382.0680487886243,
whwbec1,XC4900.ogg,3584.7889293323865,2820.4620155421167,-0.6762951006414676,-0.46205302764881173,3628.3447265625,3584.410885399561,3584.030306043321,
whwbec1,XC495079.ogg,5367.823791503906,525842.2298803926,-3.6144564464468787,11.065199588759278,5544.7998046875,5298.431086967174,5193.623831402331,
whwbec1,XC500149.ogg,3636.9580078125,623270.4684734344,3.43625869642267,9.905012300812722,3402.24609375,3581.767297430973,3543.7610327623925,
whwbec1,XC502329.ogg,,
whwbec1,XC504707.ogg,2192.471590909091,5311.230312694203,-1.2816400595261113,0.6490650704125214,2228.6865234375,2191.2525231143677,2189.997288334009,
whwbec1,XC50533.ogg,2434.803073689089,123438.1930306651,0.3536095362187493,-1.6624412286681516,2131.787109375,2410.317918502444,2386.763636583372,
whwbec1,XC506965.ogg,2418.2723335597825,5730.007443974611,-0.18495265272114575,-1.1559947914590005,2465.5517578125,2417.134122855762,2415.991291745377,
whwbec1,XC513267.ogg,1887.2314453125,143.51963996887207,0.19201160638565623,-1.143491124260355,1873.388671875,1887.1988771921247,1887.1663331931172,
whwbec1,XC525006.ogg,,
whwbec1,XC525007.ogg,,
whwbec1,XC526156.ogg,,
whwbec1,XC528737.ogg,1951.446533203125,11615.681770172987,-0.6141478497453217,-1.1439166911574554,2034.8876953125,1948.6537479531496,1945.79862960138,
whwbec1,XC538068.ogg,1936.91162109375,166.15158319473267,0.19656578373781367,-0.7539210383991346,1927.2216796875,1936.87304992216,1936.8345095434306,
whwbec1,XC551371.ogg,,
whwbec1,XC572944.ogg,3310.72998046875,289.7992730140686,0.0,-1.051851851851852,3294.580078125,3310.690589784337,3310.6511986798396,
whwbec1,XC576376.ogg,3211.7240574048915,9625.917670755049,-0.43887913965363273,-1.5171693346956179,3079.248046875,3210.2774807689116,3208.8183972257198,
whwbec1,XC579837.ogg,4673.78173828125,946019.4588303566,-2.6663941611429127,5.110264273202434,4974.169921875,4524.9830092395505,4289.105485130094,
whwbec1,XC579891.ogg,12.2021484375,64.03183937072754,-0.20330437886625505,-1.050535077288942,10.7666015625,0.0,0.0,
whwbec1,XC583525.ogg,11.103057861328125,18.579872745660044,0.27233092188811775,3.356591906965705,10.7666015625,0.0,0.0,
whwbec1,XC583536.ogg,13.18359375,54.41129207611084,1.2614343736378424,1.7064232829237547,10.7666015625,0.0,0.0,
whwbec1,XC583539.ogg,19.73876953125,64.6219068560107,0.2715097250805875,-1.114039749176321,21.533203125,18.11128329827122,16.56400240384616,
whwbec1,XC589579.ogg,2104.0206106085525,187600.7967559915,2.569893819068973,4.6189947750916955,1959.521484375,2072.1035438405515,2048.2416475145496,
whwbec1,XC601700.ogg,5501.7333984375,173.87956380844116,-0.9128709291752769,-0.5,5501.7333984375,5501.720740084128,5501.708065179587,
whwbec1,XC602871.ogg,2016.73828125,126828.24089947868,-0.8758270490176385,7.872789029421053,1937.98828125,1973.1103925120071,1896.635901934288,
whwbec1,XC608442.ogg,,
whwbec1,XC611283.ogg,2109.9440759892086,27634.153986745303,4.134642294742493,17.202938234366147,2088.720703125,2104.5446694290185,2100.032478830841,
whwbec1,XC63831.ogg,4087.657849542026,1039797.7775552132,-0.9028208178190419,0.6448420739457119,4737.3046875,3923.5130888305166,3711.9940970828034,
whwbec1,XC63833.ogg,0.0,0.0,0.0,-3.0,0.0,0.0,0.0,
whwbec1,XC75559.ogg,2603.4337197580644,254686.569871441,0.907835468173273,-0.9015010875944021,2164.0869140625,2560.4184907104845,2522.005186080016,
whwbec1,XC82324.ogg,2549.8597225900426,804179.6020514639,3.8138168891834505,15.571747990646802,2088.720703125,2457.867220525814,2399.2914341052847,
whwbec1,XC82325.ogg,2029.2596990411932,1711.7762978308801,0.6993838260378165,-0.32220006443068705,1991.8212890625,2028.8512073183574,2028.4464011778218,
whwbec1,XC82326.ogg,1941.5771484375,772.7980613708496,-0.7071067811865476,-0.7223999999999999,1959.521484375,1941.4102568927074,1941.2423209458213,
whwbec1,XC82327.ogg,4790.119233002534,76282.0568888199,-0.40371067518375037,-0.9157795752951765,4597.3388671875,4782.121767332812,4773.986307915327,
whwbec1,XC82493.ogg,1270.458984375,173.87956380844116,0.9128709291752769,-0.5,1259.6923828125,1270.404543574034,1270.3504074171012,
