primary_label,filename,mean,variance,skewness,kurtosis,mode,gmean,hmean
whwdov,XC123368.ogg,627.9737389605979,1597.3959927973538,1.2494687604182217,1.4972175257185505,602.9296875,626.7858223302454,625.6502717035042,
whwdov,XC123412.ogg,,
whwdov,XC123415.ogg,778.7841796875,57.95985460281372,-0.5,-0.75,775.1953125,778.7509984640915,778.7177134591158,
whwdov,XC126433.ogg,1958.5427024147727,955861.276323145,-0.5037258188531532,-1.6532717943146922,2573.2177734375,1664.8777993330903,1363.1025152697093,
whwdov,XC131050.ogg,699.8291015625,3431.2233924865723,0.246178757737661,-1.4487308254200142,656.7626953125,697.6222151463303,695.4432703550448,
whwdov,XC131052.ogg,687.26806640625,630.7395942070905,0.6930888113143787,-0.8911029948867788,678.2958984375,686.8413710570449,686.4214680333291,
whwdov,XC141558.ogg,756.4954255756579,101.00606240724262,0.299750542380028,-0.6909373451646355,753.662109375,756.4323339532641,756.3693973379543,
whwdov,XC141560.ogg,,
whwdov,XC148980.ogg,611.7387251420455,1270.90153910897,0.2711945156924533,-1.0338316708332316,570.6298828125,610.8018135068429,609.8731501134876,
whwdov,XC155541.ogg,1014.752197265625,549153.062403202,2.2351525516334614,3.066002400979647,775.1953125,886.7467368477368,823.4664748299159,
whwdov,XC165487.ogg,600.2056075865963,6720.072992262054,-4.659822743190392,32.700623760680216,559.86328125,0.0,0.0,
whwdov,XC168589.ogg,0.0,0.0,0.0,-3.0,0.0,0.0,0.0,
whwdov,XC172201.ogg,661.787109375,3756.902575492859,-0.43027709438249184,-0.8110090498530749,667.529296875,659.05064481522,656.2299826150719,
whwdov,XC173442.ogg,8.074951171875,24.839937686920166,-1.1547005383792515,-0.6666666666666665,10.7666015625,0.0,0.0,
whwdov,XC173623.ogg,3.5888671875,30.911922454833984,0.7071067811865475,-1.5,0.0,0.0,0.0,
whwdov,XC185226.ogg,,
whwdov,XC185244.ogg,671.1181640625,1244.3358615293341,-0.8211066748319397,1.9090304709141277,656.7626953125,670.1744820698831,669.1947795411045,
whwdov,XC189069.ogg,,
whwdov,XC192164.ogg,748.9517211914062,869530.5409433041,6.7059563303111585,42.98769924867558,613.6962890625,646.2052714195536,625.778541378752,
whwdov,XC199070.ogg,5482.353515625,1717933.4024190903,-3.45112891275676,9.971766013227763,5910.8642578125,5078.179842455982,4018.453325878581,
whwdov,XC211348.ogg,,
whwdov,XC213223.ogg,705.9464888139205,476.60645766943765,0.6873049311887537,-0.7893619471609403,689.0625,705.6209615955024,705.2998489546698,
whwdov,XC213225.ogg,719.140625,815.7708567957724,0.3707011610531856,-1.2266321779866942,699.8291015625,718.5873394566917,718.039263130679,
whwdov,XC213226.ogg,721.3623046875,973.7255573272705,0.3282995769794685,-1.2678571428571426,699.8291015625,720.7247693168218,720.0929143754851,
whwdov,XC213227.ogg,520.6172820060484,37771.18977448853,-1.3363798518150805,-0.0565348004793198,602.9296875,459.67208533579725,374.28266387946087,
whwdov,XC213228.ogg,474.4482421875,58745.90063095093,-0.0400637435506812,-1.8887030237739588,236.865234375,410.7800180809753,353.60522336374584,
whwdov,XC213423.ogg,,
whwdov,XC216531.ogg,,
whwdov,XC216941.ogg,,
whwdov,XC216951.ogg,,
whwdov,XC232952.ogg,592.1630859375,916.8195182626897,0.5014773096768834,-1.1539833531510106,581.396484375,591.4337878359559,590.7162451214856,
whwdov,XC232953.ogg,543.9127604166666,101.3884636072012,-0.34204616946738614,-0.7983267726978589,549.0966796875,543.8226123236093,543.7320715578038,
whwdov,XC232954.ogg,1204.998046875,880051.999515295,1.853646698875079,1.438279899731767,796.728515625,1008.0334476669466,914.3149279818939,
whwdov,XC232955.ogg,675.604248046875,613.8475510207089,-0.8502976625076314,0.013151835546796331,678.2958984375,675.1788487304966,674.744336917559,
whwdov,XC232959.ogg,618.5901988636364,333.0057100816207,-0.49988082686713387,-0.2660230732254445,624.462890625,618.3429871176417,618.0932304981718,
whwdov,XC232960.ogg,568.7298943014706,1481.38569558368,1.7900164953597075,3.619256357253618,538.330078125,567.5862306778187,566.5167797491813,
whwdov,XC232961.ogg,632.994914504717,376.108142132337,-0.9417074172248341,0.887585073838264,635.2294921875,632.6974039101086,632.3936524924568,
whwdov,XC254536.ogg,390.289306640625,49281.33237361908,-0.47140607642595517,-1.7041648099822828,118.4326171875,306.9880644782417,226.64521850124396,
whwdov,XC254544.ogg,647.3419189453125,3260.241821408272,-2.2677868380553634,3.1428571428571423,667.529296875,644.8127288976528,641.9207560741687,
whwdov,XC254555.ogg,542.63671875,112.60771751403809,0.055599356277582744,-0.9394463667820068,538.330078125,542.5399172358988,542.4431643694364,
whwdov,XC256594.ogg,5.099969161184211,43.38515432257402,0.8493567781830597,-0.2712402343750018,0.0,0.0,0.0,
whwdov,XC268217.ogg,1629.8350941051137,2191238.3423664356,0.7102756559185278,-1.4885510159832742,570.6298828125,1089.8360363278496,820.1591839567702,
whwdov,XC268218.ogg,796.5460308527543,517139.77366389753,3.436288397874484,9.87819782690789,645.99609375,679.0928147045402,638.1891818842855,
whwdov,XC268220.ogg,1521.08154296875,884120.3581094742,0.2215151434563228,-1.9463483911540274,721.3623046875,1236.3033974160253,1021.716071179748,
whwdov,XC268226.ogg,638.5422926682693,954.1083757693949,-1.7320769835920051,1.2858401024834922,656.7626953125,637.8125857213602,637.0412808995051,
whwdov,XC268227.ogg,3295.5588600852275,2387655.1565473727,0.7593769808703704,-1.2895733632816442,2228.6865234375,3012.9506108673104,2795.6563088176417,
whwdov,XC268231.ogg,4062.59765625,165475.38489103317,-0.7027908962578595,-1.4984246459801065,3509.912109375,4043.605307730467,4023.8164381802285,
whwdov,XC268235.ogg,590.5797621783088,1139.0506185312322,0.8329951409135119,-0.9959770589414862,559.86328125,589.6709334606398,588.7899498659042,
whwdov,XC268638.ogg,,
whwdov,XC288411.ogg,,
whwdov,XC289168.ogg,633.1589918870193,139.2819890609154,-0.35572056701105603,-1.1712781636858682,645.99609375,633.0527503023698,632.9460382522074,
whwdov,XC299093.ogg,623.02734375,3458.823323249817,1.4493901789734176,0.20606841761184524,592.1630859375,620.6391622720789,618.4470944245566,
whwdov,XC314140.ogg,1216.6259765625,2332903.4677147865,0.4743123976446882,-1.774805677226386,53.8330078125,260.09466923958934,87.82389698958846,
whwdov,XC317088.ogg,587.318115234375,1360.226271968139,1.3780614832711078,0.3225879849905553,570.6298828125,586.2745549148129,585.2860901515168,
whwdov,XC317599.ogg,20.89987362132353,50.28869737597073,0.051489766763804554,-0.5620511347313983,21.533203125,19.64956669963284,18.30322265625,
whwdov,XC32228.ogg,679.4921875,418.5989499092102,-0.6306689197189753,-1.2598224852071005,689.0625,679.2149803939843,678.9344507004013,
whwdov,XC334776.ogg,610.681640625,7085.78542470932,1.4902751348619336,0.2541065950541226,570.6298828125,605.7428717672566,601.4043282056958,
whwdov,XC335630.ogg,568.8933341733871,2574.165413456579,1.0489523399063585,-0.41160289608163625,527.5634765625,566.8224537766589,564.8699062166621,
whwdov,XC335631.ogg,682.8347598805148,1052.3128639700526,0.13888465804641595,-1.2360103630328343,656.7626953125,682.0740319921113,681.3161830295943,
whwdov,XC338145.ogg,5833.59805836397,6637812.287899501,-1.706491919665547,0.9316670197578998,6976.7578125,3762.199392342244,330.0091515989315,
whwdov,XC339959.ogg,,
whwdov,XC347963.ogg,589.3717447916666,3233.4389326707374,1.5757321960060133,1.1197574381097644,559.86328125,586.9118667850917,584.6701225150757,
whwdov,XC349366.ogg,705.21240234375,3129.832148551941,-0.5299290298639483,-1.3751657994082238,624.462890625,703.1165926929334,700.9645494162203,
whwdov,XC351965.ogg,749.0478515625,33.119916915893555,-0.28867513459481287,-1.9166666666666667,753.662109375,749.0288756170233,749.0098741319443,
whwdov,XC356302.ogg,716.9883728027344,455.14845499588597,0.7055507436128536,-0.4561267284181527,710.595703125,716.6848630772637,716.3853262234924,
whwdov,XC362473.ogg,670.9292763157895,606.0363744434557,0.25903003771125305,-1.8007184361064819,699.8291015625,670.5038576697365,670.0812381404176,
whwdov,XC363563.ogg,563.4521484375,97.4397555641506,1.0245260037354584,1.4375743162901307,559.86328125,563.3702085572149,563.2891710016851,
whwdov,XC369844.ogg,,
whwdov,XC375803.ogg,627.5390625,3111.6565843907797,0.9474347210731169,-0.9687393852932327,592.1630859375,625.2401160081855,623.0662461221988,
whwdov,XC375804.ogg,612.2607421875,1802.8274774551392,2.106120388463253,2.569517292792672,592.1630859375,611.0020501167041,609.8510789096666,
whwdov,XC375805.ogg,1228.16162109375,152000.17869472504,0.43858630838848656,-1.8068798681649962,915.1611328125,1172.2346929516505,1123.1654445335273,
whwdov,XC375806.ogg,659.9029541015625,1093.4672569451125,-2.3783426804421874,4.683772848806851,678.2958984375,659.0394312673287,658.1001108614779,
whwdov,XC375807.ogg,,
whwdov,XC378630.ogg,698.931884765625,367.9572587663477,-0.5752784567524868,-1.0105547359607208,710.595703125,698.6880334912481,698.4416662743935,
whwdov,XC382332.ogg,101.60980224609375,52611.609019339085,2.265639197910826,3.1374726887279234,21.533203125,26.74117651974641,18.07377049180328,
whwdov,XC384885.ogg,,
whwdov,XC388733.ogg,,
whwdov,XC397205.ogg,,
whwdov,XC411025.ogg,,
whwdov,XC413173.ogg,660.5724158653846,812.9984220633139,3.311157987358547,11.309655825721954,656.7626953125,660.0170669795032,659.5071956951329,
whwdov,XC441106.ogg,640.61279296875,65.64128111643963,1.4506513022954377,2.409234947940244,635.2294921875,640.5627660943004,640.5133247632278,
whwdov,XC441108.ogg,617.6114169034091,1420.5433455380528,-0.4943831194909955,-1.6575672058396207,570.6298828125,616.5443306510288,615.4578181995796,
whwdov,XC441109.ogg,625.5766769935345,1344.211800345059,-2.387439904821471,5.51911549530835,635.2294921875,624.4280591323347,623.1540315660603,
whwdov,XC441110.ogg,636.690673828125,133.78421115360672,0.1824772104215123,1.4184861956655954,635.2294921875,636.5865257059442,636.4825098741929,
whwdov,XC441111.ogg,4894.4970703125,150.69562196731567,-0.27154541788363945,-1.044378698224852,4898.8037109375,4894.484749751631,4894.472424161106,
whwdov,XC441113.ogg,808.7470476017442,340783.020465873,3.3516290826783064,9.30472812845418,656.7626953125,721.5045272733616,685.727186740541,
whwdov,XC441114.ogg,,
whwdov,XC441115.ogg,650.841064453125,1628.6719143390656,0.5668057094467314,-0.3273935051424983,635.2294921875,649.6750442586213,648.5313643945439,
whwdov,XC453090.ogg,692.4882368607955,3746.816055341201,-0.6475961800400064,-0.8080818266320464,753.662109375,689.7915293953179,686.982861392385,
whwdov,XC453091.ogg,695.2957956414474,364.7064535241377,0.357496764888537,-1.4476513591575595,678.2958984375,695.0488227237588,694.8034229095845,
whwdov,XC457221.ogg,598.14453125,2168.518196452748,1.0025900532562424,-0.35323277269567877,570.6298828125,596.4532363930597,594.8429875963844,
whwdov,XC462763.ogg,207.87823016826923,20428.619522314806,2.8344886674771015,6.687710652130193,129.19921875,184.8683185729059,173.1513302698827,
whwdov,XC475182.ogg,,
whwdov,XC489574.ogg,,
whwdov,XC489575.ogg,,
whwdov,XC497537.ogg,3519.728716681985,613590.1927358328,-2.9203310805749942,8.53415338185584,3682.177734375,3327.8558049852536,2875.9791426360075,
whwdov,XC502955.ogg,666.8959673713235,137.22847928019132,-0.18275956288185663,-0.4532425446549131,667.529296875,666.7989035647098,666.701609140443,
whwdov,XC502957.ogg,665.13671875,525.8057397954605,-2.821983246783931,8.196812530624786,667.529296875,664.7374000749627,664.3098364883147,
whwdov,XC502959.ogg,1260.984375,2238335.3961467743,2.334983561184812,3.459831971621303,785.9619140625,911.7553969311355,800.0037010556048,
whwdov,XC502962.ogg,741.0449981689453,502.5199893862009,-0.17344402392905758,-0.0009302246690698901,742.8955078125,740.7096917885764,740.372754976208,
whwdov,XC502964.ogg,1619.6713654891305,3623.2927288462524,-0.459793121159049,-1.199269261530359,1668.8232421875,1618.588597445605,1617.4934439635767,
whwdov,XC522913.ogg,379.0740966796875,102664.33245785859,0.018612645713739318,-1.9420278326639329,721.3623046875,202.03735673491303,93.84565774767448,
whwdov,XC537404.ogg,26.91650390625,81.14379644393921,1.1222634354993895,-0.36734693877551017,21.533203125,25.860019396123885,25.006300403225804,
whwdov,XC542240.ogg,732.6416015625,457.60685205459595,-1.0469943278893945,0.15482996503410051,742.8955078125,732.3379211915773,732.0278938187553,
whwdov,XC557373.ogg,638.6294716282895,271.15721451608755,1.0771004044424077,3.1017125000000014,635.2294921875,638.431635072363,638.2368814633242,
whwdov,XC559016.ogg,741.357421875,287523.69238109124,4.222155989443979,15.907738475116613,635.2294921875,671.7521902752302,645.9844640953431,
whwdov,XC561342.ogg,646.534423828125,327.81700815184644,-0.1223241097245613,-0.7169291483892741,635.2294921875,646.2843916184382,646.0336372191126,
whwdov,XC566607.ogg,702.9052734375,346.48528465857873,-0.2723801058145729,-0.8393166089965396,689.0625,702.675225341808,702.444014774888,
whwdov,XC567444.ogg,712.7490234375,139.10365104675293,0.8675276172357088,-0.27083333333333304,710.595703125,712.6716069097309,712.5948379645386,
whwdov,XC571331.ogg,704.3967507102273,1492.6858009262517,-1.0734043004123597,0.16178634585893725,732.12890625,703.3251225846946,702.2077573096602,
whwdov,XC573011.ogg,605.0407858455883,2012.4570692286775,-0.5034667304582259,-1.4432619913667113,645.99609375,603.3651812647234,601.6487965708465,
whwdov,XC573488.ogg,630.8683371242089,310.6618107467918,0.9154082048100054,-0.11019664848432997,624.462890625,630.6291383858508,630.3938097225979,
whwdov,XC573489.ogg,642.15087890625,777.6811260443467,-1.0516306017165507,-0.005388904651804083,667.529296875,641.5707935766137,640.9725952973976,
whwdov,XC573490.ogg,626.0009765625,198.71950149536133,0.05209499326706443,3.1980968858131478,624.462890625,625.8466908379738,625.6921617550393,
whwdov,XC583582.ogg,578.5524764150944,4053.4043454812468,-0.8213966382695547,-1.0832596172470867,613.6962890625,574.877656287939,570.9795347352401,
whwdov,XC583585.ogg,556.87255859375,120.08675757576438,0.5776020244617165,-0.3350217436734364,549.0966796875,556.7714365792317,556.6710223724406,
whwdov,XC583590.ogg,670.220947265625,296.4613252672656,-0.6168798229596628,0.8865648276732738,678.2958984375,669.9997483351382,669.7758970286715,
whwdov,XC609848.ogg,611.7387251420455,3566.111781380393,0.1941534674547412,-1.9473429404959512,559.86328125,609.1147329980598,606.532671260401,
whwdov,XC609975.ogg,679.37255859375,1182.3810338974,-1.5053819631659717,2.8498883340202648,710.595703125,678.498799570145,677.5734152956339,
whwdov,XC610812.ogg,548.8206129807693,2150.5374392034555,0.9846350657294083,-0.6997402116749858,516.796875,547.0053704504885,545.2853266389545,
whwdov,XC610813.ogg,521.1412931743421,44.95883458539059,-0.07731987011312304,-0.3484370799742149,516.796875,521.0988796468673,521.0564302439102,
whwdov,XC610814.ogg,636.2310365188954,953.9306302403297,-1.2271625876571715,1.7066164683327818,635.2294921875,635.4660959189871,634.6659904258643,
whwdov,XC612850.ogg,547.6923403532609,3428.1077639387527,1.5933907693637386,0.7501256691547553,516.796875,544.9857029270144,542.5498981733075,
whwdov,XC612864.ogg,627.5732421875,6679.199971935966,-0.3919894553517237,-1.6711374348603254,527.5634765625,622.1560843152898,616.581722787049,
whwdov,XC615400.ogg,637.1136474609375,2418.7836245848584,-0.3041664432054359,-0.9294833147696444,635.2294921875,635.2254568147742,633.3021705527065,
