primary_label,filename,mean,variance,skewness,kurtosis,mode,gmean,hmean
willet1,XC113815.ogg,4.486083984375,30.736286531795155,0.3380617018914066,-1.885714285714286,0.0,0.0,0.0,
willet1,XC113928.ogg,2556.7512063419117,262.52404731862686,-0.16875188694686338,-1.0342595715972362,2562.451171875,2556.7028521637853,2556.654463712872,
willet1,XC113929.ogg,,
willet1,XC115062.ogg,2308.7414157006046,1024.7339074224599,-0.17268035854172764,-0.9007514616511889,2336.3525390625,2308.5226914288596,2308.303596376592,
willet1,XC131056.ogg,2323.79150390625,807.5739741325378,-0.6619277166182533,-1.3773036331585817,2336.3525390625,2323.645978544216,2323.4997376210035,
willet1,XC131057.ogg,2998.49853515625,38.63990306854248,0.0,-2.0,2993.115234375,2998.4937027459073,2998.488870343357,
willet1,XC131060.ogg,4018.634033203125,2424306.1584234238,-0.03805725599641951,-1.9493140221376979,5523.2666015625,3720.4807878854253,3438.5259443706677,
willet1,XC139924.ogg,2476.654815673828,88087.64410535655,2.9023810810723076,8.5403287364068,2422.4853515625,2462.357032533968,2450.352822111856,
willet1,XC140243.ogg,2803.518006859756,9777.120643999519,-0.11410915722994082,-0.961886821562572,2863.916015625,2801.8107005086954,2800.0977497169506,
willet1,XC140801.ogg,2508.10546875,1048.797369003296,-0.46151994311701944,-0.8913631578947374,2508.6181640625,2507.905545689585,2507.704830964497,
willet1,XC140802.ogg,2317.418170797414,15224.02663683069,0.8498533126610003,-0.7415267626257593,2293.2861328125,2314.333512865542,2311.336650013147,
willet1,XC140803.ogg,2255.276766690341,24846.835739545888,-0.16539239710152018,-1.5469908188733632,2400.9521484375,2249.7973418934184,2244.2774561917277,
willet1,XC141187.ogg,nan,nan,nan,nan,nan,nan,
willet1,XC143747.ogg,2456.9384765625,486.86277866363525,-0.29615285103456107,-1.7908163265306123,2433.251953125,2456.8590857137733,2456.7795706575553,
willet1,XC148079.ogg,715.97900390625,641976.7249318269,1.3846301708475586,-0.06955120144099558,322.998046875,471.9226212518078,376.8792571029464,
willet1,XC149219.ogg,2341.73583984375,2563.6089535859915,-0.8197444726321415,-1.1113073724007567,2357.8857421875,2341.2216203883504,2340.7015268319733,
willet1,XC155041.ogg,2248.1689453125,749.0621209144592,0.5551786564433396,-0.9814654112060666,2228.6865234375,2248.0109654052962,2247.853671860972,
willet1,XC155047.ogg,2598.7884521484375,163.52958977222443,1.4099202809072955,1.209101105592052,2594.7509765625,2598.761040355487,2598.733746105334,
willet1,XC155053.ogg,2426.07421875,44252.348989248276,0.7043771310699339,-1.48609958532917,2271.7529296875,2418.2530987644154,2410.7416891716966,
willet1,XC161831.ogg,2125.1615084134614,5203.18990120521,-0.49351829542087583,-1.0804637216235766,2153.3203125,2123.970564866935,2122.7661621213297,
willet1,XC161832.ogg,2741.53564453125,141018.19162327668,-1.0777532892151611,-0.21308457317290896,2034.8876953125,2713.6417439394754,2682.628748724828,
willet1,XC161834.ogg,2720.5856323242188,92638.68460804224,-0.49966317852476905,-1.7160079825761898,2971.58203125,2703.968125240535,2686.822167945065,
willet1,XC162066.ogg,2528.4949669471152,9560.403709228221,0.2791821730638741,-1.4448559303445856,2433.251953125,2526.760676989105,2525.038330062153,
willet1,XC176367.ogg,19.876802884615383,52.78805219210111,0.17908420022696536,-0.7534696859021182,21.533203125,18.517185875767886,17.138671875000004,
willet1,XC176484.ogg,,
willet1,XC185610.ogg,2203.385009765625,1052.7339907068956,0.6413168947113916,-0.46155184463097676,2196.38671875,2203.1594097548927,2202.935154838792,
willet1,XC185611.ogg,,
willet1,XC186421.ogg,2475.421142578125,768.4071632948788,-0.47158641523274375,-1.3620950204081634,2497.8515625,2475.2783802168256,2475.135135995416,
willet1,XC192595.ogg,26.91650390625,66.8767553109389,0.0,-0.29333333333333345,21.533203125,25.619834480596392,24.1171875,
willet1,XC192763.ogg,2560.7511821546054,7679.850208131891,-1.3541996402502414,0.4134899478668901,2616.2841796875,2559.285428623912,2557.7737271365772,
willet1,XC192764.ogg,2737.70751953125,19117.281454450946,-2.0950650271502456,3.040128523938704,2799.31640625,2734.159444324502,2730.343748850585,
willet1,XC192765.ogg,2039.07470703125,21904.08618382688,-1.272466242318318,0.6925037368800058,2045.654296875,2033.431968719921,2027.3962465722454,
willet1,XC192767.ogg,2728.564453125,5442.706346511841,-0.8928982170814105,-1.103659138692198,2767.0166015625,2727.6964527619284,2726.815499351517,
willet1,XC196307.ogg,2336.3525390625,1197.836995124817,-0.7478949007616943,-1.160770031217482,2357.8857421875,2336.1312819152017,2335.908508058554,
willet1,XC237787.ogg,2619.2001342773438,24627.95406976279,-0.9408974726108313,0.3570096815695112,2713.18359375,2614.39944188104,2609.391024881317,
willet1,XC237790.ogg,2425.0693359375,6986.867272853851,-1.1176226171503905,-0.048103836495276386,2476.318359375,2423.649553317527,2422.1924581170906,
willet1,XC237793.ogg,2317.12646484375,8795.248705607195,2.5174930360077137,5.645690396998862,2282.51953125,2315.469581346028,2313.911269855177,
willet1,XC237796.ogg,2472.403231534091,8672.400062734432,-0.38933010081933533,-0.23706095343663725,2605.517578125,2470.7104710881404,2468.998687724736,
willet1,XC237798.ogg,2395.56884765625,1689.1157627105713,0.9884330004903598,-0.7404844290657442,2368.65234375,2395.263559972165,2394.961475163948,
willet1,XC237802.ogg,2627.05078125,19116.2138635462,-1.504364623560902,0.7348832855810921,2648.583984375,2623.5321917759366,2619.824169890211,
willet1,XC237804.ogg,2622.265625,20202.22932100296,-1.2678001793438691,-0.2805031547839403,2670.1171875,2618.6830179704666,2614.940869744715,
willet1,XC237805.ogg,2752.6611328125,9911.135137081146,1.146631465193217,-0.43010669949728086,2680.8837890625,2751.1007490400525,2749.580170240355,
willet1,XC239629.ogg,2605.049465013587,1747.7261419972783,-0.5647719112878549,1.119724721874694,2605.517578125,2604.714772386757,2604.3778413290584,
willet1,XC239632.ogg,2355.352424172794,1419.5515191491277,-0.42943256955637676,-0.8072106430718962,2357.8857421875,2355.058559483198,2354.7633235384014,
willet1,XC239635.ogg,2438.63525390625,2947.6726055145264,-1.029031649803927,-0.7193536169675547,2454.78515625,2438.098666169047,2437.5543404300192,
willet1,XC239638.ogg,2129.99267578125,460.1661183617332,0.45485966919299836,-1.024066196608589,2121.0205078125,2129.8939396824653,2129.7954887557707,
willet1,XC252405.ogg,2670.1171875,1333.0766558647156,0.12900922305569745,-1.5586011342155013,2627.05078125,2669.9176804181675,2669.7183850682122,
willet1,XC257514.ogg,2512.20703125,4327.669143676758,-0.09203796556602253,-1.1274350649350648,2411.71875,2511.4159215441737,2510.6234044647344,
willet1,XC257515.ogg,2540.91796875,43431.25104904175,-1.1463949914121798,-0.6727625030078137,2637.8173828125,2534.127771505442,2526.961046350527,
willet1,XC284025.ogg,2242.6197725183824,119538.79071509138,-0.6519700302305803,-1.5047268909031661,2465.5517578125,2215.5774756681167,2186.919676530443,
willet1,XC293804.ogg,2985.9375,1236.4768981933594,-0.7913888612915462,-0.7262037627551012,2993.115234375,2985.7430708752945,2985.5474621055764,
willet1,XC294728.ogg,1557.31201171875,2368286.1543389466,0.0038538706013599468,-1.9951499681245206,75.3662109375,477.81623466197016,146.23332162025264,
willet1,XC317017.ogg,2548.8134765625,4263.63730430603,0.06172645770840813,-1.7208942863326453,2476.318359375,2548.033449028379,2547.2543220289417,
willet1,XC330468.ogg,,
willet1,XC349611.ogg,2395.56884765625,34.77591276168823,0.0,-2.0,2390.185546875,2395.562798996052,2395.5567503511234,
willet1,XC357112.ogg,,
willet1,XC362448.ogg,2374.03564453125,38.63990306854248,0.0,-2.0,2368.65234375,2374.029541007778,2374.0234375,
willet1,XC371271.ogg,,
willet1,XC381071.ogg,2250.2197265625,3330.0571008162065,1.050823047526537,0.9113924050632916,2250.2197265625,2249.552445432413,2248.8959059144436,
willet1,XC383355.ogg,2260.986328125,115.91970920562744,0.0,-1.5,2250.2197265625,2260.9692381520726,2260.952148179148,
willet1,XC386346.ogg,2333.453838641827,24218.48066128218,-0.3809242476549997,-1.5403594477949676,2465.5517578125,2328.3702643838506,2323.2041048801816,
willet1,XC391575.ogg,2570.281427556818,5036.234638907692,0.0791303101471988,-1.2574088403310446,2573.2177734375,2569.347163619625,2568.4140656855902,
willet1,XC419735.ogg,,
willet1,XC433072.ogg,2797.9705810546875,2332.8841477632523,-0.013796998876637434,-1.8762487904771876,2745.4833984375,2797.6057196569695,2797.2408398796,
willet1,XC443807.ogg,121.6952237215909,670.0510463931344,-0.7468788834377948,-0.19684264792525896,118.4326171875,118.55324375997704,114.86711260173718,
willet1,XC444584.ogg,1550.390625,1402827.2008895874,-0.5221835246962533,-1.7152206159304064,2390.185546875,0.0,0.0,
willet1,XC444585.ogg,2873.746390964674,806852.9504867409,0.8464274102049802,-1.2731249394055806,2304.052734375,2756.7423479311606,2660.201471500452,
willet1,XC451013.ogg,2400.9521484375,278.20730209350586,0.0,-1.5,2390.185546875,2400.9038667420823,2400.8555850466387,
willet1,XC451249.ogg,2537.3291015625,29752.72536277771,-1.7801174845690582,1.184247191769269,2605.517578125,2532.044698734164,2526.343182169058,
willet1,XC452969.ogg,2474.52392578125,3265.0718092918396,-0.6896493680263347,-1.4983929134133958,2508.6181640625,2473.9686915442044,2473.408129840296,
willet1,XC460720.ogg,2334.04541015625,1447.7225221120393,-0.47837209650390944,-0.5911283958727416,2314.8193359375,2333.7559193450375,2333.464919744698,
willet1,XC460721.ogg,2850.2783203125,256.12735748291016,-0.0668343135249303,-0.8749628418549347,2842.3828125,2850.2363742856373,2850.1944173486277,
willet1,XC468210.ogg,2575.909423828125,28.97992730140686,1.1547005383792515,-0.6666666666666665,2573.2177734375,2575.905210805662,2575.901003649635,
willet1,XC474504.ogg,,
willet1,XC477051.ogg,352.2216796875,66.23983383178711,0.4592793267718459,-0.8958333333333335,344.53125,352.1415802989966,352.061987704918,
willet1,XC483785.ogg,2227.1484375,19336.511492729187,1.9985499217978875,2.074066810642874,2174.853515625,2223.6883831142245,2220.4756306702707,
willet1,XC484552.ogg,2535.53466796875,38.63990306854248,0.0,-2.0,2530.1513671875,2535.528953205642,2535.5232384554142,
willet1,XC484553.ogg,2416.88671875,36110.148614645004,1.3213505905387881,2.211848764484788,2454.78515625,2410.1143957783943,2403.699918467715,
willet1,XC485501.ogg,2512.20703125,38.63990306854248,0.7071067811865475,-1.5,2508.6181640625,2512.2019091692423,2512.196791971291,
willet1,XC485502.ogg,2115.63720703125,38.63990306854248,0.0,-2.0,2110.25390625,2115.6303580369818,2115.6235090648856,
willet1,XC488171.ogg,2263.922674005682,3115.279457785867,-0.7494324358193927,-1.246185293004031,2293.2861328125,2263.257772411869,2262.5848687914063,
willet1,XC493636.ogg,2431.0986328125,81.14379644393921,0.3436215967445456,-1.153061224489796,2422.4853515625,2431.0852918827213,2431.071961038547,
willet1,XC494416.ogg,2890.8958524816176,2364.2750101930947,-1.0975654179492564,0.5624285853201698,2896.2158203125,2890.486624215861,2890.0722098611755,
willet1,XC496361.ogg,2742.6123046875,84877.51507759094,-0.275817084166621,-1.754112396730033,2874.6826171875,2727.838180118473,2712.834422033813,
willet1,XC516222.ogg,7.77587890625,51.89869333716,0.34922648782582927,-0.7349352655975276,10.7666015625,0.0,0.0,
willet1,XC519624.ogg,2996.2818818933824,5328.897220246932,-0.3117807428202991,-0.7739341452961526,3003.8818359375,2995.4404181265604,2994.5944945231504,
willet1,XC531005.ogg,,
willet1,XC531988.ogg,2714.26025390625,269.19132471084595,-0.17474891718721886,-1.4007463199102583,2723.9501953125,2714.215593775842,2714.170903683537,
willet1,XC558328.ogg,2504.5806884765625,296.00925743579865,-1.589444603635855,1.5082400117365165,2508.6181640625,2504.528625202994,2504.476203342271,
willet1,XC563162.ogg,2526.1138916015625,329.1291743516922,-0.13466913719742052,-1.1014595941616234,2519.384765625,2526.056853233125,2525.999779453796,
willet1,XC564233.ogg,923.236083984375,1317082.3705331846,0.7044293571489305,-1.4990520152574482,118.4326171875,366.63648217128684,198.44789527854743,
willet1,XC572579.ogg,2700.62255859375,4110.18168926239,-1.73549697110134,1.6535013418125413,2723.9501953125,2699.8618110184784,2699.0796738378153,
willet1,XC600076.ogg,2745.4833984375,16096.279621124268,2.2176450346185153,3.0156480211349894,2691.650390625,2743.0701720070338,2740.801383468145,
willet1,XC64554.ogg,3182.2998046875,264.95933532714844,0.4784159653873395,-1.087239583333333,3165.380859375,3182.2641750207476,3182.228598921534,
