primary_label,filename,mean,variance,skewness,kurtosis,mode,gmean,hmean
wilsni1,XC139910.ogg,1603.3506651182433,911182.8709776337,-0.21610107159794123,-1.8511731482837988,538.330078125,1254.3342645034327,948.0640773918368,
wilsni1,XC144495.ogg,,
wilsni1,XC147531.ogg,780.8619449013158,404.0242496289705,-0.7528753895187337,-0.7458166298815292,796.728515625,780.6136359002996,780.362123958115,
wilsni1,XC147532.ogg,753.662109375,92.73576736450195,0.0,-1.5,742.8955078125,753.6108363556317,753.5595633365789,
wilsni1,XC148719.ogg,,
wilsni1,XC149074.ogg,,
wilsni1,XC149731.ogg,,
wilsni1,XC149732.ogg,32.2998046875,46.36788368225098,0.0,-0.40000000000000036,32.2998046875,31.5764187397881,30.8181622706422,
wilsni1,XC152876.ogg,,
wilsni1,XC152925.ogg,,
wilsni1,XC153178.ogg,4356.884765625,852374.1817474365,-0.048202077756679125,-1.9028927297368878,3488.37890625,4259.77448257642,4163.549608148558,
wilsni1,XC153864.ogg,32.2998046875,51.51987075805664,0.0,-0.5,32.2998046875,31.54782272334797,30.761718750000004,
wilsni1,XC164228.ogg,,
wilsni1,XC164253.ogg,2854.6875,287.03927993774414,0.028285981029545774,-1.4515532544378695,2842.3828125,2854.64441085767,2854.601326115834,
wilsni1,XC166092.ogg,2994.19189453125,475.2708077430725,-0.1422070026953161,-1.3048229669288565,2971.58203125,2994.120416806296,2994.04889163972,
wilsni1,XC179591.ogg,757.628752055921,2115.0262732254832,-1.75544736254012,2.131622904339247,785.9619140625,756.2028246533571,754.665560644919,
wilsni1,XC185863.ogg,2918.0400126689187,3628.843869711901,-0.2701701213415395,-1.342380393055366,2917.7490234375,2917.432657751538,2916.823043786005,
wilsni1,XC185866.ogg,3095.39794921875,64385.11848449707,-1.4506044580139577,1.794642743738252,3122.314453125,3085.4911293776004,3074.698155230348,
wilsni1,XC186352.ogg,3267.279052734375,588386.8239820004,-0.6592614742418393,-1.4747433763139837,3843.6767578125,3168.5144216402305,3060.83475017511,
wilsni1,XC187230.ogg,2763.9404296875,143.51963996887207,-0.19201160638565623,-1.143491124260355,2756.25,2763.918164125967,2763.895887004558,
wilsni1,XC187233.ogg,2845.6596042798915,468.26064351047916,-0.22205268005829726,-0.5053050118527342,2831.6162109375,2845.5808142142478,2845.501933140024,
wilsni1,XC187234.ogg,,
wilsni1,XC187235.ogg,2342.333984375,1886016.6993561913,-0.40771407396062403,-1.4677725726366582,549.0966796875,1774.6630829762844,1213.0768045900827,
wilsni1,XC187236.ogg,2876.220703125,1098.4772443771362,1.8921735476701238,1.8478447513951668,2863.916015625,2876.0591874662855,2875.8998136241166,
wilsni1,XC187257.ogg,2548.6083984375,375.35905838012695,-0.28372927689018007,-1.220804498269896,2562.451171875,2548.5451923998226,2548.481901454087,
wilsni1,XC187258.ogg,2379.4189453125,3122.1041679382324,-1.2738446405361543,1.0897951181256742,2368.65234375,2378.7914141675824,2378.151134247386,
wilsni1,XC187259.ogg,2655.6312144886365,3465.648033402182,0.5899758096945366,-0.13784913119263553,2605.517578125,2654.9957495111807,2654.36542156957,
wilsni1,XC187260.ogg,2910.0903068621133,4868.52819925731,-0.22658211709278514,-1.020230032721815,2982.3486328125,2909.259103259362,2908.42468251821,
wilsni1,XC187261.ogg,2671.2505139802633,2226.878624213369,-0.10522127777832962,-1.4280810102652832,2616.2841796875,2670.855089590098,2670.459180033463,
wilsni1,XC187262.ogg,2411.0009765625,14000.892877578735,-1.4112625498300162,0.12621284406562872,2476.318359375,2408.161512745235,2405.190481827548,
wilsni1,XC187263.ogg,2829.5792863175675,1093.7529319041485,-1.1542668171014978,0.4803503314977231,2853.1494140625,2829.389532328534,2829.1980592330383,
wilsni1,XC187264.ogg,2823.92578125,529.9186706542969,-0.3991835845568897,-1.0712890625,2831.6162109375,2823.845193645025,2823.7644425423778,
wilsni1,XC187265.ogg,3263.684612771739,1300632.8827072037,0.06511146234445571,-1.9492754854214518,2304.052734375,3069.5014129392935,2888.0857988034436,
wilsni1,XC187266.ogg,2839.306640625,954.9576044082642,-1.2445672479391525,0.25167897357078406,2853.1494140625,2839.161271567615,2839.0146712199053,
wilsni1,XC188823.ogg,1402.529296875,1555898.6248970032,2.1714422845043613,4.295471975631068,721.3623046875,1102.2514681162784,945.0018816190404,
wilsni1,XC190130.ogg,183.0322265625,0.0,0.0,-3.0,183.0322265625,183.03222656250009,183.0322265625,
wilsni1,XC207794.ogg,2891.039569561298,12817.039431085415,1.8503511747626462,2.774871671099322,2810.0830078125,2888.961564622333,2886.9750635648493,
wilsni1,XC207802.ogg,774.1533833165323,497.33294594672407,-0.7382095646985856,-0.4872025929485284,785.9619140625,773.837938228258,773.517889640955,
wilsni1,XC232915.ogg,936.6943359375,540.9586429595947,-0.2091214442032571,-1.3333333333333333,904.39453125,936.4335142456457,936.1718150199596,
wilsni1,XC236407.ogg,,
wilsni1,XC253384.ogg,6.15234375,33.119916915893555,-0.28867513459481287,-1.9166666666666667,10.7666015625,0.0,0.0,
wilsni1,XC253400.ogg,3.5888671875,28.97992730140686,0.7071067811865475,-1.5,0.0,0.0,0.0,
wilsni1,XC255009.ogg,,
wilsni1,XC283358.ogg,3090.61279296875,2543.03597352084,-1.7714408143401807,4.021320480488697,3079.248046875,3090.2166283992983,3089.8126151780066,
wilsni1,XC283359.ogg,2818.365009014423,949.6499254153326,0.6629401403257938,2.2043355595230416,2810.0830078125,2818.210175412759,2818.0560012410597,
wilsni1,XC283368.ogg,2632.43408203125,439.81301433899824,0.0,-0.8923742563547865,2616.2841796875,2632.355181864913,2632.2762788243995,
wilsni1,XC292094.ogg,90.63745959051724,203984.46060367368,6.371388993870405,38.62000955444043,21.533203125,24.011512306120544,21.881747372695564,
wilsni1,XC293859.ogg,55.029296875,3316.5916800498962,1.3174230757934857,-0.21013007823546026,21.533203125,38.27670411539346,30.878417227807283,
wilsni1,XC293863.ogg,29.466488486842106,113.88603009675681,1.2489077467970628,0.5231717687074822,21.533203125,27.954292759362552,26.740579044117645,
wilsni1,XC298453.ogg,,
wilsni1,XC308702.ogg,1682.5261896306818,2149970.373890617,-0.0032258982666722277,-1.9849328943783684,355.2978515625,844.1224320764653,379.18734811776227,
wilsni1,XC308703.ogg,226.0986328125,115.91970920562744,0.0,-1.5,215.33203125,225.92760503708985,225.75657739220878,
wilsni1,XC31004.ogg,,
wilsni1,XC313081.ogg,,
wilsni1,XC313106.ogg,861.328125,579.5985460281372,0.0,-1.610204081632653,839.794921875,861.0139971753642,860.6998945761736,
wilsni1,XC320744.ogg,12.2021484375,47.47188091278076,-0.0927863397331912,-0.4632233639805299,10.7666015625,0.0,0.0,
wilsni1,XC323555.ogg,2985.9375,3755.798578262329,-0.31224995576756304,-0.969392420891539,2939.2822265625,2985.3232853929594,2984.7063585040028,
wilsni1,XC324866.ogg,2140.2870579769738,248243.07410340558,0.9974818169378459,-0.7248951080491506,1776.4892578125,2091.646901865282,2049.585632460645,
wilsni1,XC325933.ogg,1752.484600360577,170093.4454145704,2.0685120986956793,2.349765203046384,1582.6904296875,1715.2271238471824,1687.1233041703406,
wilsni1,XC329028.ogg,,
wilsni1,XC329029.ogg,,
wilsni1,XC331332.ogg,,
wilsni1,XC333615.ogg,861.328125,579.5985460281372,-0.8442748367682174,-0.9319999999999999,872.0947265625,861.0174919653678,860.7021434426063,
wilsni1,XC335696.ogg,861.328125,77.27980613708496,0.0,-1.0,861.328125,861.2944773985143,861.2608284826939,
wilsni1,XC335697.ogg,758.830078125,1575.7352471351624,-0.014043413585166928,-1.4648830998087563,807.4951171875,757.8314987323093,756.8323330327929,
wilsni1,XC335703.ogg,2541.68701171875,3720.5906665843468,0.8003987608264985,1.3726925920698676,2540.91796875,2540.9739626605233,2540.268979261273,
wilsni1,XC337959.ogg,2490.2107484879034,2954.5733179761137,0.3429722054864705,-1.027748865321813,2444.0185546875,2489.6297707787294,2489.051559316194,
wilsni1,XC341004.ogg,3322.5732421875,984.0295314788818,1.7252140065453865,2.323510868671364,3294.580078125,3322.441315589451,3322.3107220308866,
wilsni1,XC341120.ogg,5732.658438846983,3792641.0596329584,-0.2780847231568011,-1.8325224798902326,3509.912109375,5377.727537828882,5016.549449102361,
wilsni1,XC342368.ogg,1788.7939453125,209.75947380065918,-0.271676526951981,-0.8760387811634347,1787.255859375,1788.743619179614,1788.6932230449424,
wilsni1,XC342386.ogg,2675.086388221154,1624143.6149294563,-1.2723285989445157,-0.37215069826147795,3380.712890625,2095.935726951042,1328.0209923696475,
wilsni1,XC355416.ogg,10.7666015625,66.23983383178711,0.0,-1.0,10.7666015625,0.0,0.0,
wilsni1,XC355417.ogg,172.265625,92.73576736450195,0.0,-1.5,161.4990234375,172.0410281025498,171.81643171447197,
wilsni1,XC355418.ogg,19.9951171875,55.19986152648926,0.13416407864998736,-0.6100000000000003,21.533203125,18.717849935110785,17.39220252403846,
wilsni1,XC379001.ogg,1687.36572265625,83514.08932138892,0.4503276300738536,-1.5135367855478907,1431.9580078125,1664.8806360379517,1643.5988578134302,
wilsni1,XC379002.ogg,3198.876953125,534.5186591148376,1.2946892834928536,1.0694222673827847,3176.1474609375,3198.8031190588367,3198.7297130603306,
wilsni1,XC385507.ogg,,
wilsni1,XC385581.ogg,176.1807528409091,116312.13003938847,1.5954889459661898,0.6208970155210358,0.0,0.0,0.0,
wilsni1,XC406106.ogg,746.1639404296875,57580.142282626846,-1.2138729869214386,-0.44604114653627036,904.39453125,691.4392443464485,621.0555898960059,
wilsni1,XC406107.ogg,697.9150390625,320161.22084856033,1.3436692983552012,0.17208951116848192,301.46484375,543.9483565354948,458.0058046304318,
wilsni1,XC406219.ogg,2777.783203125,287878.9427370395,-1.2347823605457673,5.2952215483423135,2648.583984375,2702.7723830830228,2573.5900034703145,
wilsni1,XC406220.ogg,1601.6903147977941,972747.9109562495,0.6535830851826608,-1.5196746547990143,882.861328125,1356.779824981141,1187.3046587802125,
wilsni1,XC406332.ogg,3409.3000740840516,200998.7799155301,-0.3572353784187542,-1.8204161005600767,2917.7490234375,3379.786044373029,3349.5639308895124,
wilsni1,XC406333.ogg,2931.805419921875,363.1230890750885,-0.5358612997642649,0.5476296679675579,2928.515625,2931.7450702758647,2931.684577670568,
wilsni1,XC406334.ogg,4192.007984834559,65406.8435684723,-0.35526052725646856,-1.8593156724336601,4382.0068359375,4184.55404465602,4177.006865636235,
wilsni1,XC406335.ogg,1685.3872445913462,2086983.4902873402,1.2608083732715472,-0.24023186244890482,850.5615234375,1287.2963279817936,1085.8952149609634,
wilsni1,XC416334.ogg,3927.0182291666665,628183.1051753119,-4.584578803317412,20.045374842494333,3962.109375,3441.598030886568,911.9110798389452,
wilsni1,XC416764.ogg,4313.818359375,24003.10778617859,1.7780319676311986,1.1804715879242513,4242.041015625,4311.5856806173415,4309.436819794943,
wilsni1,XC420227.ogg,82.5439453125,173.87956380844116,-0.19245008972987526,-1.4166666666666667,96.8994140625,81.57708945310593,80.58961169554456,
wilsni1,XC420267.ogg,114.3951416015625,2382.5640231370926,-1.164835938992232,-0.3467192431165129,129.19921875,98.15033811099809,74.03733568167506,
wilsni1,XC424301.ogg,133.984375,32.1999192237854,0.22360679774997896,-1.95,129.19921875,133.87815312532152,133.77264242256638,
wilsni1,XC424302.ogg,142.657470703125,28.97992730140686,1.1547005383792515,-0.6666666666666665,139.9658203125,142.5831367269314,142.5106534090909,
wilsni1,XC451485.ogg,1464.61669921875,338897.13246863463,0.3548241553842005,-1.6887843822623887,936.6943359375,1357.2323773659712,1263.6802779763018,
wilsni1,XC452797.ogg,2581.67724609375,57954.33461666107,-2.4480940207718622,5.511400773807315,2691.650390625,2568.7597932840285,2553.29219927017,
wilsni1,XC45549.ogg,,
wilsni1,XC455631.ogg,,
wilsni1,XC456734.ogg,,
wilsni1,XC456736.ogg,,
wilsni1,XC466756.ogg,85.49948299632354,10338.162889375406,0.4969537394788671,-1.6443653166419603,0.0,0.0,0.0,
wilsni1,XC466761.ogg,9.5703125,99.81974959373474,0.21712924938742248,-1.6592091571279917,0.0,0.0,0.0,
wilsni1,XC466797.ogg,26.91650390625,34.77591276168823,0.0,-2.0,21.533203125,26.37268009197709,25.83984375,
wilsni1,XC468600.ogg,2424.4246773097825,5159.714056421881,-0.39264941267834075,-0.323065488205998,2476.318359375,2423.3579823066807,2422.2820129786624,
wilsni1,XC469536.ogg,464.43204012784093,1515.7380158250983,0.1717462509061765,-0.8754357774980281,419.8974609375,462.8806734375161,461.3376709444128,
wilsni1,XC469574.ogg,,
wilsni1,XC482209.ogg,2029.6261886665725,194805.15930447646,0.24482559548320196,-1.6927309203798626,1614.990234375,1982.6247708260794,1937.8664051784074,
wilsni1,XC489046.ogg,,
wilsni1,XC496713.ogg,,
wilsni1,XC511839.ogg,2874.990234375,1162.5090837478638,0.7684043920249666,0.8924785583319288,2842.3828125,2874.7949661724424,2874.600812302186,
wilsni1,XC511840.ogg,3069.07958984375,9811.883621356066,0.18710159377172036,-1.616084481757518,3165.380859375,3067.5751451188507,3066.076776433411,
wilsni1,XC522422.ogg,0.0,0.0,0.0,-3.0,0.0,0.0,0.0,
wilsni1,XC535045.ogg,,
wilsni1,XC535046.ogg,,
wilsni1,XC535047.ogg,,
wilsni1,XC535048.ogg,,
wilsni1,XC546135.ogg,,
wilsni1,XC548276.ogg,,
wilsni1,XC570934.ogg,,
wilsni1,XC574666.ogg,,
wilsni1,XC590330.ogg,,
wilsni1,XC606785.ogg,2663.591974431818,1347.1275297078219,0.358457482918459,1.0367273780403918,2659.3505859375,2663.3474754063595,2663.1036585502866,
wilsni1,XC606786.ogg,754.3798828125,338.92714977264404,-0.46127594491202883,-1.279127630001379,764.4287109375,754.1686265248557,753.9558231609199,
wilsni1,XC609619.ogg,5.197669719827586,29.979235139386407,0.06900655593423538,-1.9952380952380955,0.0,0.0,0.0,
wilsni1,XC611088.ogg,,
