primary_label,filename,mean,variance,skewness,kurtosis,mode,gmean,hmean
wlswar,XC108402.ogg,,
wlswar,XC109600.ogg,7159.7900390625,289.7992730140686,0.0,-1.3,7138.2568359375,7159.7738486402695,7159.75765820341,
wlswar,XC125263.ogg,4670.421253551136,146513.51109485733,-0.6055646799246797,-1.458621851059525,4112.841796875,4654.660239959818,4638.400538363917,
wlswar,XC126439.ogg,5394.0673828125,540.9586429595947,0.0,-1.2499999999999998,5361.767578125,5394.024401939038,5393.981420894341,
wlswar,XC128906.ogg,5607.24609375,22337.727963924408,-1.4902786908366488,0.23705507914865587,5673.9990234375,5605.613575151731,5603.9416812988975,
wlswar,XC128907.ogg,5506.443786621094,1126569.0749064088,0.8087546268799916,-1.3448712269600682,4801.904296875,5418.564885894802,5339.78868037862,
wlswar,XC129565.ogg,82.3046875,538.2655588063327,0.9095228952826306,0.22700362746149727,75.3662109375,79.39546342268274,76.76029533077097,
wlswar,XC129780.ogg,6008.134933997845,168880.64030510548,0.14207725834331605,-1.1989044104406847,5652.4658203125,5994.369958920735,5980.672454998053,
wlswar,XC131540.ogg,6.755514705882353,27.638895371380986,-0.5272196186749782,-1.7220394736842113,10.7666015625,0.0,0.0,
wlswar,XC138096.ogg,6389.97802734375,64721.17143458333,1.002313558971565,-0.3807008764507551,6136.962890625,6385.203032643834,6380.54815521334,
wlswar,XC139797.ogg,5907.144886363636,818063.4978792886,-0.49296893981034956,-1.195850431423813,4888.037109375,5834.559318125857,5757.8892096129275,
wlswar,XC146193.ogg,,
wlswar,XC146194.ogg,,
wlswar,XC146196.ogg,5138.492971951844,426278.8945778472,0.22643088041518847,-0.5103636435436236,4123.6083984375,5097.840688296263,5057.3537542357135,
wlswar,XC146198.ogg,5480.575774436773,363116.30072549655,-0.06530940194261413,-1.1842731295541202,6233.8623046875,5447.40162194782,5413.907701787008,
wlswar,XC146199.ogg,6127.9189453125,668153.4443378448,-0.23949332899537673,-1.5582486026571514,5017.236328125,6072.897491879316,6016.810887644693,
wlswar,XC147922.ogg,0.0,0.0,0.0,-3.0,0.0,0.0,0.0,
wlswar,XC152521.ogg,4449.83642578125,141217.2537446022,-2.6630173587849146,5.099768567952404,4565.0390625,4433.09538253787,4413.525834556165,
wlswar,XC153077.ogg,68.1884765625,993.9781961769893,1.366380931728048,0.618116999331555,53.8330078125,62.76148497215316,58.799304975840364,
wlswar,XC155360.ogg,,
wlswar,XC155576.ogg,,
wlswar,XC156187.ogg,5976.206391433189,1205183.5256609425,-0.4527811910693362,-0.5348821295241475,5351.0009765625,5869.617386102637,5753.108745177152,
wlswar,XC156188.ogg,3715.4563210227275,5094333.998615092,-1.0140951917724643,-0.9615514307608324,204.5654296875,2100.535324168571,676.6819148573413,
wlswar,XC157774.ogg,3887.81982421875,370130.34349679947,0.42958046403713435,-1.781414454913729,3402.24609375,3846.4917194264463,3807.2254910845813,
wlswar,XC157885.ogg,4724.6923828125,644932.8423668357,-1.6276241063925247,0.8131738669096555,3003.8818359375,4642.068104100726,4541.232425983828,
wlswar,XC161669.ogg,,
wlswar,XC161896.ogg,5392.9079026442305,85165.20720204482,0.08494694837835393,0.2708453718988495,5275.634765625,5385.124473292304,5377.320353599969,
wlswar,XC165955.ogg,7397.307794744318,87272.61197837917,-0.5610802198455418,-0.20715910948519278,7256.689453125,7391.4928973736705,7385.581644040414,
wlswar,XC172407.ogg,9.4207763671875,47.609880566596985,0.05439506453662819,-0.3137996219281658,10.7666015625,0.0,0.0,
wlswar,XC174465.ogg,3253.6669921875,3222322.8285312653,0.18807029844455245,-1.485634617401716,1431.9580078125,2762.910098395055,2339.5140247635413,
wlswar,XC174466.ogg,6201.5625,318852.4127633948,-3.793775476435776,13.251183815507844,6169.2626953125,6169.489182903634,6127.149631068944,
wlswar,XC174519.ogg,6523.5667067307695,356694.8095471239,-4.152193265262027,18.707834288468188,6449.1943359375,6486.087592542877,6432.620430624902,
wlswar,XC174524.ogg,,
wlswar,XC174530.ogg,5602.316123560855,315146.69215908105,-1.2082732090676966,-0.43772314552579106,5824.7314453125,5572.429902175919,5540.039278114401,
wlswar,XC178946.ogg,6564.55078125,673294.7909832001,-2.1645349305478616,3.7621952993453815,6793.7255859375,6501.2769830135385,6421.760065521556,
wlswar,XC179215.ogg,6803.7744140625,186853.7392616272,-0.3614064302974673,-1.804113194919827,6298.4619140625,6790.751290325357,6777.55420998966,
wlswar,XC179593.ogg,5823.116455078125,219313.56324518428,-0.25296953237633585,-0.11916498941386466,6513.7939453125,5804.026693351531,5784.461292118325,
wlswar,XC180678.ogg,,
wlswar,XC188754.ogg,5561.363807091346,1113535.9900827834,-3.301720896676485,14.413503125558048,4952.63671875,5241.959324295949,3728.4003822249533,
wlswar,XC192893.ogg,4389.9401212993425,487938.5399479276,-0.9001851561258994,-0.769267141283803,4995.703125,4329.313955237224,4262.42438125993,
wlswar,XC192894.ogg,3473.3056640625,155410.5036133214,3.3808304073455755,10.837794576489916,3348.4130859375,3456.0656202330524,3442.0099381800014,
wlswar,XC192895.ogg,,
wlswar,XC193988.ogg,5527.516575863487,233008.2617380032,0.06627028369359246,-1.6863832025494656,4963.4033203125,5507.010203873848,5486.609540480897,
wlswar,XC193989.ogg,5924.70703125,12353.729009628296,-1.9950079962166904,2.0686107856737284,5953.9306640625,5923.792129110186,5922.855583184186,
wlswar,XC196789.ogg,,
wlswar,XC205826.ogg,7.53662109375,27.047932147979736,-0.8728715609439694,-1.2380952380952384,10.7666015625,0.0,0.0,
wlswar,XC206131.ogg,6.625600961538462,29.723002360417286,-0.4743416490252571,-1.7749999999999997,10.7666015625,0.0,0.0,
wlswar,XC208134.ogg,6045.740411931818,114553.80814725699,-0.06813957590782295,-1.091108406612684,6190.7958984375,6036.39488694727,6027.013904676896,
wlswar,XC237524.ogg,5463.122137661638,476285.2479568844,1.3669510120034813,0.2359445643190825,4963.4033203125,5425.047288032195,5390.812242140014,
wlswar,XC243583.ogg,5581.8369140625,478130.933368206,0.4693926152915381,-1.6443022547700947,5060.302734375,5542.0445734284895,5503.896144605306,
wlswar,XC243818.ogg,5876.77001953125,4738.657203587619,0.4231935924321786,-1.510882783337299,5803.1982421875,5876.401594906802,5876.034340093756,
wlswar,XC244064.ogg,5776.28173828125,22855.502665042877,-0.7843243970117607,-0.9776535101978889,5523.2666015625,5774.477207388143,5772.648961769556,
wlswar,XC245878.ogg,28.7109375,60.719847679138184,0.5634097118269409,-0.830578512396694,21.533203125,27.776816740720502,26.916503906249996,
wlswar,XC246836.ogg,5958.2373046875,12524.48058128357,-1.8871379244604085,2.3020023990817906,5986.23046875,5957.269430738535,5956.279151905814,
wlswar,XC253532.ogg,6170.03173828125,22853.379593445705,-1.1257685038750804,0.673653122182869,6018.5302734375,6168.2799922555,6166.495541422398,
wlswar,XC254424.ogg,,
wlswar,XC263059.ogg,,
wlswar,XC268000.ogg,20.09765625,47.47188091278076,0.0927863397331912,-0.4632233639805299,21.533203125,18.893516890256294,17.618075284090914,
wlswar,XC269074.ogg,,
wlswar,XC286979.ogg,,
wlswar,XC288330.ogg,6059.940279447115,373657.37403356115,0.08596013807348825,-1.8063009865429425,5404.833984375,6030.364919925417,6001.048060891984,
wlswar,XC289013.ogg,27.685546875,33.119916915893555,-0.28867513459481287,-1.9166666666666667,32.2998046875,27.147648270738323,26.599839154411764,
wlswar,XC289175.ogg,8.074951171875,69.55182552337646,0.4444444444444444,-1.1111111111111112,0.0,0.0,0.0,
wlswar,XC289662.ogg,23.92578125,22.53994345664978,1.3363062095621219,-0.2142857142857144,21.533203125,23.563512441694858,23.255859375,
wlswar,XC291411.ogg,,
wlswar,XC291413.ogg,3627.26806640625,2604238.0190491676,-0.40819908836505536,-1.8332755697023964,1754.9560546875,3238.5076121977977,2846.588522733983,
wlswar,XC297465.ogg,5477.7690272177415,908244.1339800435,-0.6564863578912656,-1.4046319631956838,4102.0751953125,5389.97581878453,5295.947908028745,
wlswar,XC297466.ogg,6321.411775287829,1416898.48230638,-0.9914358005493498,-0.464386129997298,6126.1962890625,6191.688437838627,6042.096334563025,
wlswar,XC297467.ogg,7081.732177734375,100329.33631539345,-0.42486510864145743,-1.0660260005722308,6653.759765625,7074.749356710757,7067.674483188549,
wlswar,XC297481.ogg,4579.205643503289,2847.1507524189196,-0.46114116304511177,-0.8962704081632773,4608.10546875,4578.910069791725,4578.613446147064,
wlswar,XC302422.ogg,5412.01171875,700908.5217118263,0.7064393835229906,-1.4998791256048103,4844.970703125,5357.865493733846,5307.642627564121,
wlswar,XC302584.ogg,5580.6884765625,140436.72770261765,2.4591996443834243,4.0814682395239315,5469.43359375,5570.535253179886,5561.3309432618325,
wlswar,XC307228.ogg,34.25736860795455,46.763064509088345,-0.15353923408463352,-0.5632810950208298,32.2998046875,33.55179227968409,32.79672475961539,
wlswar,XC308307.ogg,269.1650390625,11881.770193576813,-1.4544640019613935,0.18958953004164236,75.3662109375,238.07075271045,193.1952656076242,
wlswar,XC310355.ogg,6889.796799879808,72729.21447570507,-0.47955666984948414,1.003899132921017,6847.55859375,6884.85349151451,6879.832793044921,
wlswar,XC310952.ogg,,
wlswar,XC315285.ogg,5464.05029296875,71648.31626415253,2.0280868059599575,5.068482274717006,5351.0009765625,5458.042191002945,5452.367554406939,
wlswar,XC317905.ogg,6493.649981098791,2254.5760216251497,-0.01182397372785833,-1.139094321124245,6524.560546875,6493.481967093975,6493.3139404328795,
wlswar,XC318508.ogg,5796.6332412347565,162089.82255473372,-1.0647398715996406,-0.47292230726390816,6158.49609375,5782.2572752384995,5767.144590428795,
wlswar,XC319001.ogg,5854.5318603515625,217275.65003660592,-0.47943440710493923,-0.6455845813759726,5706.298828125,5835.7340540341065,5816.367414455872,
wlswar,XC321282.ogg,,
wlswar,XC322179.ogg,44.86083984375,112.0557188987732,-0.33297095121402404,-1.6765755053507727,53.8330078125,43.74691112010095,42.59314903846154,
wlswar,XC325016.ogg,,
wlswar,XC326222.ogg,5553.238492398648,146939.4113826822,-2.089296231385099,2.7402570576884635,5684.765625,5538.754335486465,5522.709182284266,
wlswar,XC350174.ogg,1946.7654020889945,8100130.257062789,0.8066456992139585,-1.331224222356386,43.06640625,0.0,0.0,
wlswar,XC355505.ogg,,
wlswar,XC355508.ogg,,
wlswar,XC355509.ogg,,
wlswar,XC355514.ogg,,
wlswar,XC355516.ogg,,
wlswar,XC355517.ogg,,
wlswar,XC356397.ogg,2297.5927734375,382.53504037857056,-0.38046460848157393,-1.5578512396694213,2314.8193359375,2297.5260454595496,2297.4591890882525,
wlswar,XC368200.ogg,6707.5927734375,8809.897899627686,-2.033040967765939,2.561535417491096,6481.494140625,6707.007701342844,6706.412021514543,
wlswar,XC368798.ogg,2696.136474609375,115.0415295904333,-0.9137210363554366,1.1408426082396126,2691.650390625,2696.1168720768314,2696.0972234143196,
wlswar,XC368799.ogg,5301.522998595506,260618.38072139586,0.0025187524811802545,-1.2964588612231833,4844.970703125,5277.087140778604,5252.606485789183,
wlswar,XC370597.ogg,1163.729194972826,4459440.834934533,1.3709016838832744,-0.11894780184826859,86.1328125,183.3273730859618,89.31717003780646,
wlswar,XC370912.ogg,6364.85595703125,158.42360258102417,0.48756686638394087,-1.0101130279595474,6352.294921875,6364.845592105207,6364.83523324811,
wlswar,XC371340.ogg,3332.7117919921875,5525655.560128867,-0.3993178957190207,-1.7930481087119607,333.7646484375,1988.0458167173717,990.6836602282308,
wlswar,XC371693.ogg,6478.802490234375,38867.35158887776,0.31935006411250255,-1.8614181659961888,6696.826171875,6476.069197239561,6473.353786203808,
wlswar,XC372348.ogg,6722.776442307692,507134.80489456694,-2.9586030399818775,7.193047365346075,7041.357421875,6675.737258753261,6615.590962162742,
wlswar,XC37365.ogg,,
wlswar,XC374050.ogg,6081.6943359375,211932.1403503418,1.2366099865665716,0.09426529789097238,5889.3310546875,6066.309086362242,6051.777392167475,
wlswar,XC376084.ogg,4737.3046875,483732.9465150833,0.38235348268041924,-1.5163133064341772,4382.0068359375,4692.11866277303,4648.575733971275,
wlswar,XC376420.ogg,10.7666015625,57.95985460281372,0.0,-0.5,10.7666015625,0.0,0.0,
wlswar,XC384292.ogg,3503.631591796875,2222.672606056387,0.8600338822479922,-0.8319060949637374,3456.0791015625,3503.3429372851774,3503.0563987134797,
wlswar,XC388159.ogg,6228.364465591755,20300.425670413813,-2.9975263261660032,12.137796292216164,6298.4619140625,6226.690768550671,6224.932141049825,
wlswar,XC388160.ogg,5358.69140625,94948.33937505397,-0.4126989609044021,0.047626416402273275,5221.8017578125,5349.870069956542,5340.865396069974,
wlswar,XC388446.ogg,1609.60693359375,127.51168012619019,0.0,-0.9421487603305785,1604.2236328125,1609.5739245633856,1609.5409147777427,
wlswar,XC388842.ogg,,
wlswar,XC389290.ogg,5155.294143097311,489121.01198600826,0.08009900684630447,-1.5544043483697054,4705.0048828125,5108.386185281937,5061.847794999773,
wlswar,XC389430.ogg,5067.40410987367,319566.8323821872,1.828791643697039,1.5581350986357076,4812.6708984375,5040.059403384557,5015.945859843252,
wlswar,XC390109.ogg,4847.7392578125,2866921.767143642,0.15350893752906572,-0.009672854666359587,3940.576171875,4382.794904789933,2918.3752062363237,
wlswar,XC393960.ogg,5904.808044433594,3956.243075430393,1.3218350246200208,0.8261255087585742,5857.03125,5904.496780071229,5904.188294265673,
wlswar,XC395221.ogg,5330.101102941177,15546.878646401798,-0.47573786011574815,0.0753497876439222,5286.4013671875,5328.674250805584,5327.235803628931,
wlswar,XC401118.ogg,5775.058260830966,920996.7327732235,-1.0190961079995462,-0.7365909700715694,4231.2744140625,5686.111270053499,5586.570551940997,
wlswar,XC406214.ogg,5168.541441572474,180808.23944031415,1.114793351738749,-0.19241924446877157,4844.970703125,5152.168433789246,5136.71481696693,
wlswar,XC406215.ogg,5109.913545496323,199660.47080544863,0.6724580713173873,-0.16097278082824706,4586.572265625,5091.3548265345435,5073.387687367903,
wlswar,XC406216.ogg,5329.4677734375,120092.81873703003,1.991529045792884,4.634446007857087,5243.3349609375,5319.3080954233,5309.858306872954,
wlswar,XC406217.ogg,5171.669769287109,54840.027429163456,0.026676231553811738,-0.8858826549355863,4898.8037109375,5166.446342446382,5161.220708427541,
wlswar,XC406218.ogg,4847.58960620777,75627.34109324378,1.0794185646915677,5.0041824921220055,4769.6044921875,4840.226479635767,4833.040738437235,
wlswar,XC412619.ogg,,
wlswar,XC412634.ogg,6154.54833984375,540229.68120205,-1.4947795661645777,1.0782095603895154,6610.693359375,6105.839592478205,6050.138035394563,
wlswar,XC412805.ogg,6633.4228515625,829853.098243475,-0.9886625567059726,0.10625550766251868,4715.771484375,6571.535453580774,6502.769428982008,
wlswar,XC412806.ogg,7037.05078125,434137.3429298401,-0.40797578972896315,-1.832937807526889,6266.162109375,7008.540436706079,6979.438928783963,
wlswar,XC412807.ogg,6094.875266335227,1522268.159443682,-0.3988424204593799,-1.624678801665093,4565.0390625,5973.419121185225,5846.962831969722,
wlswar,XC412808.ogg,7040.724092371323,98567.5515585086,0.002759008454188595,-0.9839850069323242,6793.7255859375,7034.12721430624,7027.524551883918,
wlswar,XC413019.ogg,6146.96044921875,86127.70701830204,0.4156586643021639,-0.6243751927597101,5727.83203125,6140.525564504634,6134.162216782185,
wlswar,XC413021.ogg,5223.59619140625,106433.61300230026,1.2205556370284794,-0.10604486639974375,5017.236328125,5215.469803233004,5207.702476607761,
wlswar,XC414127.ogg,,
wlswar,XC414128.ogg,,
wlswar,XC415385.ogg,44.14306640625,114.63171243667603,0.5145158249019635,-0.6345158439590959,43.06640625,43.017794478527286,41.94779829545455,
wlswar,XC416079.ogg,53.8330078125,490.9540625179515,0.10270971845659056,-1.075810185185185,64.599609375,48.92815956630645,43.821608574642354,
wlswar,XC418656.ogg,,
wlswar,XC420276.ogg,187.3388671875,266.6153311729431,1.1731251294063554,-0.0689981096408312,183.0322265625,186.80048091971005,186.29234255725189,
wlswar,XC420292.ogg,6764.362127130682,695045.5436923287,-1.0426196965647787,-0.4892054628276945,6524.560546875,6710.352260603035,6651.3239245343,
wlswar,XC420297.ogg,5319.230676869877,9231298.601459287,-0.885454285905097,-1.0446554151502117,7579.6875,3369.108282464531,1360.5400221274576,
wlswar,XC420309.ogg,4535.8154296875,12723.14346753634,1.072883428785612,-0.6340558610260225,4468.1396484375,4534.534735657719,4533.2757375779465,
wlswar,XC420575.ogg,4135.9130859375,53894.38480138779,-0.45253799451515647,-1.6147529734229271,4295.8740234375,4129.59679371863,4123.180219299478,
wlswar,XC420581.ogg,5656.163441051136,446369.3311539563,-0.8849449505485193,3.487027294895646,5760.1318359375,5612.210228221995,5561.146778800308,
wlswar,XC422821.ogg,5559.481534090909,1486862.0649901305,0.17502284996170958,-1.9511659722787722,4371.240234375,5439.48000053838,5324.725471964671,
wlswar,XC424047.ogg,139.9658203125,0.0,0.0,-3.0,139.9658203125,139.96582031249997,139.9658203125,
wlswar,XC424048.ogg,62.4462890625,200.9274959564209,0.07390530175619406,-0.970414201183432,64.599609375,60.96191800218414,59.460521449704146,
wlswar,XC424049.ogg,4073.3642578125,18912.746401933524,1.1255402080263617,0.06269793477630214,3972.8759765625,4071.1813066809364,4069.0503441031897,
wlswar,XC450717.ogg,4981.912197155899,146835.99295697734,0.15499507841433008,-1.3909502378424532,4888.037109375,4967.409001985312,4953.010815642984,
wlswar,XC450718.ogg,4684.3330078125,143865.24630188942,0.9183337395862204,-0.5481969801852449,4285.107421875,4670.225347653568,4656.757197017779,
wlswar,XC450719.ogg,5986.23046875,198.71950149536133,0.0,-1.0000000000000002,5975.4638671875,5986.215945403676,5986.201422022109,
wlswar,XC451001.ogg,6602.94140625,4361.672258377075,0.1588053737035257,-0.5165973514895876,6578.3935546875,6602.624633895499,6602.308160744564,
wlswar,XC451011.ogg,6760.597581129808,194948.41680159935,2.103780037927988,2.846188825064668,6589.16015625,6747.844859157427,6736.126367504251,
wlswar,XC464188.ogg,2847.76611328125,38.63990306854248,0.0,-2.0,2842.3828125,2847.761025090711,2847.755936909263,
wlswar,XC466826.ogg,5903.918063256048,284038.43740109476,1.286694997063212,0.015021958935489188,5501.7333984375,5882.207150110435,5862.026145008675,
wlswar,XC473438.ogg,6948.9913137335525,131289.5780174356,-1.898259294853934,3.7891238894641077,7235.15625,6939.38389250063,6929.052712278528,
wlswar,XC473439.ogg,353.87899709302326,3826.038396245865,-1.2741879899082387,-0.17085651400875657,398.3642578125,347.4700385505976,339.98504551467374,
wlswar,XC473440.ogg,5623.054616044207,531665.8876371093,-0.08396177785455285,-1.7354944171438487,4823.4375,5576.305371995466,5529.416282118184,
wlswar,XC473441.ogg,4980.322265625,32539.628371596336,-0.8939488704001931,-0.3987502613348717,5060.302734375,4977.049211487917,4973.70294327688,
wlswar,XC473442.ogg,5657.284439193619,1036032.6921660994,-4.043635991523187,17.5261390612071,6029.296875,5368.180470200688,4190.374541258195,
wlswar,XC473443.ogg,6591.3134765625,210198.86469841003,0.3750773598062501,-1.4384008774747403,6330.76171875,6576.646971090308,6562.226631029025,
wlswar,XC474560.ogg,6967.78564453125,609207.2499340231,-1.256615725220602,0.11138636821018055,7472.021484375,6923.390553598051,6874.469653717226,
wlswar,XC475909.ogg,,
wlswar,XC478457.ogg,5667.5390625,1136.013150215149,-0.358600583090379,-1.8116409829237818,5630.9326171875,5667.458782941304,5667.378402137374,
wlswar,XC480047.ogg,6761.817294034091,208032.78867764902,-1.0590457418309742,0.3111414353312325,7009.0576171875,6745.893597023835,6729.108118691848,
wlswar,XC480055.ogg,2058.3349609375,6340256.362568248,1.1874939695737277,-0.1760736352353658,344.53125,988.0714455779575,606.9536275360018,
wlswar,XC480058.ogg,6980.6560647898705,18541.858894530746,0.21606517789830196,-0.726568461510718,6782.958984375,6979.354081179502,6978.055363599692,
wlswar,XC480060.ogg,4888.037109375,350370.37159267225,2.0958072987725647,3.2639167651177807,4705.0048828125,4857.799552742431,4831.62913470929,
wlswar,XC481017.ogg,,
wlswar,XC482704.ogg,,
wlswar,XC482705.ogg,,
wlswar,XC482847.ogg,4252.8076171875,29752.72536277771,1.1457116408720667,-0.6735773317591494,4155.908203125,4250.251664006192,4247.7635067256115,
wlswar,XC484163.ogg,,
wlswar,XC484164.ogg,4100.28076171875,6698.754104700955,-0.5529245454577066,-1.2184772299993756,4177.44140625,4099.526514700945,4098.766911954746,
wlswar,XC485986.ogg,5241.181640625,4160.31839107645,-0.6556287114771052,-0.2752160727779316,5286.4013671875,5240.795890339008,5240.408040510608,
wlswar,XC485987.ogg,4822.170840992647,37889.5502449835,-0.33161514877264353,-1.075436171375514,4511.2060546875,4818.437076077389,4814.668690184084,
wlswar,XC493929.ogg,4857.275390625,783319.1549777985,-0.12402708359881112,-1.8608918833508854,3832.91015625,4778.532875527009,4699.606652195404,
wlswar,XC494972.ogg,6533.9813232421875,987.2495234012604,0.06077231243700074,-0.9696271077393237,6503.02734375,6533.910509818567,6533.839708942831,
wlswar,XC501460.ogg,6547.88818359375,72983.75145955519,0.6821910401293745,-1.49619530830174,6384.5947265625,6542.867445436142,6537.938390839247,
wlswar,XC501467.ogg,5632.72705078125,350885.0957751274,-1.7787789070540965,1.182684710831662,5857.03125,5603.289721607735,5570.112934858232,
wlswar,XC511436.ogg,4906.192555147059,12804.445620144112,-1.908747976459884,4.302282839119969,4941.8701171875,4904.873636186322,4903.513339235432,
wlswar,XC512274.ogg,5808.864874588816,236.58466966528638,-0.054335615073983025,-0.5035385587967238,5813.96484375,5808.845580349659,5808.826284181683,
wlswar,XC534894.ogg,,
wlswar,XC534895.ogg,,
wlswar,XC534896.ogg,,
wlswar,XC534897.ogg,,
wlswar,XC534898.ogg,5151.220703125,511527.91678905487,0.05845574074310851,-0.5096098005208298,4145.1416015625,5106.574498017299,5061.473267765206,
wlswar,XC534899.ogg,,
wlswar,XC534900.ogg,,
wlswar,XC536279.ogg,,
wlswar,XC537676.ogg,4668.190051663307,158421.85755314364,0.2146987956858481,-0.8676624419975258,4059.0087890625,4651.873077513413,4635.680415561624,
wlswar,XC540909.ogg,,
wlswar,XC543026.ogg,,
wlswar,XC543746.ogg,5841.757698946221,403848.99063165794,0.45320243481821876,-1.1480593349281103,5415.6005859375,5808.840866569741,5776.8849552407955,
wlswar,XC551594.ogg,7113.6474609375,1694.0837502479553,-0.6831917905006701,-0.8271901686432002,7127.490234375,7113.533763588013,7113.419772134802,
wlswar,XC551596.ogg,5991.61376953125,405.71898221969604,0.0,-1.2685714285714287,5964.697265625,5991.585555002964,5991.557340413169,
wlswar,XC552563.ogg,6554.971474095395,282761.79908921843,1.0744742119788933,0.17405470931387512,6190.7958984375,6534.837084712998,6515.724557151459,
wlswar,XC554789.ogg,,
wlswar,XC555443.ogg,5025.849609375,2983.0005168914795,-0.625316691144431,-0.7152943703186665,4931.103515625,5025.581346679225,5025.311913497893,
wlswar,XC557304.ogg,,
wlswar,XC557435.ogg,4137.066650390625,790034.2181324959,-1.5057889193122356,0.6483597557342295,4586.572265625,4028.39003437044,3890.2521645406623,
wlswar,XC558356.ogg,6563.140869140625,24352.7989089489,-0.6294386524741425,-1.4379522695462605,6642.9931640625,6561.4234818047025,6559.68979746589,
wlswar,XC558659.ogg,6675.965881347656,146019.71069723368,0.378550675420346,-0.5647638977927492,6707.5927734375,6665.827019189864,6655.803600873077,
wlswar,XC559303.ogg,4706.79931640625,99663.90198469162,1.7862271030673789,1.1953237581434069,4575.8056640625,4698.564489759923,4690.893259234589,
wlswar,XC560750.ogg,5217.835115131579,150582.41383025522,1.414627027856404,0.01266752483052569,5006.4697265625,5205.01662602429,5193.033041482589,
wlswar,XC561434.ogg,6221.962376644737,133795.74857260054,0.052376373500641275,0.8110929125355142,6104.6630859375,6211.738649337516,6201.449599225255,
wlswar,XC561435.ogg,5222.128018465909,144453.96035232328,1.6131207450776766,1.0952369144216805,4984.9365234375,5209.639828072984,5198.0311453521435,
wlswar,XC561436.ogg,6099.769176136364,124.35023351149125,-0.12638397296579532,-1.0119218615340262,6104.6630859375,6099.759908365602,6099.750639220211,
wlswar,XC561437.ogg,6101.726740056818,1138.120781291615,-0.24698230139351782,-1.6168621399177006,6136.962890625,6101.641881613087,6101.556949850366,
wlswar,XC561438.ogg,5766.004527698864,560920.7194284961,-0.9703119725952336,-0.9734359504373957,6136.962890625,5717.640192895578,5665.35326652546,
wlswar,XC561446.ogg,,
wlswar,XC562355.ogg,6231.708984375,511040.6577036931,-0.5673834982224801,-0.8713752910250747,5081.8359375,6189.560740795751,6145.357520477355,
wlswar,XC567740.ogg,,
wlswar,XC570347.ogg,6722.792681525735,50005.71690938053,0.9875223122543146,-0.7754231464941537,6578.3935546875,6719.363670787889,6716.006469040472,
wlswar,XC575271.ogg,53.8330078125,405.71898221969604,0.7683612488578245,-0.5,53.8330078125,51.06471234925177,48.57113486842105,
wlswar,XC580365.ogg,5835.882568359375,77077.86664366722,1.5510476910767221,4.723469681670134,5770.8984375,5829.775860369235,5823.899409793785,
wlswar,XC582122.ogg,5.38330078125,32.1999192237854,0.0,-2.0,0.0,0.0,0.0,
wlswar,XC582129.ogg,8008.428955078125,148454.96758818626,0.10747255517344616,-1.7402748169628472,7568.9208984375,7999.514042862015,7990.634164227709,
wlswar,XC588024.ogg,6107.4964021381575,332275.3727749774,-0.11156252027167937,-0.7904045956068053,6083.1298828125,6081.353616940738,6054.859208899243,
wlswar,XC591820.ogg,5110.546875,2585237.994712332,1.126177826027127,-0.6882317023876214,4015.9423828125,4909.009665629822,4749.271127314857,
wlswar,XC599601.ogg,6270.303109975962,10294.383529516366,-0.8412645937787846,0.5980222561262774,6233.8623046875,6269.506458846185,6268.70234993971,
wlswar,XC602834.ogg,6028.681640625,14653.225358794718,-1.0770738915729785,0.730106678385015,6007.763671875,6027.483523116075,6026.267548603797,
wlswar,XC608510.ogg,915.9893329326923,5118854.553672524,2.140827406215074,2.583642647216238,32.2998046875,61.199985680079095,32.2785295235867,
wlswar,XC608848.ogg,42.43307674632353,50.28869737597073,0.051489766763804554,-0.5620511347313983,43.06640625,41.864224438800996,41.28546463815789,
wlswar,XC615196.ogg,5647.5311279296875,7257.3717942704325,-1.2036128816427578,0.4596557424162855,5673.9990234375,5646.907873602126,5646.277049594223,
wlswar,XC615828.ogg,6939.488807091346,61507.29493452951,-1.6524299969639262,1.0986275231031062,6922.9248046875,6935.234061035981,6930.811096024666,
wlswar,XC67051.ogg,2234.967041015625,5607867.970371788,0.5798823249733072,-1.3664110992613943,398.3642578125,1110.315379723818,638.5589009316506,
wlswar,XC8943.ogg,,
