primary_label,filename,mean,variance,skewness,kurtosis,mode,gmean,hmean
wrenti,XC109853.ogg,3024.21875,6040.704846382141,1.2772502734663005,-0.2648966748650894,2971.58203125,3023.348749630831,3022.496441069539,
wrenti,XC109854.ogg,,
wrenti,XC149642.ogg,3156.5718217329545,1873.6840269782326,-0.40063091664042755,-1.5607208969519994,3186.9140625,3156.301047663018,3156.0293340824987,
wrenti,XC149643.ogg,3190.3397993607955,1483.6217327551406,0.2637071182780815,-1.334680278206153,3154.6142578125,3190.1182928821477,3189.8972415937337,
wrenti,XC149645.ogg,3100.3505859375,574.5753586292267,0.028042001599052284,-1.0302023499786763,3100.78125,3100.261638338634,3100.1727009425094,
wrenti,XC149646.ogg,3887.9736328125,1793299.885355908,-1.3594508686699103,0.06091869819687323,4543.505859375,3518.5815276945505,3000.9415373361708,
wrenti,XC149647.ogg,2739.00146484375,604.0726525267374,0.2868836102721328,0.5784803512025074,2745.4833984375,2738.8924907019764,2738.783685033866,
wrenti,XC149649.ogg,3188.70849609375,1577.2105888886886,0.04372439601873755,-1.2698448916424026,3143.84765625,3188.4818526288736,3188.255280699696,
wrenti,XC149650.ogg,4648.6025723544035,116799.08496202157,-1.2746071873669358,2.392325824284697,4694.23828125,4635.224193723891,4620.757183870699,
wrenti,XC187304.ogg,,
wrenti,XC187316.ogg,5114.439026738556,215584.0698933937,-0.05589931197984462,-0.385248944784792,5060.302734375,5093.405899487016,5072.104057539275,
wrenti,XC236304.ogg,,
wrenti,XC252448.ogg,,
wrenti,XC252728.ogg,4315.289206582992,16332.390241935605,-0.8532596599884317,0.23765205846863724,4328.173828125,4313.394452027052,4311.465625922309,
wrenti,XC253524.ogg,4299.462890625,229885.34331321716,-0.07702468864245114,-1.4463423066888867,3671.4111328125,4273.15518328565,4246.684982305144,
wrenti,XC253525.ogg,4980.6298828125,38799.614667892456,-1.3757259344645358,0.07590251357990807,5092.6025390625,4976.996986921741,4973.235222314134,
wrenti,XC255363.ogg,,
wrenti,XC256158.ogg,571.3724070581897,821870.1672348481,2.083308201831859,2.3700812024527096,193.798828125,299.539499616276,235.1325829147693,
wrenti,XC270530.ogg,,
wrenti,XC279703.ogg,3084.8876953125,13945.639162528805,-1.6062881176317987,2.7954713059631278,3036.181640625,3082.5826739253857,3080.1727811541627,
wrenti,XC279705.ogg,3146.0009765625,81.14379644393921,-0.3436215967445456,-1.153061224489796,3143.84765625,3145.9906533919957,3145.980324145049,
wrenti,XC296924.ogg,,
wrenti,XC306323.ogg,52.85422585227273,474.2169922048395,-0.40352226979712313,-1.4790814814814819,64.599609375,47.84182813852414,42.369420118185694,
wrenti,XC309930.ogg,61.5234375,452.6388645172119,-0.5542263988973702,-1.1976502082093996,32.2998046875,57.70286367255006,53.42414952531645,
wrenti,XC312753.ogg,3409.423828125,289.7992730140686,-0.223606797749979,-0.8699999999999997,3402.24609375,3409.3860233813925,3409.348191597683,
wrenti,XC324917.ogg,3138.9722140330186,4777.523980344848,1.3710157128122387,1.321941974863405,3111.5478515625,3138.239801645204,3137.5213208897194,
wrenti,XC330136.ogg,283.5205078125,289.7992730140686,0.223606797749979,-0.8700000000000001,269.1650390625,283.0688906449395,282.6202252937261,
wrenti,XC339903.ogg,,
wrenti,XC351630.ogg,3245.2803762335525,2786.1403791528,-0.07842365289193097,-1.0416434901522023,3240.7470703125,3244.8732973378924,3244.4658346256783,
wrenti,XC351979.ogg,3223.3154296875,2219.586431980133,0.3162521484457513,-0.6344054136079045,3154.6142578125,3222.988447704333,3222.6623951570446,
wrenti,XC351980.ogg,3140.534855769231,355.1898782069866,-0.8680828906248975,-0.24102344146632682,3143.84765625,3140.482480299873,3140.429928449502,
wrenti,XC351981.ogg,3161.07421875,150.69562196731567,-0.27154541788363945,-1.044378698224852,3165.380859375,3161.0551376789663,3161.036044512419,
wrenti,XC351982.ogg,3042.76123046875,588.3114653475144,0.819074101228822,0.6246589178496316,3046.9482421875,3042.6703050501255,3042.579754394766,
wrenti,XC351983.ogg,3256.1279296875,1096.2692499160767,0.5041254381574812,0.20343461633245452,3240.7470703125,3255.9681200228506,3255.808818638284,
wrenti,XC351984.ogg,2969.395065307617,4637.4496165663,-0.14381529070725044,-1.0032621546285392,2863.916015625,2968.6244155853724,2967.851889711251,
wrenti,XC351986.ogg,3251.513671875,77.27980613708496,0.0,-1.0,3251.513671875,3251.504759088714,3251.495846278001,
wrenti,XC351988.ogg,2884.1033935546875,213.20946514606476,0.2353310703188506,-1.1799415590536335,2874.6826171875,2884.071074597675,2884.038779439511,
wrenti,XC351989.ogg,4818.9041940789475,319165.3829973195,-1.0185766927115492,1.388938132498862,5318.701171875,4782.355688070198,4741.056462073667,
wrenti,XC357920.ogg,3299.4739879261365,286.63782639936966,0.006687563190316976,-1.1393274221453291,3283.8134765625,3299.43450005617,3299.395012707552,
wrenti,XC360342.ogg,3101.934814453125,1777.4857228452508,-1.2543118836311247,2.8617233630851286,3079.248046875,3101.6501077652124,3101.3619983146546,
wrenti,XC368292.ogg,3059.50927734375,7441.008650675052,-1.3424084533191016,0.5402069744703346,3079.248046875,3058.2911229299934,3057.041377408524,
wrenti,XC390089.ogg,5196.56201972336,63075.33436036502,-0.3145750959567616,0.8648633382014173,5307.9345703125,5190.509280561823,5184.364042780746,
wrenti,XC390103.ogg,3341.953125,1657.6518416404724,-0.5321811563901744,-1.3133405056481982,3283.8134765625,3341.753938695093,3341.553980868871,
wrenti,XC390108.ogg,,
wrenti,XC395206.ogg,5120.199690193966,176229.50203531535,1.1439608830322674,0.8562292364449293,5038.76953125,5104.079580264863,5088.79860860137,
wrenti,XC404199.ogg,3278.43017578125,2444.542102953967,0.6919108380580846,-0.6574464732760279,3251.513671875,3278.0803777228166,3277.7328973128906,
wrenti,XC413013.ogg,3371.02294921875,2335.0390654343823,-0.6128655524595524,-0.912764019147092,3380.712890625,3370.6832605647314,3370.341578411786,
wrenti,XC442352.ogg,3489.9169921875,3571.431040763855,-1.2761009455925862,0.3535339660637975,3369.9462890625,3489.4723339688867,3489.0215492828706,
wrenti,XC442354.ogg,3276.0836087740386,1640.8661671495631,-1.976843654590646,3.9244660434980405,3283.8134765625,3275.8355537722405,3275.583367976561,
wrenti,XC443636.ogg,,
wrenti,XC443637.ogg,,
wrenti,XC448797.ogg,4002.9223065043607,5732.82654895339,0.08143548731091378,-0.9352681631387556,3929.8095703125,4002.2233984556283,4001.5250629532097,
wrenti,XC448815.ogg,3068.155184659091,16189.416842027142,-1.8271713123522035,2.2867961457083696,3133.0810546875,3065.4151064431476,3062.526028401201,
wrenti,XC451000.ogg,3148.816856971154,3506.7738603045054,-0.5971102677101122,-0.6628629656736886,3154.6142578125,3148.2628877699863,3147.704664793106,
wrenti,XC453068.ogg,3245.8137063419117,2175.1992492114796,0.4488793406801282,-0.6346417709141989,3208.447265625,3245.499598221211,3245.18675375555,
wrenti,XC453097.ogg,5026.130477241848,67503.75793385413,-1.4179321829115603,2.1660533181943844,5092.6025390625,5019.358609120728,5012.21270706842,
wrenti,XC467896.ogg,,
wrenti,XC486796.ogg,4732.035925033245,86471.75063776581,-0.18752155950785676,-1.4923427177720194,5049.5361328125,4722.859254437566,4713.611784211057,
wrenti,XC490883.ogg,3224.076203377016,4086.855296165713,0.5662274986768437,-1.0459966630257411,3176.1474609375,3223.4671957279884,3222.8626016261665,
wrenti,XC492152.ogg,,
wrenti,XC503543.ogg,4751.1474609375,57664.32303648729,0.5800135057134408,-1.62819088819476,4565.0390625,4745.612977185054,4740.186166341822,
wrenti,XC511307.ogg,3206.814625224129,15912.67025780157,0.38554574354909926,-0.7409622716692672,3122.314453125,3204.3653506436344,3201.938133805679,
wrenti,XC520531.ogg,,
wrenti,XC544577.ogg,78.17488960597827,255.2066325198992,0.22317505179416475,-0.7474947542135517,75.3662109375,76.60640987510472,75.03995028409092,
wrenti,XC544579.ogg,41.8701171875,244.71938610076904,-0.05869854054073645,-1.3862534626038783,53.8330078125,39.02545252322582,36.11158288043478,
wrenti,XC552547.ogg,,
wrenti,XC559825.ogg,3178.1982421875,3264.5198106765747,0.6026866988247833,-0.8527214102164846,3143.84765625,3177.7124434451457,3177.2299958547205,
wrenti,XC574258.ogg,2735.3040660511365,1697.6578018882062,-0.38829383962018854,0.4623038596096114,2723.9501953125,2734.998105372953,2734.690829932798,
wrenti,XC576848.ogg,3330.2798622532896,3658.588716858311,0.13365568903507136,-1.457514741426253,3251.513671875,3329.760216153422,3329.241383147684,
wrenti,XC576849.ogg,3390.814887152778,14041.776552796367,-0.9132077958622663,-0.5027982523975467,3477.6123046875,3388.7240573780086,3386.5873340368175,
wrenti,XC580702.ogg,4675.641424005682,15697.636257518421,1.2929518910360192,0.0876021835892411,4608.10546875,4674.147739930388,4672.686165810496,
wrenti,XC582242.ogg,2888.525390625,1273.8429583035982,-0.4443514284887582,-1.45672,2917.7490234375,2888.319902645568,2888.1136912091715,
wrenti,XC603656.ogg,3307.14111328125,65.68783521652222,-0.2282688235636075,-0.8927335640138407,3305.3466796875,3307.1328344208164,3307.124552717566,
wrenti,XC603657.ogg,3095.0390625,12838.634702292356,0.18476598537427402,-1.5353888879557605,2982.3486328125,3093.018859195675,3091.0077920593994,
