primary_label,filename,mean,variance,skewness,kurtosis,mode,gmean,hmean
yebela1,XC114092.ogg,13.07373046875,38.85221022825975,0.025187582937618882,-0.2585326525127649,10.7666015625,0.0,0.0,
yebela1,XC114094.ogg,1071.27685546875,2124366.0575151443,0.6120899927050392,-1.6032164692033892,10.7666015625,0.0,0.0,
yebela1,XC115247.ogg,3520.379638671875,129714.0626013279,0.4481873950379969,-1.4458233848582842,3240.7470703125,3502.9179163090485,3485.988084917888,
yebela1,XC115249.ogg,3971.337890625,93.83976459503174,0.2723801058145729,-1.5069204152249136,3962.109375,3971.327767927658,3971.3176493834785,
yebela1,XC119031.ogg,,
yebela1,XC123219.ogg,2866.42822265625,1320147.078092756,-2.0369031560132815,2.3653704743475226,3499.1455078125,1731.8709165750988,184.38699962423573,
yebela1,XC128034.ogg,3100.78125,24285.17907857895,1.3300545187280084,-0.21767220510250063,3014.6484375,3097.438255672028,3094.2320584872023,
yebela1,XC128385.ogg,3073.095703125,17189.236879348755,2.0276488592012774,2.136939212927386,3025.4150390625,3070.818419657236,3068.6566476722915,
yebela1,XC137682.ogg,3225.673828125,34.77591276168823,-0.40824829046386296,-1.8333333333333333,3229.98046875,3225.6695138114965,3225.6651975826653,
yebela1,XC137683.ogg,3402.24609375,480.23879528045654,-1.7360763842705231,3.0909631391200936,3402.24609375,3402.1797404895383,3402.112900859326,
yebela1,XC144995.ogg,3054.9363659274195,71043.07649212498,1.6517478589005354,2.6007495412576205,2842.3828125,3044.56916090485,3034.9993705057086,
yebela1,XC145304.ogg,3.5888671875,38.63990306854248,0.7071067811865475,-1.5,0.0,0.0,0.0,
yebela1,XC145700.ogg,,
yebela1,XC146823.ogg,3354.873046875,4055.969614731638,-1.98832862015517,3.32220325213848,3369.9462890625,3354.284102019536,3353.680072247299,
yebela1,XC148225.ogg,1409.3994140625,1592689.3326044083,0.09927511538520273,-1.9849169647056053,236.865234375,752.9526405343324,417.1100210980174,
yebela1,XC149792.ogg,,
yebela1,XC152243.ogg,1671.2158203125,3397078.59814167,0.21797827213108983,-1.9450523295681053,32.2998046875,424.61184652120727,95.23078003036564,
yebela1,XC152621.ogg,3518.88427734375,41875.11677091772,0.5088790532047943,-1.044701753760308,3337.646484375,3513.5214091860257,3508.254748761971,
yebela1,XC156280.ogg,3100.1479204963234,11830.629145397861,-0.8885740145544382,-1.0542961178151173,3154.6142578125,3098.3143101487835,3096.4435330532197,
yebela1,XC164576.ogg,,
yebela1,XC164789.ogg,11.920166015625,63.01984190940857,-0.1649012698098405,-1.084945033477188,10.7666015625,0.0,0.0,
yebela1,XC165884.ogg,,
yebela1,XC165896.ogg,3141.2287531672296,543.5694472209826,-0.49720477928198303,0.5166654209125987,3143.84765625,3141.1443586612736,3141.059750655282,
yebela1,XC166466.ogg,3061.3037109375,123.64768981933594,0.4861359120657514,-0.65625,3057.71484375,3061.286899463889,3061.2701059201004,
yebela1,XC1698.ogg,1234.9582981418919,1378541.7305862666,0.7520283257125185,-1.4322215200367254,430.6640625,796.5794804947429,590.6778355160515,
yebela1,XC169865.ogg,4019.9090254934213,9366.448082421957,3.4953608346190608,11.512736260584692,3962.109375,4018.861650091205,4017.8674185017157,
yebela1,XC169866.ogg,3603.0989022090516,1426.440559584519,0.9242088287548106,1.4722262998549445,3617.578125,3602.908954877692,3602.720161739472,
yebela1,XC173802.ogg,,
yebela1,XC186275.ogg,23.92578125,283.3592891693115,-0.38631141024025967,-1.303589876033058,32.2998046875,0.0,0.0,
yebela1,XC186433.ogg,,
yebela1,XC204720.ogg,3193.3740234375,19699.02932016473,0.765581359889034,-1.1457601359813216,3090.0146484375,3190.5044729848987,3187.6971970362015,
yebela1,XC209817.ogg,3261.383056640625,443560.620018027,0.5577396002145136,-1.5215265380810654,2670.1171875,3202.553159722012,3148.2610245439837,
yebela1,XC235739.ogg,3051.7333984375,611.7984652519226,-1.236573908565791,-0.19986149584487523,3068.4814453125,3051.6437307736232,3051.5534949728594,
yebela1,XC235740.ogg,3760.480291193182,743.9937699924816,0.18231359482100334,-1.6075122984696177,3736.0107421875,3760.390435137921,3760.3006551382678,
yebela1,XC235741.ogg,3660.64453125,17553.555965423584,-0.6333639041647169,-1.3899466002135992,3736.0107421875,3658.5152570895207,3656.3557180303933,
yebela1,XC235742.ogg,3623.73046875,40450.45852661133,-1.8804958108034446,1.837023076379884,3176.1474609375,3618.6080604915605,3613.1299214184687,
yebela1,XC243470.ogg,6.15234375,33.119916915893555,-0.28867513459481287,-1.9166666666666667,10.7666015625,0.0,0.0,
yebela1,XC245495.ogg,,
yebela1,XC245557.ogg,6.7291259765625,31.049922108650208,-0.5163977794943223,-1.7333333333333334,10.7666015625,0.0,0.0,
yebela1,XC249498.ogg,3189.605712890625,833676.1068349535,-3.013454801674828,7.084907734792894,3445.3125,2809.609317498484,1811.1661964838588,
yebela1,XC250411.ogg,3195.88623046875,80402.61284871535,0.21636418025173404,-1.853239716876789,2928.515625,3184.4705382360507,3173.2247649409373,
yebela1,XC250412.ogg,3174.609375,4730.628132820129,0.8175542569747667,-1.186624939240165,3122.314453125,3173.977558022066,3173.35264312242,
yebela1,XC250431.ogg,3271.0530598958335,59163.966453992405,1.6032060318849224,0.6024448688517801,3143.84765625,3262.959047662172,3255.4575456189887,
yebela1,XC250432.ogg,3197.266564002404,5436.686814101034,3.2886316650816303,14.568114615691126,3154.6142578125,3196.4710748830075,3195.711238654566,
yebela1,XC250810.ogg,2307.28271484375,2379832.9179883003,-0.8727870852228191,-1.2380850329425412,3262.2802734375,1038.026551825532,226.44519466055058,
yebela1,XC250811.ogg,3438.134765625,5989.1849756240845,0.5508895181475669,-1.4368132684915798,3359.1796875,3437.3281299193595,3436.5279620712295,
yebela1,XC251895.ogg,4.306640625,30.911922454833984,0.40824829046386296,-1.8333333333333333,0.0,0.0,0.0,
yebela1,XC258707.ogg,3031.4712524414062,5857.326306402683,1.1074452143798628,0.01645949978733441,2971.58203125,3030.581236690834,3029.7067896844896,
yebela1,XC258708.ogg,3105.087890625,30.911922454833984,0.40824829046386296,-1.8333333333333333,3100.78125,3105.0834128298766,3105.078937110187,
yebela1,XC258709.ogg,2642.841796875,40194.026618168275,0.5214869356935496,-1.3287632196701933,2508.6181640625,2635.6592184774086,2628.6617283603673,
yebela1,XC258710.ogg,3225.87890625,50419.00151968002,-0.18954858492421836,-1.6080900062771528,3434.5458984375,3218.356386386925,3210.772901946278,
yebela1,XC2673.ogg,1705.1605224609375,762458.543462249,-1.1772458876215866,0.22713646539463994,32.2998046875,941.828670788067,172.4616094268445,
yebela1,XC279710.ogg,3569.12841796875,57.95985460281372,0.0,-2.0,3563.7451171875,3569.1243581619356,3569.1202983597286,
yebela1,XC283939.ogg,3653.466796875,9483.336210250854,-1.08221083918969,-0.4696631299626901,3692.9443359375,3652.232116941073,3650.9740726258306,
yebela1,XC284898.ogg,,
yebela1,XC28523.ogg,3204.4097900390625,20267.319157719612,0.8498160411030645,-0.09020081338207753,3154.6142578125,3201.7023117196786,3199.0535990279072,
yebela1,XC28560.ogg,3159.3994140625,92.50158613378352,-0.21813981311217717,-0.7858115686588687,3165.380859375,3159.385093889637,3159.370767358185,
yebela1,XC28563.ogg,3587.969970703125,32258.43907698341,-0.09093382642439385,-1.5931644738544,3746.77734375,3583.6443805628314,3579.306955108143,
yebela1,XC28582.ogg,3176.4947706653224,17762.638795760377,0.2964698405570069,-0.364745765545587,3122.314453125,3173.8061692922324,3171.134311989656,
yebela1,XC288218.ogg,3609.80224609375,8544.886488959475,-1.8095832868249224,2.585295716810002,3671.4111328125,3608.6030332904097,3607.3649656500957,
yebela1,XC288226.ogg,75.3662109375,77.27980613708496,0.0,-1.0,75.3662109375,74.9787111545482,74.58923969072164,
yebela1,XC294053.ogg,28.33316200657895,41.35147521370336,0.28051239347599943,-0.7125772641762969,32.2998046875,27.645976287127546,26.975661057692307,
yebela1,XC297563.ogg,,
yebela1,XC323960.ogg,,
yebela1,XC342590.ogg,,
yebela1,XC34536.ogg,3102.7388139204545,2789.0984578566117,0.5989213014931196,0.15281138120026316,3111.5478515625,3102.312480571749,3101.888805945,
yebela1,XC346338.ogg,236.865234375,787141.1933898926,3.6142003626097625,11.064052986189889,10.7666015625,0.0,0.0,
yebela1,XC353092.ogg,,
yebela1,XC353382.ogg,,
yebela1,XC354990.ogg,3940.576171875,40166.17923974991,-0.3468544228674966,-0.534981853163671,3639.111328125,3936.447601324334,3932.2677523707657,
yebela1,XC359235.ogg,784.9702533922697,1999067.405595955,1.4654555635266824,0.34173642614272826,43.06640625,120.88460301713728,58.323179075588804,
yebela1,XC363229.ogg,,
yebela1,XC364109.ogg,21.533203125,nan,0.0,-3.0,21.533203125,21.533203125,21.533203125,
yebela1,XC375066.ogg,37.68310546875,99.35975074768066,0.0,-0.6666666666666665,32.2998046875,36.45621768120378,35.15625,
yebela1,XC377219.ogg,3371.74072265625,48282.315243374214,-0.4578482247697737,1.4067448714112913,3337.646484375,3364.9987420173957,3358.047852792729,
yebela1,XC387065.ogg,,
yebela1,XC389231.ogg,69.98291015625,193.1995153427124,0.0,-1.3599999999999999,53.8330078125,68.92963232266413,67.87200984990619,
yebela1,XC392827.ogg,1792.63916015625,38.63990306854248,0.0,-2.0,1787.255859375,1792.6310771038195,1792.6229940878377,
yebela1,XC397259.ogg,25.1220703125,38.63990306854248,0.7071067811865475,-1.5,21.533203125,24.64936430498142,24.224853515625,
yebela1,XC415333.ogg,3231.733171329942,26716.347863507825,-0.08075608330254118,-1.6329264660552367,3068.4814453125,3227.680580648329,3223.618475055629,
yebela1,XC419217.ogg,,
yebela1,XC419218.ogg,,
yebela1,XC419292.ogg,1323.095703125,1404004.3649953955,1.3192070514247303,-0.23218161765508594,753.662109375,1002.7862224166274,847.8930020017323,
yebela1,XC419430.ogg,,
yebela1,XC423525.ogg,3029.7216796875,34.77591276168823,0.40824829046386296,-1.8333333333333333,3025.4150390625,3029.7170905570224,3029.7125036066227,
yebela1,XC424613.ogg,3150.699129971591,1034218.7844839962,-1.9810439828220803,3.4734085110791764,3456.0791015625,2772.8359646416066,1905.6691883373505,
yebela1,XC425964.ogg,3696.9505132630816,2112482.269032057,0.7637943393404504,-0.6302430432807049,2896.2158203125,3435.559097251343,3183.658555381287,
yebela1,XC427337.ogg,3196.8076963682433,24268.29587768864,-0.1295175733622447,-0.95662023384735,3273.046875,3193.0926019948392,3189.357526407422,
yebela1,XC429293.ogg,2906.982421875,77.27980613708496,0.0,-1.0,2906.982421875,2906.9724527481967,2906.9624835872073,
yebela1,XC429297.ogg,15.380859375,33.119916915893555,0.28867513459481287,-1.9166666666666667,10.7666015625,14.490771116964579,13.702947443181817,
yebela1,XC430034.ogg,,
yebela1,XC430055.ogg,,
yebela1,XC432594.ogg,3302.2064208984375,149974.69377582488,0.11022834102727877,-1.9231422486418073,2960.8154296875,3280.5462458791876,3259.1885864699416,
yebela1,XC432831.ogg,15.230802210365853,46.226518183219724,0.023677103001092607,-0.26980052184159575,10.7666015625,0.0,0.0,
yebela1,XC433657.ogg,3429.931640625,76926.52702331543,-0.9252525650859302,-1.112220121449078,3025.4150390625,3419.8349742204928,3409.2731004898847,
yebela1,XC439025.ogg,2730.41015625,7630.0928592681885,-0.3014503899882248,-1.6275095618094786,2616.2841796875,2729.1444527261024,2727.8712246569244,
yebela1,XC440674.ogg,3513.5009765625,4752.708077430725,-1.585433098434306,1.837633848899464,3499.1455078125,3512.887559547518,3512.2616664906495,
yebela1,XC440675.ogg,3227.447150735294,7484.492400989813,-0.3107573993490394,-1.790905485245168,3133.0810546875,3226.3497060721074,3225.246601269851,
yebela1,XC455155.ogg,2996.7041015625,2999.861565503207,0.688713409562735,-0.7469190309824549,2993.115234375,2996.2488505055444,2995.797182131013,
yebela1,XC459231.ogg,4776.571116727941,4205290.888319997,0.4146592993647701,-1.7674480224115603,3143.84765625,4388.408964365149,4064.2118842487293,
yebela1,XC463774.ogg,3445.3125,57.95985460281372,0.0,-0.5,3445.3125,3445.305770847735,3445.2990416691896,
yebela1,XC47089.ogg,3451.2939453125,26201.07427239418,-1.6437567748180582,2.1921140728632844,3466.845703125,3447.7394798039686,3443.9940959074183,
yebela1,XC47619.ogg,,
yebela1,XC476461.ogg,3683.8341346153848,48934.46493607302,-0.29426971562197285,-1.622790468435736,3919.04296875,3677.624623128831,3671.3482588362344,
yebela1,XC476462.ogg,3882.4365234375,9887.95119524002,-0.4066745813497252,-1.8200936217116612,3951.3427734375,3881.4112750295526,3880.3798741521855,
yebela1,XC479987.ogg,3161.6359544836955,5928.857854232487,-0.33656856932234847,-0.5770893960712771,3079.248046875,3160.73380367713,3159.826371258099,
yebela1,XC486465.ogg,,
yebela1,XC489537.ogg,,
yebela1,XC500645.ogg,3440.1535034179688,16105.389066357562,-0.39550259033726937,-1.1989467088054149,3563.7451171875,3437.837368092443,3435.4981857702364,
yebela1,XC502910.ogg,,
yebela1,XC504225.ogg,3574.7808837890625,26046.192660927773,-0.6492736416658803,-0.9313778979493308,3606.8115234375,3571.154599004022,3567.455562292156,
yebela1,XC514663.ogg,3173.211115056818,10597.169052470814,0.5667387359777546,-1.6519893133061028,3100.78125,3171.7102672420388,3170.2273691576456,
yebela1,XC520093.ogg,,
yebela1,XC533565.ogg,,
yebela1,XC533979.ogg,,
yebela1,XC537982.ogg,,
yebela1,XC538043.ogg,,
yebela1,XC539378.ogg,,
yebela1,XC540223.ogg,2640.753728693182,280.3149331699718,0.86438816656712,-0.6610605461021333,2627.05078125,2640.7056453477826,2640.6577286171514,
yebela1,XC541891.ogg,,
yebela1,XC542033.ogg,,
yebela1,XC550350.ogg,3041.150841346154,2890.5619795505822,-2.082452210124764,3.500681200890816,3068.4814453125,3040.701417082316,3040.240979091058,
yebela1,XC550846.ogg,,
yebela1,XC578310.ogg,3256.89697265625,629.2784214019775,-0.8693648862463393,-0.3711911357340716,3273.046875,3256.812083789826,3256.726836913763,
yebela1,XC584534.ogg,3038.0816291360293,655.4577674935846,-1.3080052060878546,3.2367344143424797,3036.181640625,3037.97935742129,3037.8763289207604,
yebela1,XC585269.ogg,3366.357421875,67601.64688615238,-0.0674493983562228,-1.7322606044014024,3639.111328125,3356.8216484459217,3347.2663355828463,
yebela1,XC587124.ogg,158.18622295673077,25.342770433618952,-0.8333333333333361,-1.305555555555553,161.4990234375,158.10676299233828,158.02592615927418,
yebela1,XC587350.ogg,206.6802978515625,423871.6699548743,4.999153969327281,23.00791827175215,86.1328125,92.87227562483667,82.66674539199481,
yebela1,XC590888.ogg,2538.40576171875,2888452.804555153,-0.8378831399183907,-1.2504945324739474,0.0,0.0,0.0,
yebela1,XC592637.ogg,3428.3126027960525,2850.5402176003704,-1.4915282131463992,2.984001690982777,3423.779296875,3427.9125548696566,3427.506142312069,
yebela1,XC597906.ogg,233.63525390625,1289.2847657203674,0.200061744920233,-1.1048951048951052,183.0322265625,231.16440430379376,228.72246926698992,
yebela1,XC599238.ogg,2587.82958984375,3506.252742730654,0.6032210894599801,-1.2015708286002071,2551.6845703125,2587.2059113207233,2586.5877200958284,
yebela1,XC599457.ogg,3433.7176983173076,96202.95558984461,0.17259000737793906,0.010616609268701449,3456.0791015625,3420.795520462614,3407.8600035726845,
yebela1,XC602739.ogg,3403.7841796875,3921.398162841797,-0.6450134214966241,-1.045397137794467,3434.5458984375,3403.2312082437033,3402.6739182796437,
yebela1,XC609835.ogg,3448.248845880682,32737.833510745655,-0.11371563229344495,-1.6841843903926208,3294.580078125,3443.9124850627413,3439.5615859840855,
yebela1,XC609875.ogg,3434.5458984375,115.91970920562744,0.0,-1.5,3423.779296875,3434.534648033286,3434.523397629077,
yebela1,XC617290.ogg,3242.900390625,80236.31072044373,-0.5787435425793672,-1.493433439994034,2863.916015625,3230.9337591516596,3218.59233912152,
yebela1,XC617291.ogg,3441.005859375,58248.36587905884,-0.771738737092028,-1.283154703020605,3100.78125,3433.105622607391,3424.937355086152,
yebela1,XC617645.ogg,3420.1904296875,30.911922454833984,-0.7071067811865475,-1.5,3423.779296875,3420.186661186227,3420.1828900505516,
yebela1,XC6548.ogg,3265.4205322265625,43026.162065241646,-0.07698615264848736,-0.10404695578550838,2939.2822265625,3259.05771629007,3252.6419162874317,
yebela1,XC65923.ogg,2976.4759410511365,426987.0874123139,-1.1747854618133884,0.165333095836115,1733.4228515625,2895.127763747311,2796.0456511173306,
yebela1,XC70827.ogg,3481.56005859375,28472.14567866819,-0.8525931165290037,-0.31463493363921424,3531.4453125,3477.489811895136,3473.300717929627,
yebela1,XC81535.ogg,2830.078125,248.39937686920166,1.637357099598294,1.2229629629629626,2820.849609375,2830.0407186279726,2830.0035212684406,
yebela1,XC81536.ogg,3480.7789522058824,503.7393245626899,0.3642454916018902,-1.2328540630609797,3456.0791015625,3480.710950312148,3480.6430511660074,
yebela1,XC81537.ogg,3511.4501953125,132.47966766357422,0.5953924651018015,-0.6406249999999996,3509.912109375,3511.434045547903,3511.417915132545,
