primary_label,filename,mean,variance,skewness,kurtosis,mode,gmean,hmean
yebfly,XC110097.ogg,4416.325378417969,9987.931944429874,-0.6103769458334225,-0.9571014303760608,4457.373046875,4415.255401065597,4414.175679304253,
yebfly,XC110098.ogg,4168.715249338457,230715.9324468011,-1.2740407562271105,-0.2878320872330402,4403.5400390625,4137.983004324028,4104.041615334004,
yebfly,XC110099.ogg,3529.8502604166665,31563.186462108904,-0.43998731118350953,-1.1517071870084938,3714.4775390625,3525.475115513231,3521.0333657055185,
yebfly,XC134691.ogg,3950.292373285061,14622.140392297651,-0.44641522893569974,0.6175583834736353,3940.576171875,3948.467822882207,3946.623273262966,
yebfly,XC135060.ogg,3896.1639404296875,1968.5650616884232,-0.4940803819647112,-1.5831981609927452,3919.04296875,3895.942103190497,3895.7194924652063,
yebfly,XC135085.ogg,3659.1064453125,327640.0519334353,1.4009655428559635,0.470885152871217,3402.24609375,3622.2588112934163,3589.850944457734,
yebfly,XC139736.ogg,3703.7109375,1655.9958457946777,0.0,-1.9216,3660.64453125,3703.5153173966323,3703.3197060052485,
yebfly,XC141849.ogg,3841.8310546875,177319.55423775842,-1.298854985110315,-0.21959476423231017,4091.30859375,3816.962882760855,3789.602975551771,
yebfly,XC141885.ogg,5134.130859375,89390.6557559967,-0.3179544027559533,-1.8598320736212368,5372.5341796875,5126.576525498751,5118.944955986142,
yebfly,XC142182.ogg,3840.087890625,17465.2361869812,0.30915023137721553,-0.8485572120617375,3671.4111328125,3837.97806784562,3835.8813109078346,
yebfly,XC142183.ogg,,
yebfly,XC142283.ogg,3494.8388671875,2232.2824001312256,0.6986020252314907,0.5500928950681967,3488.37890625,3494.542526492748,3494.2478963609506,
yebfly,XC142360.ogg,4970.254794034091,54395.85045250979,-1.1734579972995591,1.1884385709454506,4877.2705078125,4965.085970461029,4959.712541496742,
yebfly,XC150001.ogg,,
yebfly,XC164759.ogg,3734.814453125,186.75953149795532,0.21451013203211164,-0.9675980975029725,3725.244140625,3734.792239426487,3734.7700365518463,
yebfly,XC164760.ogg,4339.53857421875,310193.94420525606,-0.7525930137463518,0.43359687316543294,3273.046875,4302.793153570602,4262.754397590796,
yebfly,XC164761.ogg,3657.952880859375,236183.77296762032,0.6863069761595323,-1.482356803083745,3294.580078125,3629.863332870556,3603.4796138784227,
yebfly,XC164762.ogg,3592.0074462890625,3574.8810321092606,-0.497343805335271,-1.644158363590094,3628.3447265625,3591.56973870669,3591.1297988378146,
yebfly,XC164763.ogg,4630.9844970703125,477209.3128801688,-1.1442711918043018,-0.6746331995563963,3456.0791015625,4574.926295935701,4512.374104613056,
yebfly,XC164764.ogg,4950.4833984375,81.14379644393921,0.3436215967445456,-1.153061224489796,4941.8701171875,4950.476844436084,4950.470292873129,
yebfly,XC166053.ogg,5171.883877840909,4133.064540949736,0.7086594701630365,-1.243236092066585,5114.1357421875,5171.522634182078,5171.163411523086,
yebfly,XC166467.ogg,5287.59765625,1172.0770597457886,-0.6761863615310951,-1.2945220987803405,5307.9345703125,5287.498864998294,5287.399801884789,
yebfly,XC167857.ogg,,
yebfly,XC168126.ogg,758.148193359375,2395757.1500410205,1.7909791067147431,1.2125776254736635,86.1328125,153.48578263164256,93.33965170913594,
yebfly,XC179657.ogg,,
yebfly,XC180261.ogg,5247.6416015625,208.6554765701294,-0.1111111111111111,-1.601851851851852,5232.568359375,5247.625693913804,5247.609783374414,
yebfly,XC181475.ogg,,
yebfly,XC184970.ogg,,
yebfly,XC185734.ogg,,
yebfly,XC185735.ogg,5679.38232421875,1775.4018620440834,-2.3216135663657345,8.22807949835264,5684.765625,5679.23213261311,5679.080201401375,
yebfly,XC187564.ogg,4494.694046910034,100261.9316380409,0.30017647065343106,0.03978433321952446,4317.4072265625,4483.668283082886,4472.683517271276,
yebfly,XC189052.ogg,3822.861328125,5091.635227203369,-0.8996033077902625,0.15337576697615196,3757.5439453125,3822.2327802686073,3821.597158381607,
yebfly,XC189053.ogg,3487.840576171875,8095.771480547754,-0.8471041496152727,-0.5163975036232227,3520.6787109375,3486.7216648622916,3485.5863824183316,
yebfly,XC189054.ogg,3620.269775390625,16154.239475727081,-1.34049055128962,0.617770434591626,3348.4130859375,3618.256808796554,3616.181734814141,
yebfly,XC189274.ogg,3784.46044921875,683.9262843132019,-0.5503577696563086,-1.3565067509336397,3800.6103515625,3784.384973367746,3784.3093228012904,
yebfly,XC189276.ogg,3613.0630985383063,10036.901789326823,0.623245636033349,0.06448223625590943,3628.3447265625,3611.7329194349227,3610.416484642041,
yebfly,XC189277.ogg,3700.48095703125,4844.155848026276,-0.4813509907117325,-0.9669642274534098,3682.177734375,3699.888360430697,3699.2922877800465,
yebfly,XC189406.ogg,3567.333984375,6591.153991849799,0.07529305860104904,-0.4306961741822062,3563.7451171875,3566.4343957657366,3565.535333352354,
yebfly,XC189407.ogg,3571.820068359375,6174.0724187950755,-0.24817158568684392,-0.718001033340661,3509.912109375,3570.972033339487,3570.1206303581007,
yebfly,XC197686.ogg,4247.010216346154,1151.7663414661702,1.1344470699314693,0.4171463059312619,4220.5078125,4246.885765752698,4246.762028069255,
yebfly,XC197808.ogg,207.87823016826923,277.9100720699017,0.024886573315269098,-0.9230890217049397,204.5654296875,207.25911282299785,206.63872499852215,
yebfly,XC198361.ogg,2.691650390625,24.839937686920166,1.1547005383792515,-0.6666666666666665,0.0,0.0,0.0,
yebfly,XC198392.ogg,,
yebfly,XC200514.ogg,5683.4197998046875,19853.320196270943,0.23293332807947703,-1.489703408017898,5609.3994140625,5681.896613629764,5680.378913575545,
yebfly,XC205960.ogg,,
yebfly,XC206056.ogg,,
yebfly,XC209844.ogg,,
yebfly,XC210624.ogg,4211.89453125,58446.717381477356,1.4289297287049265,0.16673276488602395,4123.6083984375,4206.5972046383895,4201.548713781392,
yebfly,XC233431.ogg,7054.2388916015625,13150962.105156345,-1.04254282100461,-0.8337612876998399,9194.677734375,5126.6381120755805,2759.606753903408,
yebfly,XC248009.ogg,5256.2548828125,1124.4211792945862,-1.0391889223704167,-0.3312254224678499,5200.2685546875,5256.168973272137,5256.0827221896525,
yebfly,XC251995.ogg,2671.91162109375,3865370.805209333,-0.7049967850686872,-1.500003815329898,10.7666015625,0.0,0.0,
yebfly,XC260211.ogg,5011.85302734375,127.51168012619019,0.0,-0.9421487603305785,5006.4697265625,5011.84242646589,5011.831825563016,
yebfly,XC269775.ogg,108.8623046875,1345.9566235542297,0.22124933927965115,-1.5639236739085645,75.3662109375,103.37478287444924,98.19124639449102,
yebfly,XC269776.ogg,7867.608954436588,38210.15057566753,1.365925164819058,2.5995449947537423,7676.5869140625,7865.237667636952,7862.915455600609,
yebfly,XC269778.ogg,7737.934681848827,45623.12414317304,-6.312429250805593,53.060095642760395,7655.0537109375,7734.5759750942625,7730.706915496903,
yebfly,XC269783.ogg,5757.195490056818,20033.033381808887,2.7516695142431766,5.78117054591552,5717.0654296875,5755.678437103943,5754.223519876515,
yebfly,XC270084.ogg,,
yebfly,XC284438.ogg,1658.8541666666667,449161.46195851854,-1.5888039455821166,1.1294113132073385,1614.990234375,1312.9920684370213,685.0264597739742,
yebfly,XC28446.ogg,,
yebfly,XC302446.ogg,3563.7451171875,2550.2336025238037,-0.6538099086491711,-0.031068258340985366,3574.51171875,3563.4040279643696,3563.060804470232,
yebfly,XC318883.ogg,4200.968424479167,5475.307290370649,0.43834824583100845,-1.1710950046608894,4123.6083984375,4200.343935187778,4199.722555466045,
yebfly,XC318884.ogg,4166.6748046875,7496.141195297241,-0.12462464447567058,-1.3839143373365927,4037.4755859375,4165.902381087847,4165.128688259853,
yebfly,XC324472.ogg,3526.06201171875,7471.552166071805,-0.6402096848453332,-1.4768292416065056,3585.2783203125,3525.0808179976298,3524.089886009662,
yebfly,XC326270.ogg,864.404296875,2998522.7179527283,2.0407581324260122,2.165614363072587,183.0322265625,327.13160168173516,241.30202520501996,
yebfly,XC330577.ogg,4220.5078125,115.91970920562744,0.0,-1.5,4209.7412109375,4220.498657206697,4220.489501913405,
yebfly,XC331688.ogg,,
yebfly,XC333955.ogg,3995.2705078125,100743.11447739601,1.0270057381670352,0.38072071618761605,3725.244140625,3983.7177194274177,3972.6936614605506,
yebfly,XC333956.ogg,,
yebfly,XC333957.ogg,4000.5615234375,342.2391414642334,-0.13035868695491726,-1.0158688865764829,4005.17578125,4000.524845964666,4000.488154525037,
yebfly,XC333958.ogg,5992.027869591346,1460.88556601451,-1.0572244439317278,0.23162894330780315,5986.23046875,5991.914852397017,5991.8013417510065,
yebfly,XC333959.ogg,3892.12646484375,6494.913118727067,1.4547866536408576,0.6239642879285765,3822.1435546875,3891.3533488756593,3890.5949593306996,
yebfly,XC333960.ogg,3897.509765625,115.91970920562744,0.0,-1.5,3886.7431640625,3897.499851602026,3897.489937579053,
yebfly,XC333961.ogg,4040.5517578125,27964.249849319458,0.13967728325740872,-1.5651892063841384,3865.2099609375,4037.5942348569156,4034.647620259929,
yebfly,XC333962.ogg,,
yebfly,XC333969.ogg,4080.5419921875,77.27980613708496,0.0,-1.0,4080.5419921875,4080.534890189037,4080.527788178212,
yebfly,XC333973.ogg,4774.98779296875,57.95985460281372,0.0,-2.0,4769.6044921875,4774.9847584126655,4774.981723858512,
yebfly,XC333975.ogg,,
yebfly,XC335641.ogg,,
yebfly,XC335642.ogg,4527.981922238372,1002817.5531847534,-0.2629628678389242,-1.4284695562273744,3305.3466796875,4412.3749798698045,4291.844625871653,
yebfly,XC335895.ogg,5757.440185546875,3097.0722307329593,-3.764949315608505,14.07174328557024,5770.8984375,5757.176110015595,5756.905535148249,
yebfly,XC336723.ogg,134.58251953125,38.63990306854248,0.0,-2.0,129.19921875,134.4748104147311,134.3671875,
yebfly,XC339986.ogg,,
yebfly,XC372902.ogg,3896.1639404296875,7069.032266736031,1.1478020242055036,-0.6590994428593167,3854.443359375,3895.382129847411,3894.6123134189024,
yebfly,XC381925.ogg,145.34912109375,869.3978190422058,0.0,-1.3855999999999997,107.666015625,142.80743026831732,140.25578763510313,
yebfly,XC381926.ogg,1913.763427734375,3895163.0486547947,1.4879919053149884e-05,-1.9999801601325307,204.5654296875,860.8901455181583,387.2644667629393,
yebfly,XC383314.ogg,0.566663240131579,6.10103732661197,4.00693842672377,14.05555555555556,0.0,0.0,0.0,
yebfly,XC383315.ogg,,
yebfly,XC386885.ogg,4252.471160888672,6089707.189826595,-0.5008033675782146,-1.6741734594933004,6212.3291015625,3218.1316340517265,2220.778657629939,
yebfly,XC386886.ogg,,
yebfly,XC386895.ogg,319.4091796875,757051.1644026813,3.8615907756011785,12.964240690382194,107.666015625,131.28530482018755,107.34075442534855,
yebfly,XC386896.ogg,,
yebfly,XC394520.ogg,3903.0561967329545,147653.60778028314,0.23362838462988358,-0.5223300352428151,3337.646484375,3884.8287835111173,3866.729004826876,
yebfly,XC394522.ogg,3952.5850736177886,201972.25948938957,0.0988814684224751,-1.0268651379694047,3326.8798828125,3927.9754852006818,3903.4073046256335,
yebfly,XC404658.ogg,3935.791015625,1598.6312838161693,0.7377024069294387,-0.41381819815368015,3919.04296875,3935.6001214191274,3935.4101385823615,
yebfly,XC417439.ogg,,
yebfly,XC466985.ogg,4163.3620042067305,928659.5411484059,0.1524500931530426,-1.9702496444885431,3273.046875,4061.439672496847,3964.1472297899004,
yebfly,XC466986.ogg,3673.564453125,349377.12271589984,1.7670641660578568,1.6160608464638324,3348.4130859375,3634.9704261104944,3602.236936863369,
yebfly,XC467713.ogg,,
yebfly,XC467715.ogg,4783.062744140625,133245.12995387378,-3.1382682769730037,9.04059092205893,4834.2041015625,4767.223400509921,4748.2038046552125,
yebfly,XC475169.ogg,64.599609375,264.95933532714844,-0.795495128834866,0.12500000000000044,64.599609375,62.38174601618462,59.64679513602639,
yebfly,XC482823.ogg,5729.267578125,104226.17053985596,-2.481317064116801,6.330971115749406,5663.232421875,5719.883623524403,5709.489110652391,
yebfly,XC488500.ogg,,
yebfly,XC536463.ogg,,
yebfly,XC557142.ogg,4090.144636824324,1774491.0761069607,-2.2633200056466083,4.207574746662189,4683.4716796875,3125.346788009411,671.2178216215286,
yebfly,XC575988.ogg,4652.305201480263,174779.80576063454,-1.0614848442093903,-0.8510388139336853,3972.8759765625,4633.282623649841,4613.064451695082,
yebfly,XC617782.ogg,5406.238323709239,10446.519248570376,-0.03514106935546727,-1.6433241516620498,5286.4013671875,5405.3136404327815,5404.388602219933,
