primary_label,filename,mean,variance,skewness,kurtosis,mode,gmean,hmean
yebsee1,XC118885.ogg,32.2998046875,77.27980613708496,0.0,-1.0,32.2998046875,31.362578807069774,30.39981617647059,
yebsee1,XC119901.ogg,2030.7466947115386,6991398.544563696,0.5056977307827589,-1.7094553539328181,32.2998046875,229.04462998204903,50.70523341351539,
yebsee1,XC128021.ogg,,
yebsee1,XC128485.ogg,4097.230224609375,9987.093051797465,0.543350356578394,0.20375059882536606,4145.1416015625,4096.081507779635,4094.9416898743552,
yebsee1,XC129720.ogg,4567.730712890625,212851.02217428145,0.44067651435977406,-0.18492811810511567,4748.0712890625,4545.585605860509,4523.864566532817,
yebsee1,XC130731.ogg,4031.015625,614.3744587898254,0.6927284074925394,-0.7178711285154855,4005.17578125,4030.9548134798456,4030.8941553731747,
yebsee1,XC131817.ogg,4392.17529296875,86550.73111548144,-0.7019386809625761,-0.9346536847665785,4651.171875,4382.553184418908,4372.623046867078,
yebsee1,XC145469.ogg,5976.332141507057,323816.1905988508,-1.4695158704808442,4.082342502041817,6524.560546875,5946.125195393688,5911.227727900123,
yebsee1,XC158037.ogg,5983.294122869318,70911.74938461998,1.580428523149205,0.6164487681686106,5846.2646484375,5977.881209789216,5972.706401181012,
yebsee1,XC158751.ogg,4814.398871527777,1039609.8478287458,1.2676553474665744,1.8106790151181045,4769.6044921875,4719.298948947245,4633.438498709833,
yebsee1,XC169953.ogg,,
yebsee1,XC173544.ogg,4257.718698601973,25962.165398033045,-0.11432845800397913,0.6438854662963855,4285.107421875,4254.707968730348,4251.679104817925,
yebsee1,XC178082.ogg,4532.7392578125,77.27980613708496,0.0,-1.0,4532.7392578125,4532.732864330114,4532.726470838706,
yebsee1,XC180875.ogg,4641.259765625,262046.9787620729,1.256168669387748,3.7727071816001256,4489.6728515625,4615.16622547839,4590.314892934171,
yebsee1,XC183288.ogg,4169.015370244565,23615.54803113221,0.12866268928403624,-1.1026581742479715,4026.708984375,4166.312178276609,4163.615988401553,
yebsee1,XC198798.ogg,686.1261541193181,3819301.502596248,2.8457331712334732,6.098931682187716,75.3662109375,140.56216190741657,103.7616213643857,
yebsee1,XC212094.ogg,4963.4033203125,231.83941841125488,0.0,-0.9600000000000004,4963.4033203125,4963.3838577915685,4963.364395188217,
yebsee1,XC216248.ogg,4273.942057291667,210844.41056618324,1.6710633155578283,3.6037385888152533,4263.57421875,4252.317070691507,4232.464579808018,
yebsee1,XC216249.ogg,4658.8623046875,143.51963996887207,-0.19201160638565623,-1.143491124260355,4651.171875,4658.849098158891,4658.835887580097,
yebsee1,XC235018.ogg,,
yebsee1,XC243116.ogg,4446.269989013672,666242.8027866107,-5.0257978037331315,24.395615077055613,4521.97265625,4031.5481348053727,1597.0426802535458,
yebsee1,XC243117.ogg,7423.57177734375,31407.80121088028,0.3769018644458,-1.5728315789247977,7299.755859375,7421.678294586196,7419.795713446159,
yebsee1,XC243118.ogg,6722.127685546875,691555.9365419965,-1.951477177347792,1.8247224581542962,7062.890625,6663.62275319561,6594.2819478009105,
yebsee1,XC245142.ogg,5135.035615808823,855804.6648123685,0.05153088193208666,-1.6716751432750936,4069.775390625,5052.765294618746,4971.49184334875,
yebsee1,XC245149.ogg,4003.6376953125,248.39937686920166,-1.1173381065928274,0.06148148148148147,4015.9423828125,4003.6110326332378,4003.5842972112373,
yebsee1,XC246339.ogg,5849.200994318182,665103.0311692846,-1.2157971561276681,-0.1409613752634269,4317.4072265625,5790.603600546052,5724.843132333836,
yebsee1,XC251564.ogg,4859.6355569773705,147603.20250168038,-0.1579583723968094,-0.4756238292123367,4575.8056640625,4844.481485935647,4829.072481686979,
yebsee1,XC259846.ogg,5141.8212890625,808711.0912799835,0.8987037595266282,0.6357170104899308,4672.705078125,5070.883401064114,5004.1664695802,
yebsee1,XC259847.ogg,4879.6630859375,225.3994345664978,-0.1207363221040738,-1.156530612244898,4866.50390625,4879.642551429007,4879.622012067642,
yebsee1,XC259848.ogg,5423.03466796875,317769.783335488,0.636201543968952,2.312146823348467,5394.0673828125,5395.02786219691,5367.297860367684,
yebsee1,XC259849.ogg,5914.779385653409,650849.1221991451,1.140403437559075,-0.5654397822654103,5437.1337890625,5869.010331622126,5827.515336972677,
yebsee1,XC261274.ogg,4611.505448190789,27666.84849011271,0.49621024621660725,0.25221522249111894,4425.0732421875,4608.692005816055,4605.906056093304,
yebsee1,XC262689.ogg,5971.524866615854,528383.8048461007,-1.0367121112516064,0.16064290446348384,6513.7939453125,5923.765254103942,5871.071602438749,
yebsee1,XC264864.ogg,4760.856628417969,229756.2446370721,0.0903170509830092,-1.5077654872384914,4231.2744140625,4738.264594548457,4715.815815360133,
yebsee1,XC27518.ogg,4563.5009765625,340854.89878287684,0.2779518013634952,-1.8947736827436736,4102.0751953125,4529.463028105643,4496.4127235513515,
yebsee1,XC276504.ogg,4468.510910560345,1237504.8528560277,0.22606868973138583,-1.623268317209946,3725.244140625,4336.2769741266475,4209.6714656199665,
yebsee1,XC276505.ogg,4685.344132133152,144031.8423203329,-1.6740242169072155,0.8782989684482501,4866.50390625,4669.162945132067,4651.425860699983,
yebsee1,XC299891.ogg,5441.4404296875,1215.8689498901367,0.46917656266606234,-0.7743105429474291,5437.1337890625,5441.340066921787,5441.239892674199,
yebsee1,XC303800.ogg,,
yebsee1,XC314308.ogg,,
yebsee1,XC316251.ogg,4550.68359375,403955.45704364777,-0.8588687261969029,0.1459718870218154,4435.83984375,4502.332647626671,4448.591875905415,
yebsee1,XC335016.ogg,4048.2421875,1241059.5906972885,0.5665778270299505,-1.6784016264690504,3240.7470703125,3919.4203024765093,3805.6031926851606,
yebsee1,XC335214.ogg,4541.71142578125,32282.306603316603,-0.9742750407655498,-0.7405136849272091,4618.8720703125,4538.184309878537,4534.566233418233,
yebsee1,XC344057.ogg,5385.992431640625,365717.02256798744,-1.1544560619310649,-0.6668533718984611,5684.765625,5358.37190897604,5328.626337467842,
yebsee1,XC357281.ogg,,
yebsee1,XC362499.ogg,4164.16259765625,171342.78755146882,3.514862614651768,13.939924159257817,3994.4091796875,4147.682075648442,4133.863570282566,
yebsee1,XC362500.ogg,3809.168419471154,54965.340333428954,0.43106436472918497,-0.6393179546299783,3574.51171875,3802.2390154384298,3795.414203307396,
yebsee1,XC365229.ogg,,
yebsee1,XC367583.ogg,32.2998046875,57.95985460281372,0.0,-0.75,32.2998046875,31.46535739663963,30.59981496710527,
yebsee1,XC367867.ogg,,
yebsee1,XC390053.ogg,5693.37890625,81.14379644393921,0.3436215967445456,-1.153061224489796,5684.765625,5693.373207166796,5693.367509927793,
yebsee1,XC399696.ogg,70.751953125,574.0785598754883,-0.6900417104484521,-1.0211723372781059,75.3662109375,66.38195565530638,61.265435987903224,
yebsee1,XC407119.ogg,5501.7333984375,2582796.5026552025,0.6886587368809122,-1.5012882494920878,4295.8740234375,5307.427646860706,5140.203251862755,
yebsee1,XC407120.ogg,4787.548828125,38.63990306854248,-0.7071067811865475,-1.5,4791.1376953125,4787.5461364737685,4787.543443478057,
yebsee1,XC414320.ogg,4120.01953125,1440.2145689184015,-0.2707824552766192,-1.6814991076740038,4145.1416015625,4119.8590537773625,4119.698323512658,
yebsee1,XC421897.ogg,,
yebsee1,XC421903.ogg,,
yebsee1,XC424459.ogg,5258.565763147866,499859.95754963014,-0.9936790672818454,3.6429316916911043,5243.3349609375,5204.105857019644,5139.06692425159,
yebsee1,XC427966.ogg,7222.894287109375,783737.4779284,0.3260436682696083,-1.5918272005971963,6449.1943359375,7171.211549989878,7121.01236006776,
yebsee1,XC427967.ogg,4772.749791520365,166961.58623609104,0.15126313033933908,1.0270740448869766,4780.37109375,4755.289894362052,4737.678928836916,
yebsee1,XC437970.ogg,4384.698486328125,1435.8236708424308,-0.9091013206479046,0.49787728305698264,4392.7734375,4384.547631259866,4384.396002834021,
yebsee1,XC443362.ogg,4909.5703125,346785.40205955505,1.792706616351517,3.7643127845665267,4360.4736328125,4879.958883915789,4853.28929624882,
yebsee1,XC445237.ogg,4920.3369140625,115.91970920562744,0.0,-1.5,4909.5703125,4920.329060948897,4920.321207835298,
yebsee1,XC446516.ogg,6437.294407894737,297255.41852022463,-2.360544534097148,4.65610759703096,5641.69921875,6411.905473010951,6382.386657925226,
yebsee1,XC446517.ogg,5385.09521484375,798103.3338904381,0.3213213634311021,-0.8003002214212027,4414.306640625,5324.241724154673,5264.613478967998,
yebsee1,XC484068.ogg,3783.3837890625,1677569.423675537,-2.5852498158730635,4.839717398417689,4295.8740234375,2956.1116876749234,1010.9039601825293,
yebsee1,XC509505.ogg,4287.2607421875,81.14379644393921,-0.3436215967445456,-1.153061224489796,4285.107421875,4287.253168221029,4287.245590985988,
yebsee1,XC510948.ogg,84.33837890625,158.42360258102417,-0.48756686638394087,-1.0101130279595483,86.1328125,83.50856522170164,82.63503331218274,
yebsee1,XC534097.ogg,4424.35546875,296873.83954278356,3.4391630546126866,9.933433078448463,4317.4072265625,4398.736095758491,4378.510415214592,
yebsee1,XC537085.ogg,,
yebsee1,XC541204.ogg,,
yebsee1,XC550364.ogg,4291.8365478515625,372131.2464773655,-0.4917792152508862,-1.7136710848889578,3509.912109375,4249.020540698869,4204.5742533116645,
yebsee1,XC552801.ogg,4604.360563858696,531888.192986311,-0.7640395071980851,-0.36377535918879333,4403.5400390625,4542.929815246116,4474.90410719648,
yebsee1,XC556602.ogg,6817.6513671875,127685.35194858428,-2.413352250252768,4.342564777859423,6836.7919921875,6807.567941577097,6796.540965390298,
yebsee1,XC557248.ogg,,
yebsee1,XC562562.ogg,5762.089399857955,166618.77475001596,0.9915091627358514,-0.378614430666381,5469.43359375,5749.475025447877,5737.390247170529,
yebsee1,XC569961.ogg,,
yebsee1,XC571661.ogg,4700.6982421875,10277034.41119194,-0.8590750150587706,-1.240819408025702,64.599609375,1661.8026001575793,210.58024004370375,
yebsee1,XC571693.ogg,,
yebsee1,XC584825.ogg,5437.570272909628,1894840.8409006416,-0.2777276037124278,-1.397731829367327,3348.4130859375,5250.36693052941,5053.354948767836,
yebsee1,XC584826.ogg,4415.285422585227,632630.7591741736,1.0256981958855869,-0.9384578207992353,3940.576171875,4356.55581844337,4304.517761341175,
yebsee1,XC589620.ogg,6083.1298828125,77.27980613708496,0.0,-1.0,6083.1298828125,6083.125118823904,6083.120354831592,
yebsee1,XC593774.ogg,4882.65380859375,38.63990306854248,0.0,-2.0,4877.2705078125,4882.650840951849,4882.647873311742,
yebsee1,XC597590.ogg,659.99267578125,2490.4434367230065,-0.027069490023070887,-1.2877572718602313,592.1630859375,658.1919362427091,656.3866770653813,
yebsee1,XC597591.ogg,24.04541015625,157.35767422051265,0.3340078806347051,-0.4061383993386687,21.533203125,0.0,0.0,
yebsee1,XC597592.ogg,,
yebsee1,XC601483.ogg,1592.68798828125,4869349.418672232,0.607449839342647,-1.617016874330144,10.7666015625,0.0,0.0,
yebsee1,XC617983.ogg,4524.1259765625,1282.8447818756104,0.006871708740626869,-1.4250737891324332,4478.90625,4523.998376716879,4523.870780731987,
yebsee1,XC6550.ogg,5426.3671875,854212.3371362686,0.5932983235154816,-1.1032344694348355,4446.6064453125,5358.215963725476,5293.972708476083,
yebsee1,XC6551.ogg,4575.5364990234375,109686.72130314204,-1.4534296265280637,0.19519970409851384,4705.0048828125,4562.95059132326,4549.441998809987,
yebsee1,XC84737.ogg,4363.165283203125,985.3175282478333,0.4021148028980893,-1.5980509850999225,4338.9404296875,4363.066660419484,4362.968216307517,
yebsee1,XC84738.ogg,4446.6064453125,198.71950149536133,0.0,-1.0000000000000002,4435.83984375,4446.58689324366,4446.567341088844,
yebsee1,XC84739.ogg,4683.4716796875,64451.35831832886,0.9463849570926136,-1.099471861359833,4532.7392578125,4677.750804809191,4672.210837905911,
yebsee1,XC84740.ogg,3922.6318359375,38.63990306854248,0.7071067811865475,-1.5,3919.04296875,3922.628554435956,3922.625274937157,
yebsee1,XC84741.ogg,4664.091796875,197.06350564956665,0.3631734744194305,-1.3719723183391002,4651.171875,4664.07490733893,4664.058028802755,
