primary_label,filename,mean,variance,skewness,kurtosis,mode,gmean,hmean
yegvir,XC125805.ogg,3515.29541015625,1422072.0806121826,2.2619247299614327,3.165221925655864,3133.0810546875,3384.55854514732,3297.0814955052715,
yegvir,XC141551.ogg,28.7109375,77.27980613708496,0.6260990336999411,-0.9600000000000004,21.533203125,27.667975947293375,26.730872844827584,
yegvir,XC149651.ogg,3066.866455078125,271.8012129005633,-0.19378843620822966,-1.1131214879811961,3079.248046875,3066.824328877451,3066.782173731549,
yegvir,XC149652.ogg,5199.440354567308,813378.8764935274,-0.5953971969373533,-1.416764515297464,4252.8076171875,5121.109816647677,5037.621564811953,
yegvir,XC154105.ogg,,
yegvir,XC165239.ogg,266.0888671875,143.51963996887207,-0.19201160638565623,-1.143491124260355,258.3984375,265.8561976343254,265.62214141266554,
yegvir,XC170153.ogg,37.0849609375,32.1999192237854,0.22360679774997896,-1.95,32.2998046875,36.70525314382127,36.3372802734375,
yegvir,XC178668.ogg,4044.29443359375,164074.22206114078,-0.7308510915869747,-0.4174675398618599,4080.5419921875,4023.521144402182,4001.5623223082025,
yegvir,XC184232.ogg,3126.62109375,2992444.1092014313,-1.499608475979664,0.24948178762084483,3886.7431640625,1495.2233144206978,156.3205958250631,
yegvir,XC187790.ogg,,
yegvir,XC187803.ogg,,
yegvir,XC213422.ogg,,
yegvir,XC213527.ogg,2829.7162224264707,157900.5433049272,0.5867795837173865,-0.9922755936482144,2508.6181640625,2804.532859385847,2780.5607541368004,
yegvir,XC233655.ogg,,
yegvir,XC240733.ogg,27.9931640625,56.671857833862305,0.6578429336242115,-0.6280991735537191,21.533203125,27.14239336956629,26.3671875,
yegvir,XC247626.ogg,4897.265625,209.75947380065918,0.271676526951981,-0.8760387811634347,4888.037109375,4897.24727743815,4897.228938893636,
yegvir,XC252263.ogg,4052.42919921875,366158.1614613533,-0.09136067150013634,-1.8329550814932378,3413.0126953125,4009.0792556299884,3965.681403132052,
yegvir,XC252424.ogg,5413.447265625,1356.260597705841,0.39893709540929745,-1.7456717072101688,5383.30078125,5413.347212215433,5413.247321888701,
yegvir,XC252426.ogg,5517.88330078125,38.63990306854248,0.0,-2.0,5512.5,5517.880674780247,5517.878048780488,
yegvir,XC252539.ogg,2785.4736328125,4037937.2144937515,-0.4016648016583857,-1.4028244042867024,3649.8779296875,1286.26891797296,338.5250975472673,
yegvir,XC254512.ogg,2642.7112926136365,70394.87795396284,2.120925645490502,3.688763920362864,2444.0185546875,2631.959008703715,2622.402199921222,
yegvir,XC255750.ogg,,
yegvir,XC269320.ogg,4670.013427734375,12007.349878549576,1.147193685498249,-0.6721896845989996,4618.8720703125,4669.063872542144,4668.128978373491,
yegvir,XC269321.ogg,4398.15673828125,38.63990306854248,0.0,-2.0,4392.7734375,4398.153443726288,4398.150149173806,
yegvir,XC275110.ogg,2999.395751953125,2426138.193827608,0.7667390524884801,-1.363044613539029,1937.98828125,2673.9980815105805,2437.891039702974,
yegvir,XC275111.ogg,3883.154296875,527637.5363767147,-0.6116844292526213,-1.4625999165977994,2906.982421875,3817.276882001395,3747.1006675272265,
yegvir,XC28547.ogg,3185.647403492647,91518.71373309172,0.5641611804826355,0.7741837419844075,3036.181640625,3172.0087622258943,3158.6083038512097,
yegvir,XC28870.ogg,2998.857421875,317154.1163921356,-1.9352132003628744,2.045590537475686,3240.7470703125,2932.255492891418,2844.2853127073463,
yegvir,XC289190.ogg,,
yegvir,XC289191.ogg,4312.79296875,190752.50548124313,0.5729908550363388,-1.1299405200369512,3854.443359375,4292.396432895614,4272.728818852587,
yegvir,XC29668.ogg,45.2197265625,81.14379644393921,-0.3436215967445456,-1.153061224489796,43.06640625,44.45441410019569,43.64838471283784,
yegvir,XC307361.ogg,4207.995275548987,480245.78228995606,0.6246750119826349,-0.5482742372852032,3499.1455078125,4154.921136137704,4104.3213997585735,
yegvir,XC316089.ogg,3395.7861328125,150.69562196731567,0.27154541788363945,-1.044378698224852,3391.4794921875,3395.76839217118,3395.7506618357074,
yegvir,XC317564.ogg,4559.65576171875,441563.67470026016,-0.20823605876929294,-1.288492209448641,4145.1416015625,4511.5134273313015,4462.094828971148,
yegvir,XC332952.ogg,2890.83251953125,9586.55995130539,-1.7618711201644244,1.1511107147086896,2928.515625,2889.398048415982,2887.9096754553,
yegvir,XC334255.ogg,,
yegvir,XC335122.ogg,5036.077880859375,37082.50030875206,-1.3924409166971785,0.3215835696943605,5135.6689453125,5032.396440226754,5028.581477318272,
yegvir,XC335123.ogg,4753.45458984375,407275.61831474304,-1.1523067073996582,-0.6682919686209035,3714.4775390625,4711.708451203079,4665.793966328486,
yegvir,XC335124.ogg,3849.5494495738635,495.293302969499,0.6447904294414831,0.0023449524671956823,3854.443359375,3849.4911029098685,3849.432892184091,
yegvir,XC361038.ogg,26.502403846153847,89.16900708125188,-0.2647325694608306,-0.6483333333333339,32.2998046875,24.616447167740994,22.39453125,
yegvir,XC363233.ogg,,
yegvir,XC366646.ogg,1714.320816532258,4835240.666777858,0.5742422383452009,-1.535653899253377,21.533203125,0.0,0.0,
yegvir,XC366955.ogg,,
yegvir,XC375257.ogg,,
yegvir,XC376245.ogg,3073.86474609375,298.079252243042,0.0,-0.8148148148148149,3068.4814453125,3073.8223197943075,3073.779892692382,
yegvir,XC378076.ogg,3868.238067626953,380862.3695746064,1.4511725186175775,1.726218029305767,3423.779296875,3825.1637088945995,3786.656648525163,
yegvir,XC378078.ogg,3868.238067626953,380862.3695746064,1.4511725186175775,1.726218029305767,3423.779296875,3825.1637088945995,3786.656648525163,
yegvir,XC378090.ogg,2901.59912109375,38.63990306854248,0.0,-2.0,2896.2158203125,2901.59412730394,2901.5891335227275,
yegvir,XC384201.ogg,4515.121182528409,456729.97716340143,-1.644164136368745,0.7135584394434149,4791.1376953125,4459.9922994845365,4394.93758659089,
yegvir,XC398519.ogg,2261.7041015625,838256.2651634216,-2.141144323218793,2.6156446871953847,10.7666015625,1254.0601455130864,78.63829973467624,
yegvir,XC399944.ogg,,
yegvir,XC407161.ogg,3194.091796875,139830.08122444153,0.7069768507633624,-1.4992595867308471,2950.048828125,3176.675006269237,3160.1727776771563,
yegvir,XC412874.ogg,,
yegvir,XC412876.ogg,,
yegvir,XC418106.ogg,3642.95654296875,152895.64311504364,0.530055190554094,-1.3087963812545553,3326.8798828125,3623.3485656689663,3604.450179036517,
yegvir,XC418107.ogg,5221.8017578125,577412.6315116882,-2.2325297382127016,3.0567726547947487,5447.900390625,5160.163516972414,5082.552607990509,
yegvir,XC419955.ogg,3621.6156005859375,522133.42018425465,-0.5160701262843643,-1.7330407538412445,2745.4833984375,3553.4966120851536,3482.017091783955,
yegvir,XC423218.ogg,3952.41943359375,346173.60359430313,2.6266608828593205,4.985886323608647,3692.9443359375,3920.527142513748,3894.8458855022727,
yegvir,XC423219.ogg,3639.111328125,818016.4079368114,0.7069940559246476,-1.4996811902267684,3025.4150390625,3547.9767596568972,3467.6952891039305,
yegvir,XC428877.ogg,6298.4619140625,115.91970920562744,0.0,-1.5,6287.6953125,6298.455779240809,6298.449644419138,
yegvir,XC429428.ogg,3408.043494591346,230515.43699411248,0.34316556308622637,-1.7427060892944055,2917.7490234375,3376.3308612352753,3345.781223402416,
yegvir,XC429429.ogg,3961.1305930397725,601304.2052351647,2.277539100017029,5.725348794741031,3886.7431640625,3901.0930369392595,3851.339580976627,
yegvir,XC450903.ogg,3988.5364879261365,1268796.0156635805,0.4520290483566299,-1.3855220548022666,2960.8154296875,3850.6673968313135,3724.0446073050607,
yegvir,XC450904.ogg,2948.97216796875,391355.638559048,-0.8921658359613714,-0.4004666654423099,3111.5478515625,2872.1818747318007,2782.9685421420622,
yegvir,XC450905.ogg,3108.7391728940215,47719.05847453317,1.7617508595613196,2.5923162160982285,3014.6484375,3101.914134070902,3095.5662658863116,
yegvir,XC450906.ogg,3077.843707540761,1352.0911536197889,-0.2782994615200033,-1.1437569882232073,3057.71484375,3077.6331333752437,3077.422093386319,
yegvir,XC450907.ogg,3871.150154903017,207277.57381981815,0.15661387975157887,-0.4724197918718116,3660.64453125,3845.246286774725,3819.2467283660135,
yegvir,XC450908.ogg,3102.57568359375,993.0455088615417,-0.5980548524761278,-1.3992339021029838,3122.314453125,3102.441821170619,3102.3074645822253,
yegvir,XC450909.ogg,3930.9233566810344,5061.922474154111,-0.5960931335352119,-0.47187164997312614,3994.4091796875,3930.2971027546337,3929.666246756298,
yegvir,XC450910.ogg,3754.852294921875,398159.36118364334,-0.5147411307812432,-1.7320322374136787,2982.3486328125,3705.4537279080055,3653.8923306070897,
yegvir,XC450911.ogg,3649.8779296875,193.1995153427124,0.0,-0.6200000000000001,3649.8779296875,3649.855243789119,3649.8325576425605,
yegvir,XC459172.ogg,,
yegvir,XC481366.ogg,,
yegvir,XC498138.ogg,,
yegvir,XC512558.ogg,3484.7900390625,1468.3163166046143,-1.1879749339933363,0.18880886426592758,3413.0126953125,3484.613056731631,3484.4346482815254,
yegvir,XC512559.ogg,3732.2658372961955,202286.30709318304,-0.5418194678174019,-1.4499961205794853,4102.0751953125,3705.027598208241,3676.6592843727567,
yegvir,XC512562.ogg,3964.0669389204545,621.7511675574563,-0.23068790859941826,-1.473536340132147,3929.8095703125,3963.995577847665,3963.9241509481353,
yegvir,XC512564.ogg,2941.07666015625,1004.6374797821045,1.3477252327561076,1.0146866366148029,2917.7490234375,2940.914502532735,2940.753851874057,
yegvir,XC512566.ogg,2846.5238131009614,10385.217024729804,0.10676385402867834,-1.5773364773826024,2734.716796875,2844.8431628814765,2843.1668252533536,
yegvir,XC512569.ogg,3935.19287109375,364.3190860748291,0.0,-1.371900826446281,3919.04296875,3935.1523669923927,3935.111862784225,
yegvir,XC512571.ogg,3865.2099609375,7608.548186042092,0.4981831449456967,-1.453280745236761,3768.310546875,3864.3140027900304,3863.424498706999,
yegvir,XC512573.ogg,4193.503057761271,365640.2178426258,0.03510352492584877,-0.013083135462390594,3779.0771484375,4149.515813681038,4103.917649378894,
yegvir,XC532759.ogg,1291.9921875,0.0,0.0,-3.0,1291.9921875,1291.9921875000014,1291.9921875,
yegvir,XC541170.ogg,1204.8578306686047,2484870.4195161187,0.8602206469916455,-1.2588178628615048,204.5654296875,438.7390917645777,243.75517001949763,
yegvir,XC548165.ogg,179.263916015625,626579.889013579,4.129271833731519,15.051530895726447,0.0,0.0,0.0,
yegvir,XC572786.ogg,,
yegvir,XC573906.ogg,5700.146484375,2660.633325576782,-0.8948698693734364,-1.0910151340369487,5727.83203125,5699.945432088958,5699.743374208278,
