primary_label,filename,mean,variance,skewness,kurtosis,mode,gmean,hmean
yehbla,XC110084.ogg,2000.1953125,237353.0353491123,1.2936689745786047,-0.14812626052963385,1701.123046875,1951.9590508063034,1912.269553011625,
yehbla,XC113481.ogg,5839.121422400842,6201928.65277506,-0.6735087294868671,-1.4812732733728724,7665.8203125,5124.441003164558,4327.2979433113005,
yehbla,XC113803.ogg,6.392669677734375,36.34176367232877,0.1848831668178375,-0.9287538383598188,10.7666015625,0.0,0.0,
yehbla,XC139928.ogg,,
yehbla,XC142630.ogg,,
yehbla,XC145882.ogg,1949.652099609375,663.0256094715812,0.14759945670899477,-1.3106056751896848,1916.455078125,1949.4964116374704,1949.3409129988615,
yehbla,XC149215.ogg,1949.652099609375,663.0256094715812,0.14759945670899477,-1.3106056751896848,1916.455078125,1949.4964116374704,1949.3409129988615,
yehbla,XC149216.ogg,1943.7856820913462,93878.55735925527,0.86636635872597,-1.0537589258625657,1722.65625,1922.2940945308121,1902.6568449356207,
yehbla,XC149217.ogg,1833.013916015625,4808.033393187957,1.489584368932127,0.7241721899042965,1787.255859375,1831.8525325231403,1830.7311053812073,
yehbla,XC149343.ogg,1649.853515625,110261.72339916229,-1.2060342031549296,0.5024976664886189,1884.1552734375,1610.07649661586,1560.4512188823892,
yehbla,XC149344.ogg,1933.541206691576,145489.93102623068,0.9113218560851916,-0.6976986887200067,1647.2900390625,1900.0929155524086,1870.201373481173,
yehbla,XC153739.ogg,2007.97119140625,405.71898221969604,0.0,-1.2685714285714287,1981.0546875,2007.8869978153764,2007.8028025904316,
yehbla,XC153740.ogg,1765.72265625,6449.351093985818,-1.578747153560992,0.8027681660899662,1808.7890625,1763.9662100080038,1762.1250684785207,
yehbla,XC153741.ogg,1622.4440354567307,135744.47621198802,-0.29135314255820705,-1.873962702640068,1173.5595703125,1579.7641393861845,1536.23370679508,
yehbla,XC153742.ogg,2043.9978966346155,905.957111945519,0.07145529789696992,0.12188852377704817,2045.654296875,2043.7848952677446,2043.5719703950042,
yehbla,XC153743.ogg,1825.3530649038462,26366.918717897857,1.4382586473947307,0.2742074956333793,1733.4228515625,1818.9244842328592,1812.9950226212084,
yehbla,XC153744.ogg,1721.220703125,47.47188091278076,0.0927863397331912,-0.4632233639805299,1722.65625,1721.2078351751472,1721.1949701055912,
yehbla,XC153745.ogg,1819.5556640625,404791.624546051,1.611290893290181,3.179403068575005,1507.32421875,1733.4733830999985,1657.0253035114654,
yehbla,XC174879.ogg,1856.4697265625,226.31943225860596,-0.04040177783226093,-1.7296252230814995,1841.0888671875,1856.4174683746023,1856.3652003088664,
yehbla,XC179677.ogg,1909.9951171875,627392.2421336174,1.4998267862381243,0.2497690509844821,1550.390625,1811.1838421484208,1741.1408536390502,
yehbla,XC185516.ogg,2575.37109375,303.9672374725342,-0.17211415350007225,-1.5041654696926172,2594.7509765625,2575.3179406829368,2575.264748483167,
yehbla,XC205805.ogg,1479.8095703125,155867.30781723472,-3.058731406104362,9.39359341833324,1776.4892578125,0.0,0.0,
yehbla,XC235966.ogg,5.797400841346154,50.52910401270939,0.7597071784226311,-0.4446366782006921,0.0,0.0,0.0,
yehbla,XC253402.ogg,,
yehbla,XC302568.ogg,1960.8673095703125,1968.5650616884232,0.4940803819647112,-1.5831981609927452,1927.2216796875,1960.4310653800378,1959.9978992191081,
yehbla,XC316526.ogg,,
yehbla,XC317032.ogg,1552.0470252403845,6961.602720847496,1.2354140493897265,9.473127708232598,1561.1572265625,1549.950639168111,1547.8878840499322,
yehbla,XC317202.ogg,1655.9033203125,72.1278190612793,0.3436215967445456,-1.153061224489796,1647.2900390625,1655.883740753731,1655.864182883379,
yehbla,XC325381.ogg,1801.25244140625,45158.4547162056,-0.0010473682870093173,-1.9894389542554942,1604.2236328125,1789.933463878777,1778.6831949727116,
yehbla,XC325752.ogg,3105.0537109375,4679.939227719461,1.7846288772791898,10.409919636111939,3111.5478515625,3104.32922823434,3103.6202422717147,
yehbla,XC325759.ogg,3408.4450461647725,745078.6055368143,3.304636360137574,11.015545407604385,2982.3486328125,3335.243781921959,3284.3573986292245,
yehbla,XC325922.ogg,3475.8819580078125,598540.9932366826,-0.7722450404874827,-0.4592061488474819,4209.7412109375,3375.5742538473082,3258.023447327865,
yehbla,XC325925.ogg,1244.3115234375,3900.5071383256177,0.620633077753289,-1.5449395275774638,1195.0927734375,1242.8837071785167,1241.4851477214202,
yehbla,XC342487.ogg,1599.4384765625,4987.7674877643585,-1.987140688512864,2.8162322596348,1593.45703125,1597.9690820402657,1596.4115879001956,
yehbla,XC355544.ogg,,
yehbla,XC355545.ogg,,
yehbla,XC355546.ogg,,
yehbla,XC355547.ogg,,
yehbla,XC355548.ogg,,
yehbla,XC355549.ogg,80.74951171875,34.77591276168823,0.0,-2.0,75.3662109375,80.56986853355994,80.390625,
yehbla,XC355551.ogg,8.729676942567568,44.035565208744366,0.12176920061689694,-0.47130091080941794,10.7666015625,0.0,0.0,
yehbla,XC361454.ogg,2954.741962139423,25714.620836833223,-0.10544268985529937,4.750327818391083,2971.58203125,2950.439104066102,2946.0351130075114,
yehbla,XC368729.ogg,1612.2117565524193,108145.11141853947,-1.7533093303290408,1.2228389871364822,1754.9560546875,1568.392931863856,1511.181102282923,
yehbla,XC368731.ogg,1656.5185546875,518.878698348999,-0.256039612735666,-1.6800588501584426,1636.5234375,1656.3840106478613,1656.2491788075977,
yehbla,XC377862.ogg,2261.856356534091,128535.26716882532,1.1757732076301528,-0.3591139891159725,2067.1875,2236.5931967365464,2214.1712685721914,
yehbla,XC377882.ogg,1748.2269287109375,12980.93743622303,0.006536470633024935,-1.9815139517443683,1636.5234375,1744.976134544541,1741.7320298396949,
yehbla,XC407212.ogg,,
yehbla,XC408940.ogg,3613.6114823190787,3986893.6701197377,-0.10527548836576775,-1.9853940480061592,1539.6240234375,3019.6720085302277,2503.985257067388,
yehbla,XC467404.ogg,123.81591796875,57.95985460281372,0.0,-2.0,118.4326171875,123.69883433219097,123.5818614130435,
yehbla,XC467748.ogg,1672.9642427884614,68.36290542895978,0.4011636009576727,-0.08979206049147237,1668.8232421875,1672.9454062252325,1672.9265930153588,
yehbla,XC479947.ogg,1817.40234375,1334.364652633667,0.45055305812751106,-1.2825688346923867,1776.4892578125,1817.0737669201699,1816.747056556248,
yehbla,XC479948.ogg,1927.2216796875,77.27980613708496,0.0,-1.0,1927.2216796875,1927.206642358485,1927.1916049121426,
yehbla,XC481014.ogg,2196.38671875,357105.15417158604,2.0496627989254246,3.421416145788764,1894.921875,2137.761214789368,2093.1605509193064,
yehbla,XC482272.ogg,1850.3704202586207,10645.769156258682,-0.6473046479003355,-0.4950662436673179,1927.2216796875,1847.518134568676,1844.5901618382034,
yehbla,XC482273.ogg,1869.9629350142045,6352.249519391496,-0.25013330444321524,-1.794703568749444,1948.7548828125,1868.3293693684896,1866.685374812532,
yehbla,XC508002.ogg,3755.671492866848,8058.023422131897,-0.5204349630648123,-0.07567935040332241,3725.244140625,3754.6363324340086,3753.592006876217,
yehbla,XC510584.ogg,1956.2086838942307,509.74949048115656,2.2300340360156303,4.52434359833065,1948.7548828125,1956.0903481425275,1955.9739091834656,
yehbla,XC510667.ogg,1935.296630859375,256.67935609817505,0.17381158260655635,-1.3381893860561915,1916.455078125,1935.2386550681015,1935.1807307884435,
yehbla,XC510668.ogg,1956.2086838942307,509.74949048115656,2.2300340360156303,4.52434359833065,1948.7548828125,1956.0903481425275,1955.9739091834656,
yehbla,XC510669.ogg,2718.310546875,972403.722594424,0.2883846436948082,-1.9060801485082668,1884.1552734375,2549.8063665653417,2401.3838833819605,
yehbla,XC510672.ogg,1894.2489624023438,996.4265003800392,-0.03502593478777204,-1.6576525815860033,1927.2216796875,1894.0022671663723,1893.755489125903,
yehbla,XC544023.ogg,2937.6438306725545,1282653.9903542271,0.8313157717228016,-0.169883895548411,1905.6884765625,2745.8285291085203,2581.803701564508,
yehbla,XC544065.ogg,1691.89453125,28424.53177158649,0.7261744809508159,-1.2733507575262968,1550.390625,1684.41658948436,1677.2859960539372,
yehbla,XC545855.ogg,1736.114501953125,20592.308342456818,0.5150683054546593,-1.7281865701648575,1636.5234375,1731.0517074567194,1726.1331041394367,
yehbla,XC545859.ogg,1439.1357421875,231.83941841125488,0.90625,-0.609375,1431.9580078125,1439.0645686706123,1438.9938203685242,
yehbla,XC545860.ogg,1805.5122707201087,3197.6428875338893,2.718293573746689,5.860463393332301,1798.0224609375,1804.7091770926386,1803.9477967361559,
yehbla,XC545863.ogg,1757.647705078125,1401.7133257891003,-2.4805874111805992,4.861462937549802,1776.4892578125,1757.2552564636223,1756.8486868982368,
yehbla,XC545867.ogg,2541.99462890625,1009337.3799920082,-0.15739219072390362,-1.640308437715745,1421.19140625,2343.960013037505,2147.0792422627655,
yehbla,XC545869.ogg,1908.2217945772059,282.98046659020815,-0.19918079756077686,-1.506005951516912,1927.2216796875,1908.1519267204806,1908.0819796358865,
yehbla,XC545870.ogg,1882.36083984375,59.71621383320201,0.2282688235636075,-0.8927335640138407,1884.1552734375,1882.3463081457844,1882.3317850094058,
yehbla,XC54826.ogg,,
yehbla,XC557433.ogg,1930.0716624540441,194100.940888897,1.5922418402485046,1.483527480862917,1787.255859375,1889.202025280114,1854.7369061652366,
yehbla,XC579136.ogg,2035.4543585526317,145343.6564458044,0.3129763770734749,-1.35290438064499,2164.0869140625,2002.3301504366339,1970.4110159290158,
yehbla,XC579137.ogg,2129.095458984375,969323.2429163023,1.1698900263413285,-0.6021164822899143,1582.6904296875,1967.491462624855,1853.521306695604,
yehbla,XC579138.ogg,1750.9185791015625,4866.557791829109,-1.166648541205622,0.4205517403836052,1733.4228515625,1749.6647008821626,1748.3720241947829,
yehbla,XC579139.ogg,1661.6455078125,765.7726244492965,-0.01739815864348688,-1.5965827792273377,1679.58984375,1661.4342206660713,1661.2228996913755,
yehbla,XC580700.ogg,42.08762428977273,56.90603906458075,0.10584214937952037,-0.7716049382716053,43.06640625,41.4652639539444,40.83883351293104,
yehbla,XC580704.ogg,1757.2468209773936,19438.909533727398,-0.00443418305807405,-1.6063795650415984,1851.85546875,1751.8171218278555,1746.3895458472846,
yehbla,XC591822.ogg,1596.148681640625,3120.1721727848053,1.1255773537287337,-0.6871148002952201,1571.923828125,1595.4317097041926,1594.730876693091,
yehbla,XC598460.ogg,1650.3267728365386,46337.06562190887,-0.15214206555483528,-1.4607924392522464,1399.658203125,1636.3469136481747,1622.1820546860167,
yehbla,XC618574.ogg,2750.86669921875,25734.175443649292,-0.6515639381629268,-1.3265852725312184,2487.0849609375,2746.6693209216323,2742.372528530239,
