primary_label,filename,mean,variance,skewness,kurtosis,mode,gmean,hmean
yetvir,XC120867.ogg,3038.4482935855262,1177181.3011661193,-2.234914236282356,3.664771832129654,3079.248046875,2027.8569409865845,230.44734280708656,
yetvir,XC125806.ogg,10.7666015625,115.91970920562744,0.0,-1.5,0.0,0.0,0.0,
yetvir,XC126542.ogg,5085.4248046875,6285953.482064334,-0.0022771106466300955,-1.9955135851721706,7472.021484375,4482.209629263825,3949.1086190309206,
yetvir,XC134182.ogg,,
yetvir,XC134183.ogg,3770.2105353860293,11682.320105678897,0.8746276239716804,-0.20476762124477732,3671.4111328125,3768.77478078196,3767.361303672623,
yetvir,XC134184.ogg,14.35546875,202.85949110984802,1.0690449676496974,-0.03061224489795933,10.7666015625,0.0,0.0,
yetvir,XC136303.ogg,3322.265625,59380.699038505554,0.6071074339469191,-0.9420748077453434,3079.248046875,3313.968957591816,3305.896502217047,
yetvir,XC136305.ogg,3289.19677734375,79424.32075738907,0.7208029369515971,-0.9158353461649238,3057.71484375,3278.702917031428,3268.597138662899,
yetvir,XC138160.ogg,2948.0912642045455,714.4869349219583,-0.2763104150258492,-1.4814916333829313,2971.58203125,2947.9809228517497,2947.870405910939,
yetvir,XC138582.ogg,,
yetvir,XC141565.ogg,2957.2265625,243369.56548690796,0.7926942598540234,-1.2587568262837086,2637.8173828125,2925.272936397295,2895.9133842840615,
yetvir,XC147013.ogg,,
yetvir,XC147074.ogg,,
yetvir,XC154485.ogg,1011.29150390625,2254818.9981417223,1.7072214021985754,1.8220335912873908,21.533203125,234.71695549438556,63.901360353389975,
yetvir,XC17174.ogg,2985.9375,1275.1168012619019,-0.7243978885264492,-1.3032024793388433,3003.8818359375,2985.746656076128,2985.5547739023928,
yetvir,XC174700.ogg,3422.2412109375,55.19986152648926,0.13416407864998736,-0.6100000000000003,3423.779296875,3422.2342994081,3422.227389096637,
yetvir,XC174712.ogg,3058.9111328125,708.3982229232788,0.23424842249420122,-1.292293388429752,3036.181640625,3058.8083338000874,3058.705665237468,
yetvir,XC174714.ogg,2932.409927692819,2345.738796367345,-0.6226297974520532,1.907904067918368,2950.048828125,2932.015580030922,2931.618210187311,
yetvir,XC174715.ogg,3349.0464154411766,7295.2705227276865,-3.4650240461131974,10.706097164290506,3369.9462890625,3347.958253966586,3346.802938305431,
yetvir,XC177383.ogg,19.73876953125,17.563592303882945,-1.788854381999832,1.200000000000001,21.533203125,19.18390306151805,18.457031250000007,
yetvir,XC179085.ogg,59.90647536057692,193.98169961535498,0.04169939056298324,0.8482589750260137,64.599609375,58.18778742926349,56.26018723747874,
yetvir,XC179311.ogg,3268.9058743990386,6231.427444861486,0.7438386157749494,-1.296688278517646,3197.6806640625,3268.0358998216016,3267.1759515786885,
yetvir,XC179321.ogg,3392.1524047851562,143794.05228048563,-0.6436222392082959,-1.3963151998066945,3660.64453125,3371.212981685218,3349.317577368906,
yetvir,XC182007.ogg,3257.794189453125,304.72832647236913,0.9805235358870981,-0.21770797863947022,3251.513671875,3257.7514602550827,3257.708873397223,
yetvir,XC182329.ogg,,
yetvir,XC182610.ogg,3128.89404296875,21153.831639710595,2.9305555764904163,8.203704000317867,3057.71484375,3125.9524188587056,3123.2394680423004,
yetvir,XC194427.ogg,3373.53515625,270.47932147979736,0.38180177416060623,-1.5000000000000002,3359.1796875,3373.5084575096034,3373.4817858466085,
yetvir,XC234650.ogg,,
yetvir,XC247094.ogg,,
yetvir,XC254792.ogg,,
yetvir,XC254793.ogg,0.7177734375,7.727980613708496,3.474396144861517,10.071428571428571,0.0,0.0,0.0,
yetvir,XC264265.ogg,,
yetvir,XC292664.ogg,,
yetvir,XC309313.ogg,426.88876065340907,833074.5802099627,2.605762111946635,4.824007382318091,118.4326171875,164.570549882639,129.14286902824202,
yetvir,XC309897.ogg,3587.07275390625,7478.577602993359,1.7691566489076465,2.6249980971358644,3520.6787109375,3586.1419600651616,3585.2352176885934,
yetvir,XC31129.ogg,48.44970703125,38.63990306854248,0.0,-2.0,43.06640625,48.1497059608109,47.8515625,
yetvir,XC31130.ogg,40.374755859375,28.97992730140686,-1.1547005383792515,-0.666666666666667,43.06640625,40.07780692031504,39.75360576923077,
yetvir,XC31131.ogg,1971.9880756578948,2884742.632853357,-0.319340099208252,-1.897384848207234,32.2998046875,484.39892071579254,78.1273939090767,
yetvir,XC315693.ogg,,
yetvir,XC317172.ogg,3803.546697443182,17413.24795376171,-1.388153475457182,1.2931468094558314,3736.0107421875,3801.3973900728997,3799.1773645830754,
yetvir,XC317173.ogg,3610.400390625,8373.266994953156,-1.6397828585562637,1.4721688481137436,3649.8779296875,3609.264734421724,3608.0970695791016,
yetvir,XC317495.ogg,2863.916015625,36100.709438323975,-0.9923396737344147,-0.9148787980809692,2562.451171875,2857.7633894982196,2851.346553088895,
yetvir,XC321626.ogg,3443.1591796875,1414.2204523086548,-0.3652199525954738,-1.8058989518946522,3402.24609375,3442.994490082435,3442.829414541375,
yetvir,XC324469.ogg,3302.655029296875,28.97992730140686,-1.1547005383792515,-0.666666666666667,3305.3466796875,3302.651735189014,3302.648437499999,
yetvir,XC324470.ogg,2745.4833984375,115.91970920562744,0.0,-1.5,2734.716796875,2745.4693243763836,2745.4552503152654,
yetvir,XC324976.ogg,3457.37109375,106340.10443687439,-0.647568143466524,-0.9986751793296098,3090.0146484375,3441.909485949121,3425.772302938726,
yetvir,XC325518.ogg,3050.79345703125,86718.77015095491,1.986695706881132,2.049349672189429,2896.2158203125,3039.000127795349,3028.498339609998,
yetvir,XC325519.ogg,3162.3046875,145120.43595314026,0.889058226692465,-1.1377727243067168,2906.982421875,3143.788380056244,3126.487987998094,
yetvir,XC325789.ogg,3246.8994140625,38403.156995773315,-0.5167359659050762,0.4444412896418828,2885.44921875,3241.050394346533,3235.046222112046,
yetvir,XC327903.ogg,3387.890625,38.63990306854248,-0.7071067811865475,-1.5,3391.4794921875,3387.886820544773,3387.8830134046925,
yetvir,XC329017.ogg,3093.327448918269,19462.621945601244,1.77128667335556,1.419713917039128,3025.4150390625,3090.562177709908,3087.930886117045,
yetvir,XC334205.ogg,,
yetvir,XC344165.ogg,,
yetvir,XC353822.ogg,,
yetvir,XC357422.ogg,43.15219590388446,92.72837806032948,1.698637583032463,8.059940538706249,43.06640625,42.16238164643149,41.14311584147425,
yetvir,XC362476.ogg,3319.7021484375,38.63990306854248,0.7071067811865475,-1.5,3316.11328125,3319.698271372851,3319.694397104482,
yetvir,XC362942.ogg,3587.431640625,38405.855655670166,0.5042306416502901,-1.2365575115350051,3456.0791015625,3582.51571902272,3577.684625359784,
yetvir,XC364309.ogg,,
yetvir,XC365940.ogg,3612.19482421875,85355.54587841034,0.0,-2.0,3359.1796875,3603.32274278948,3594.472452496274,
yetvir,XC368489.ogg,3351.725886418269,13183.63769696309,1.804109163521114,1.4558653936803756,3283.8134765625,3349.9786620211516,3348.297863211925,
yetvir,XC371698.ogg,,
yetvir,XC371699.ogg,,
yetvir,XC372011.ogg,2.1533203125,19.871950149536133,1.5,0.25,0.0,0.0,0.0,
yetvir,XC375106.ogg,40.1953125,73.9678144454956,1.368006566480333,2.2952773446201826,43.06640625,39.436880590045995,38.759765625000014,
yetvir,XC375955.ogg,,
yetvir,XC376747.ogg,3066.0888671875,1294613.852351904,-2.473701246297762,4.121672535221485,3456.0791015625,2050.628077119359,270.4164610603941,
yetvir,XC383356.ogg,5.38330078125,38.63990306854248,0.0,-2.0,0.0,0.0,0.0,
yetvir,XC385850.ogg,2989.200106534091,8418.48069971258,1.5116497748832802,1.2609654059924784,2950.048828125,2987.8944216217164,2986.626225118978,
yetvir,XC389085.ogg,3247.9248046875,246847.15676307678,-0.23884664652850976,-1.4999110312963504,2659.3505859375,3215.2252497596446,3181.8333540811127,
yetvir,XC411461.ogg,3434.5458984375,0.0,0.0,-3.0,3434.5458984375,3434.5458984374973,3434.5458984375,
yetvir,XC417449.ogg,47.1038818359375,229.76942360401154,-0.3847937820618241,-0.9354760165570974,43.06640625,44.580286922568455,41.67716733870968,
yetvir,XC417452.ogg,3474.38232421875,13241.894781589508,0.015977825488645174,-1.9700408029554803,3369.9462890625,3472.6673675385473,3470.9537816351108,
yetvir,XC417474.ogg,3373.0224609375,143.51963996887207,0.19201160638565623,-1.143491124260355,3359.1796875,3373.004233078628,3372.986012825477,
yetvir,XC417989.ogg,371.986083984375,1010166.7482272575,2.6662851170201987,5.1099944344357375,53.8330078125,68.2237708633074,47.60643433639852,
yetvir,XC417990.ogg,427.972412109375,1138356.3843369484,2.2676924852451736,3.142619785165145,53.8330078125,84.3928200765736,57.28786829054842,
yetvir,XC417991.ogg,3136.669921875,56762.017607688904,0.14149823383082194,-1.966019760963129,2928.515625,3128.2715184167946,3119.9524474548566,
yetvir,XC418068.ogg,3636.71875,680742.6593584173,0.7921226246455538,-1.1968135239051019,4877.2705078125,3556.320219047519,3485.1084692772733,
yetvir,XC418325.ogg,3139.8810135690787,31777.591862176596,2.139981627043168,5.711488416688784,2950.048828125,3135.412674939697,3131.2359427318497,
yetvir,XC420858.ogg,3109.1552734375,12223.089337348938,1.3866554797222268,1.7678709134233683,3100.78125,3107.458206871267,3105.809352758071,
yetvir,XC421946.ogg,3517.780010516827,95300.44634617292,0.02554919252524581,-1.6224660072841528,3208.447265625,3504.730989278096,3491.7095643867483,
yetvir,XC425392.ogg,3434.5458984375,42020.89458703995,1.3197175585617376,-0.22942544589774094,3337.646484375,3429.3592788009796,3424.4214540450125,
yetvir,XC460595.ogg,3165.380859375,82814.97225165367,0.8283610675166934,1.2097978458216607,2960.8154296875,3153.2730360081314,3141.5499447890625,
yetvir,XC467630.ogg,2895.13916015625,67256.61528110504,-0.41924425549172867,0.3493934959921212,2777.783203125,2883.694194664283,2871.768129570831,
yetvir,XC471316.ogg,3276.6357421875,38.63990306854248,0.7071067811865475,-1.5,3273.046875,3276.631814201829,3276.6278890864332,
yetvir,XC477410.ogg,2924.208984375,9187.464952468872,1.232941634826823,0.3392551288642247,2853.1494140625,2922.7789592711665,2921.384569579326,
yetvir,XC477608.ogg,3019.9065452398254,27314.945431642755,0.19297711985664923,-1.5535989120511813,2874.6826171875,3015.513935081113,3011.1527191688506,
yetvir,XC500348.ogg,3083.2855224609375,29772.735312581062,-2.200711915829429,2.9820788096277875,3122.314453125,3078.701002039385,3073.732257321654,
yetvir,XC501230.ogg,3338.184814453125,31405.027063993308,-3.539718596430111,11.967839348868013,3380.712890625,3332.9209638671555,3326.866672092002,
yetvir,XC54828.ogg,3096.474609375,34.77591276168823,-0.40824829046386296,-1.8333333333333333,3100.78125,3096.4701149646526,3096.4656184759915,
yetvir,XC553999.ogg,,
yetvir,XC55761.ogg,3343.02978515625,28477.608561515808,-1.1515458723523586,-0.6690256623629107,3423.779296875,3339.7222229868667,3336.3021704012817,
yetvir,XC558915.ogg,108.74267578125,2020.8669304847717,0.041706196185833655,-1.2966595863692698,86.1328125,99.46640081794483,89.74108341178268,
yetvir,XC562013.ogg,3581.3116776315787,13062.998809312521,-0.8171436044190741,-0.7778281805894456,3359.1796875,3579.5531605856595,3577.76412769843,
yetvir,XC562371.ogg,,
yetvir,XC563870.ogg,,
yetvir,XC565140.ogg,15.199908088235293,73.30216905649971,-0.087775339900743,-0.4513250405624656,10.7666015625,0.0,0.0,
yetvir,XC565814.ogg,3521.614937160326,23667.780627375065,-1.0195808704505147,0.406311192672991,3639.111328125,3518.298038173731,3514.874909440257,
yetvir,XC573213.ogg,3568.0517578125,34.77591276168823,0.40824829046386296,-1.8333333333333333,3563.7451171875,3568.0478607898262,3568.04396533851,
yetvir,XC574089.ogg,3168.072509765625,4794.107973575592,0.000430658878198751,-1.979346201687741,3100.78125,3167.410391663151,3166.7484101326045,
yetvir,XC574737.ogg,189.4921875,1136.013150215149,1.2332361516034986,-0.06236984589754302,183.0322265625,187.3466904826034,185.44434687144377,
yetvir,XC579823.ogg,3238.055419921875,956.3376009464264,1.0659491980021947,-0.7450260177532901,3219.2138671875,3237.945310607075,3237.83584657834,
yetvir,XC583859.ogg,3352.4505615234375,9967.024996876717,-1.0900297455095673,-0.6983454482519904,3391.4794921875,3351.1225778175167,3349.7674332994175,
yetvir,XC591680.ogg,,
yetvir,XC600085.ogg,3026.7608642578125,78090.62087728131,1.0364692273986917,-0.5805367634775682,2810.0830078125,3014.959863621804,3003.8596689320125,
yetvir,XC602701.ogg,3182.0201526988635,6080.013838681308,-1.3880543055401915,0.609042216644399,3229.98046875,3181.0871577053367,3180.1327950973537,
yetvir,XC614733.ogg,2642.841796875,1703023.9198207855,-1.4392551205769555,0.19143375555170916,3208.447265625,1738.145632268277,595.263708979158,
yetvir,XC615888.ogg,3509.3454461348683,63710.42122966364,-0.3658028678348154,-1.2644839108921868,3552.978515625,3500.5717468751095,3491.640208688774,
