#filename,mean,variance,skewness,kurtosis,mode,gmean,hmean
acafly,XC109605.ogg,,
acafly,XC11209.ogg,,
acafly,XC127032.ogg,,
acafly,XC129974.ogg,5870.1904296875,27964.68278940986,-0.014736966839380533,-1.601716043058305,5641.69921875,5867.939443171754,5865.688004550069,
acafly,XC129981.ogg,4859.700470906825,710473.2673702064,0.3070174346502289,-0.9820870259832453,4586.572265625,4788.0722017077715,4718.047409884038,
acafly,XC130056.ogg,10.7666015625,154.55961227416992,0.0,-2.0,0.0,0.0,
acafly,XC130133.ogg,0.0,0.0,0.0,-3.0,0.0,0.0,
acafly,XC130140.ogg,0.0,0.0,0.0,-3.0,0.0,0.0,
acafly,XC130750.ogg,6064.288330078125,274953.2702565193,1.154134463080912,-0.646184246533589,5781.6650390625,6045.577491924878,6027.998638513981,
acafly,XC131193.ogg,,
acafly,XC133047.ogg,4847.841796875,16037.767767906189,-0.08795106142118778,-1.4002322657152118,4780.37109375,4846.295125022796,4844.746056462983,
acafly,XC135020.ogg,5151.0498046875,1887.8352642059326,1.1088427137077153,-0.31299374166410177,5124.90234375,5150.893631679154,5150.738354199627,
acafly,XC135121.ogg,5063.37890625,45155.556723475456,-1.0773770049352667,-0.29612154395894086,5178.7353515625,5058.871777885562,5054.224686226332,
acafly,XC136287.ogg,5004.931640625,6935.31060218811,-1.9304191388369494,3.3555589650331283,5028.0029296875,5004.257465690468,5003.568605906754,
acafly,XC136290.ogg,4768.3125,1003433.074003458,-0.37919899918789174,-1.05298212760973,2788.5498046875,4657.848042128814,4538.052705882781,
acafly,XC136301.ogg,5580.6884765625,289.7992730140686,0.223606797749979,-0.8700000000000001,5566.3330078125,5580.66540677012,5580.642346752524,
acafly,XC137858.ogg,5564.794921875,441.59889221191406,-1.0939504280644987,0.30109374999999927,5566.3330078125,5564.760824934398,5564.726640523816,
acafly,XC137859.ogg,5155.6640625,1755.3555965423584,-0.6172335454881782,-1.1782069538388515,5092.6025390625,5155.517689001556,5155.370861094398,
acafly,XC138090.ogg,5143.359375,174503.1876098819,3.4179389285543382,11.909893725258199,5114.1357421875,5129.217582099126,5117.0710074093195,
acafly,XC138091.ogg,4384.698486328125,434242.9586648941,0.2522848044063449,-1.9342000449890793,3822.1435546875,4339.148072097079,4295.136240706953,
acafly,XC138092.ogg,4632.330322265625,770758.4264874458,0.5776688513360846,-1.595035517220085,3994.4091796875,4563.607661976254,4500.039409832301,
acafly,XC157337.ogg,2780.6305688274792,665850.090584479,2.824456972061525,24.07395287319752,2013.3544921875,2612.904073114204,1931.118866102432,
acafly,XC163936.ogg,4991.396484375,778609.5027923584,-1.499616752640641,0.24948712083121993,5394.0673828125,4916.314919577324,4827.81347239266,
acafly,XC166392.ogg,5767.66845703125,1752.9636025428772,-0.37092471798554966,-0.4108499552723308,5760.1318359375,5767.531449129484,5767.3942012364705,
acafly,XC178213.ogg,5102.1728515625,210576.86469134162,-0.4533837116235427,-1.7890070639665552,4532.7392578125,5082.111881592616,5061.583624655162,
acafly,XC178214.ogg,4869.087890625,176.58435702323914,0.3467662907146704,-0.5579701123778422,4855.7373046875,4869.070493386741,4869.05310679276,
acafly,XC182091.ogg,5254.1015625,45749.6452331543,-2.0312926646267058,2.145024167960189,5329.4677734375,5250.166101997345,5246.019064587633,
acafly,XC197247.ogg,,
acafly,XC203555.ogg,,
acafly,XC215798.ogg,71.77734375,77.27980613708496,0.6260990336999411,-0.9600000000000004,64.599609375,71.34583271365086,70.93290441176471,
acafly,XC237866.ogg,3723.44970703125,65.68783521652222,0.2282688235636075,-0.8927335640138407,3725.244140625,3723.4423585388727,3723.435012251675,
acafly,XC240038.ogg,3839.8563508064517,468594.4502977303,3.460260072880937,22.179862140148092,3617.578125,3791.763399079763,3749.9461909824195,
acafly,XC240101.ogg,528.8154069767442,783314.7903375847,6.303091446682784,37.82997198242391,376.8310546875,417.8856867158983,398.7294388091475,
acafly,XC244719.ogg,6424.969482421875,8771.257996559143,-0.4825058444606798,-1.5452254070523395,6319.9951171875,6424.326586144572,6423.6807903545,
acafly,XC246420.ogg,,
acafly,XC247271.ogg,5247.821044921875,87564.92033600807,1.5869446537930623,3.1567403278113515,5211.03515625,5240.122851639049,5232.800603376075,
acafly,XC247436.ogg,,
acafly,XC247829.ogg,,
acafly,XC247837.ogg,,
acafly,XC247939.ogg,5460.933645148027,203330.6267700697,-0.3388075728932202,-1.8215951395642247,5803.1982421875,5442.935715519194,5424.656000327225,
acafly,XC248218.ogg,,
acafly,XC248888.ogg,34.991455078125,28.97992730140686,1.1547005383792515,-0.6666666666666665,32.2998046875,34.708398920960605,34.453125,
acafly,XC250814.ogg,977.3681640625,3239.3118739128113,-1.316536678455194,-0.20910619780324025,1001.2939453125,975.8186430934476,974.191968480362,
acafly,XC250815.ogg,6310.30517578125,19485.49301373331,0.428246340335595,-1.0567725343581165,6190.7958984375,6308.846973249862,6307.39750094254,
acafly,XC250816.ogg,,
acafly,XC254311.ogg,5419.9072265625,520.3506946563721,-0.18620002866305735,-1.2896774825997448,5404.833984375,5419.864001443683,5419.82075476555,
acafly,XC262224.ogg,6211.56005859375,935.6376528739929,-1.1784065350696267,0.6075355393355126,6223.095703125,6211.489860780509,6211.419398898975,
acafly,XC262225.ogg,5945.556640625,2804.6129643917084,-0.48254395155430424,-1.459237636774179,5953.9306640625,5945.346415034796,5945.135622454193,
acafly,XC265805.ogg,71.0595703125,56.671857833862305,0.6578429336242115,-0.6280991735537191,64.599609375,70.71352409769355,70.38089737354086,
acafly,XC275970.ogg,3457.121030745968,5520.5203448572465,0.1864265588182102,-0.9938383214023667,3369.9462890625,3456.3501338154424,3455.58110302451,
acafly,XC275971.ogg,382.8125,20374.16473874506,-1.1338606793430936,-0.4431938441728689,484.4970703125,341.45428824531353,285.4158783251894,
acafly,XC284299.ogg,67.82958984375,181.60754442214966,0.12184325666494317,-1.5485136562547157,53.8330078125,66.62376592845291,65.44099357814763,
acafly,XC286544.ogg,5394.0673828125,77.27980613708496,0.0,-1.2500000000000002,5394.0673828125,5394.061242740138,5394.055102664287,
acafly,XC299420.ogg,6012.548828125,9276.796728372574,1.4214656013930427,1.1336438534144095,5975.4638671875,6011.872629986392,6011.205849244904,
acafly,XC299456.ogg,5456.709428267045,81255.50089099191,-0.18432761780038062,-1.9558566782894207,5167.96875,5449.894741733728,5443.046423824599,
acafly,XC302201.ogg,6422.767223011364,5410.288973288102,1.944783270390807,2.978850332704063,6373.828125,6422.389630059361,6422.017259693744,
acafly,XC310335.ogg,,
acafly,XC31063.ogg,,
acafly,XC31224.ogg,1348.9013671875,5105633.912086487,0.9486745075790429,-1.0999851784936094,21.533203125,112.34420141067476,34.71032333412531,
acafly,XC31225.ogg,26.91650390625,38.63990306854248,0.0,-2.0,21.533203125,26.37268009197709,25.83984375,
acafly,XC314750.ogg,5575.7537841796875,383213.91059046093,-2.2438024669117342,5.088967216326891,6029.296875,5534.399752886343,5483.110227549781,
acafly,XC316116.ogg,5303.995569740854,220501.0571959542,0.42348997630108054,-1.0002949720015166,4952.63671875,5284.107969120251,5264.654592970812,
acafly,XC318882.ogg,5923.7841796875,48243.20697784424,2.450695625654011,4.46523720681476,5889.3310546875,5920.315368835183,5917.0327242428875,
acafly,XC319105.ogg,5377.600815716912,291.5039746200337,0.055341514749487196,-1.0336000820765359,5372.5341796875,5377.575309229752,5377.549805528606,
acafly,XC319240.ogg,5315.359812769397,61935.101182296356,-0.4865678216651557,-1.664173725502193,4963.4033203125,5309.645555882703,5303.849418974972,
acafly,XC319271.ogg,,
acafly,XC319607.ogg,4977.041015625,6697.9511976242065,-0.5860495518606558,-0.7726857926713593,4931.103515625,4976.408952521899,4975.772872621356,
acafly,XC320422.ogg,5584.27734375,115.91970920562744,-0.08838834764831843,-0.9375,5577.099609375,5584.268116858309,5584.258888961227,
acafly,XC321796.ogg,,
acafly,XC324813.ogg,2255.188927283654,6838772.413593072,0.49643744692782155,-1.720685867105481,204.5654296875,850.0012469145479,407.0745210561119,
acafly,XC324915.ogg,1279.072265625,221603.70808839798,1.4986478044314455,0.24820987438644693,1076.66015625,1225.586986198661,1186.2394039765366,
acafly,XC324931.ogg,5251.11083984375,14194.103216423708,2.979545829242183,9.216690980472583,5243.3349609375,5249.886884828628,5248.712756141,
acafly,XC326699.ogg,6089.2822265625,157021.52609825134,-0.09015760638693626,-1.6607460038829838,6513.7939453125,6077.2447671009895,6065.169840152733,
acafly,XC328245.ogg,,
acafly,XC340324.ogg,7052.1240234375,347.7591276168823,-0.4592793267718459,-0.9374999999999996,7052.1240234375,7052.102089854324,7052.080139463886,
acafly,XC342676.ogg,5721.1029052734375,483090.9781255152,-1.2602341303071816,-0.21951791552772626,5996.9970703125,5675.808604560379,5625.572776166987,
acafly,XC342677.ogg,7051.204923304116,2821403.2937622657,-3.6676031054499316,11.648574804082191,7353.5888671875,6137.328011493263,2195.5422128915548,
acafly,XC351341.ogg,6445.8815354567305,535884.9264566716,-2.8162021080180213,6.69955853927088,6395.361328125,6396.692377740179,6333.609247750113,
acafly,XC354274.ogg,5944.95849609375,1363.9885783195496,1.6042777856054953,0.8623293662576539,5921.630859375,5944.863472398804,5944.769021353746,
acafly,XC358461.ogg,34.453125,97.88775444030762,0.5071295169770312,-0.3213296398891967,32.2998046875,33.201237144908106,31.980004641089113,
acafly,XC358865.ogg,16.748046875,32.1999192237854,-0.22360679774997896,-1.95,21.533203125,15.8240456809946,14.90760216346154,
acafly,XC370169.ogg,5194.88525390625,1821.5954303741455,0.7943300197748743,-0.9646280991735541,5157.2021484375,5194.732461217082,5194.580288056828,
acafly,XC370596.ogg,5421.58203125,127080.20120859146,-0.7048897840556246,-1.4451860985262053,5641.69921875,5410.838432415354,5399.789521533243,
acafly,XC370756.ogg,,
acafly,XC371468.ogg,2.691650390625,23.710849610241976,1.1547005383792515,-0.666666666666667,0.0,0.0,
acafly,XC371473.ogg,3.399979440789474,26.43782841531854,0.7925939239012169,-1.3717948717948725,0.0,0.0,
acafly,XC371474.ogg,5.099969161184211,43.38515432257402,0.8493567781830597,-0.2712402343750018,0.0,0.0,
acafly,XC372010.ogg,13.1591796875,196.41950726509094,0.29238593394059265,-1.5483740929857566,0.0,0.0,
acafly,XC372200.ogg,2969.78759765625,6557.191550731659,0.6902851910072945,-1.4841880138578634,2917.7490234375,2968.8778666865137,2967.97866215317,
acafly,XC373653.ogg,95.02696161684783,17.410865414283965,-1.7206180040292145,0.9605263157894779,96.8994140625,94.93471699494545,94.83772440159571,
acafly,XC375317.ogg,5233.4183542351975,409.6764118369579,-0.8079699654486261,1.6847168484045865,5232.568359375,5233.380164313495,5233.34189426439,
acafly,XC402426.ogg,726.5599744073276,151321.75970694114,0.9399637265731398,-0.25012030945510944,559.86328125,633.6774707424814,545.1693418299526,
acafly,XC402427.ogg,628.6759086277174,34688.85843461681,-1.5279593786056567,0.6336132636401981,753.662109375,587.7674393436608,529.6264930702711,
acafly,XC405039.ogg,5411.145440463362,126331.92584432404,-1.4104919545456682,2.435915139283697,5049.5361328125,5399.05058209684,5386.022609495802,
acafly,XC407519.ogg,,
acafly,XC407863.ogg,1504.425518329327,328886.1176948035,-1.4738092342390183,1.0151450553190866,172.265625,1243.9472242627903,723.4509661963691,
acafly,XC416438.ogg,4724.1455078125,297791.29296541214,-0.5479718485768201,-1.572880556510139,4015.9423828125,4694.845253451655,4664.462078881448,
acafly,XC416786.ogg,44.6044921875,16.559958457946777,2.041241452319315,2.166666666666667,43.06640625,44.46137816963972,44.33306525735294,
acafly,XC417181.ogg,5331.36776194853,95999.41858912216,1.675900180863713,1.762498992395054,5221.8017578125,5323.375632539244,5315.839419391979,
acafly,XC418306.ogg,6180.029296875,115.91970920562744,0.0,-1.5,6169.2626953125,6180.023044486818,6180.016792098629,
acafly,XC420873.ogg,5392.27294921875,13900.136895039503,-3.291752580590642,10.32637583760585,5404.833984375,5390.99512639738,5389.653383414454,
acafly,XC428400.ogg,5388.2354736328125,38001.29467054554,0.6309865788587294,-1.1639623575192937,5221.8017578125,5384.903688293119,5381.6208865476565,
acafly,XC442565.ogg,,
acafly,XC453776.ogg,,
acafly,XC454273.ogg,,
acafly,XC454428.ogg,377.728271484375,133254.09662994472,7.73838501608969e-05,-1.9891581305952621,10.7666015625,129.81582958268817,37.03101858241303,
acafly,XC454560.ogg,,
acafly,XC455147.ogg,6138.1591796875,6272.544264793396,2.128650887275623,3.1942277974777475,6083.1298828125,6137.712658712406,6137.273672898937,
acafly,XC475321.ogg,14.8040771484375,97.28975594043732,0.39104231763265346,-0.46627433227704795,10.7666015625,0.0,
acafly,XC476751.ogg,,
acafly,XC477408.ogg,5343.511166779891,54307.69649183327,0.1214274513724335,-1.7858440089538101,5081.8359375,5338.664087601083,5333.836237956617,
acafly,XC482984.ogg,4965.556640625,81.14379644393921,-0.3436215967445456,-1.153061224489796,4963.4033203125,4965.55010165202,4965.543560243416,
acafly,XC483506.ogg,5684.765625,231.83941841125488,0.0,-1.2500000000000002,5673.9990234375,5684.748146683538,5684.730668340204,
acafly,XC493597.ogg,4473.239617598684,92637.47287423987,-0.40927836992635963,-0.16447662154107245,4414.306640625,4463.199746885058,4452.920393257671,
acafly,XC499566.ogg,,
acafly,XC51408.ogg,5625.54931640625,347.7591276168823,-0.8888888888888888,-0.8148148148148153,5630.9326171875,5625.52609512958,5625.5028342844735,
acafly,XC51409.ogg,6535.3271484375,77.27980613708496,0.0,-1.0000000000000002,6535.3271484375,6535.322714083082,6535.3182797256595,
acafly,XC517939.ogg,4457.8216552734375,1876896.1216476948,0.24208652610009948,-1.8389926816702142,5534.033203125,4260.358160684887,4078.747895298618,
acafly,XC533302.ogg,,
acafly,XC533945.ogg,,
acafly,XC541149.ogg,1652.67333984375,4793511.815071106,0.8162077158227531,-0.9516123660252509,86.1328125,375.02548321531725,139.47496044882487,
acafly,XC541152.ogg,2763.0289713541665,5763841.35425091,-0.21777301389845738,-1.9440702394844813,4748.0712890625,961.6246227287776,265.264948760641,
acafly,XC548848.ogg,31.761474609375,17.998060113505314,-0.48986335996174407,3.5374892272335527,32.2998046875,31.465722420042734,31.13234186746988,
acafly,XC549449.ogg,1810.58349609375,6294745.088125148,0.9580903280272556,-0.8372682105188964,96.8994140625,394.01812817756286,154.50271711779945,
acafly,XC569943.ogg,4828.147888183594,16736.37046221089,-0.14698753127408468,-0.21052784781667322,4952.63671875,4826.444984952272,4824.736060527775,
acafly,XC569946.ogg,5420.98388671875,695.5182552337646,-0.3740878118331298,-1.564625850340136,5394.0673828125,5420.927690732926,5420.8714311178055,
acafly,XC579060.ogg,5225.1145582932695,9976.525742274063,-0.1364124682534724,-1.6844055999097631,5297.16796875,5224.2317304412845,5223.347486072963,
acafly,XC580740.ogg,5269.578552246094,1365456.4116373658,0.24949186653050334,-1.916636392857138,4338.9404296875,5150.929838263736,5038.779278727705,
acafly,XC583856.ogg,5119.345388104839,98577.1235496767,-1.0810254647362962,-0.7406400760239724,5264.8681640625,5109.590669690705,5099.403473399087,
acafly,XC594106.ogg,5087.099609375,636681.7431937564,1.285963384267473,0.2515623863383327,4705.0048828125,5032.425462802873,4983.960622506754,
acafly,XC600277.ogg,5012.9296875,315911.0155105591,-0.5621703459137075,-0.8878932816596534,4941.8701171875,4982.0126420036995,4949.6438932024885,
acafly,XC6671.ogg,6287.6953125,115.91970920562744,0.0,-1.5,6276.9287109375,6287.689167173462,6287.683021846935,
